	time	ins	cycle	memory	branchm	ins_d	cycle_d	memory_d	branchm_d
0	0.001	0	28447	6738.0	2390.0	0.0	0.0	0.0	0.0
1	0.0011	45907	58035	19600.0	0.0	45907.0	29588.0	12862.0	-2390.0
2	0.0012	54138	73834	29301.0	0.0	8231.0	15799.0	9701.0	0.0
3	0.0013	194799	40540	49849.0	1117.0	140661.0	-33294.0	20548.0	1117.0
4	0.0014	181973	89805	65860.0	0.0	-12826.0	49265.0	16011.0	-1117.0
5	0.0015	106571	50582	83883.0	0.0	-75402.0	-39223.0	18023.0	0.0
6	0.0016	244035	113288	66284.0	1033.0	137464.0	62706.0	-17599.0	1033.0
7	0.0017	136235	62927	85890.0	0.0	-107800.0	-50361.0	19606.0	-1033.0
8	0.0018	293631	136013	79210.0	952.0	157396.0	73086.0	-6680.0	952.0
9	0.0019	157772	71624	60463.0	0.0	-135859.0	-64389.0	-18747.0	-952.0
10	0.002	162590	74334	62509.0	887.0	4818.0	2710.0	2046.0	887.0
11	0.0021	168450	76209	103855.0	0.0	5860.0	1875.0	41346.0	-887.0
12	0.0022	351365	78461	93942.0	831.0	182915.0	2252.0	-9913.0	831.0
13	0.0023	181845	161713	69108.0	0.0	-169520.0	83252.0	-24834.0	-831.0
14	0.0024	184453	82902	70252.0	780.0	2608.0	-78811.0	1144.0	780.0
15	0.0025	188097	84436	71281.0	739.0	3644.0	1534.0	1029.0	-41.0
16	0.0026	190052	85283	72127.0	0.0	1955.0	847.0	846.0	-739.0
17	0.0027	193182	86573	72670.0	706.0	3130.0	1290.0	543.0	706.0
18	0.0028	194632	87215	73529.0	0.0	1450.0	642.0	859.0	-706.0
19	0.0029	197368	88296	74219.0	672.0	2736.0	1081.0	690.0	672.0
20	0.003	198423	88724	74872.0	641.0	1055.0	428.0	653.0	-31.0
21	0.0031	200655	89636	75408.0	621.0	2232.0	912.0	536.0	-20.0
22	0.0032	201459	89947	75694.0	0.0	804.0	311.0	286.0	-621.0
23	0.0033	201975	90143	76165.0	600.0	516.0	196.0	471.0	600.0
24	0.0034	202486	90324	76577.0	581.0	511.0	181.0	412.0	-19.0
25	0.0035	204448	91049	76719.0	0.0	1962.0	725.0	142.0	-581.0
26	0.0036	204707	91178	77087.0	565.0	259.0	129.0	368.0	565.0
27	0.0037	204956	91264	77216.0	548.0	249.0	86.0	129.0	-17.0
28	0.0038	208098	91313	108859.0	539.0	3142.0	49.0	31643.0	-9.0
29	0.0039	208240	91377	46076.0	531.0	142.0	64.0	-62783.0	-8.0
30	0.004	206921	91988	77520.0	510.0	-1319.0	611.0	31444.0	-21.0
31	0.0041	198671	89271	74485.0	495.0	-8250.0	-2717.0	-3035.0	-15.0
32	0.0042	194006	87204	72985.0	0.0	-4665.0	-2067.0	-1500.0	-495.0
33	0.0043	194575	87415	73153.0	488.0	569.0	211.0	168.0	488.0
34	0.0044	195713	87856	73803.0	481.0	1138.0	441.0	650.0	-7.0
35	0.0045	200050	88289	118527.0	479.0	4337.0	433.0	44724.0	-2.0
36	0.0046	201098	88663	105393.0	478.0	1048.0	374.0	-13134.0	-1.0
37	0.0047	403094	89598	75561.0	478.0	201996.0	935.0	-29832.0	0.0
38	0.0048	202206	90274	75742.0	476.0	-200888.0	676.0	181.0	-2.0
39	0.0049	204019	90479	75936.0	476.0	1813.0	205.0	194.0	0.0
40	0.005	204569	90101	76482.0	472.0	550.0	-378.0	546.0	-4.0
41	0.0051	204698	90243	76581.0	471.0	129.0	142.0	99.0	-1.0
42	0.0052	203700	90393	76713.0	471.0	-998.0	150.0	132.0	0.0
43	0.0053	203820	91122	76787.0	467.0	120.0	729.0	74.0	-4.0
44	0.0054	204087	91254	77070.0	467.0	267.0	132.0	283.0	0.0
45	0.0055	205842	91324	77227.0	467.0	1755.0	70.0	157.0	0.0
46	0.0056	206004	90875	77219.0	468.0	162.0	-449.0	-8.0	1.0
47	0.0057	206110	90927	77272.0	467.0	106.0	52.0	53.0	-1.0
48	0.0058	204916	91024	77290.0	467.0	-1194.0	97.0	18.0	0.0
49	0.0059	204970	91677	77318.0	462.0	54.0	653.0	28.0	-5.0
50	0.006	208111	183532	77374.0	462.0	3141.0	91855.0	56.0	0.0
51	0.0061	208290	0	77363.0	462.0	179.0	-183532.0	-11.0	0.0
52	0.0062	208231	183588	77470.0	462.0	-59.0	183588.0	107.0	0.0
53	0.0063	206723	92373	77416.0	463.0	-1508.0	-91215.0	-54.0	1.0
54	0.0064	206543	92375	77429.0	463.0	-180.0	2.0	13.0	0.0
55	0.0065	206508	92311	77408.0	464.0	-35.0	-64.0	-21.0	1.0
56	0.0066	206438	92252	77403.0	463.0	-70.0	-59.0	-5.0	-1.0
57	0.0067	206412	92191	77412.0	466.0	-26.0	-61.0	9.0	3.0
58	0.0068	207493	92176	77644.0	466.0	1081.0	-15.0	232.0	0.0
59	0.0069	208902	91987	77886.0	466.0	1409.0	-189.0	242.0	0.0
60	0.007	208777	0	77823.0	466.0	-125.0	-91987.0	-63.0	0.0
61	0.0071	208575	183873	77815.0	467.0	-202.0	183873.0	-8.0	1.0
62	0.0072	206995	92461	77744.0	466.0	-1580.0	-91412.0	-71.0	-1.0
63	0.0073	206772	92435	77707.0	466.0	-223.0	-26.0	-37.0	0.0
64	0.0074	206689	92355	77662.0	466.0	-83.0	-80.0	-45.0	0.0
65	0.0075	206578	92281	77616.0	0.0	-111.0	-74.0	-46.0	-466.0
66	0.0076	206526	92219	77600.0	466.0	-52.0	-62.0	-16.0	466.0
67	0.0077	206439	0	77538.0	465.0	-87.0	-92219.0	-62.0	-1.0
68	0.0078	207876	92160	77591.0	466.0	1437.0	92160.0	53.0	1.0
69	0.0079	207816	183162	77536.0	465.0	-60.0	91002.0	-55.0	-1.0
70	0.008	0	0	77520.0	465.0	-207816.0	-183162.0	-16.0	0.0
71	0.0081	206250	92030	76809.0	458.0	206250.0	92030.0	-711.0	-7.0
72	0.0082	203258	90839	76341.0	459.0	-2992.0	-1191.0	-468.0	1.0
73	0.0083	406580	90763	76390.0	458.0	203322.0	-76.0	49.0	-1.0
74	0.0084	203629	90837	76455.0	458.0	-202951.0	74.0	65.0	0.0
75	0.0085	203906	90928	76604.0	458.0	277.0	91.0	149.0	0.0
76	0.0086	204103	91013	76667.0	458.0	197.0	85.0	63.0	0.0
77	0.0087	204369	91080	76756.0	457.0	266.0	67.0	89.0	-1.0
78	0.0088	205750	91146	77446.0	457.0	1381.0	66.0	690.0	0.0
79	0.0089	207377	91242	77662.0	457.0	1627.0	96.0	216.0	0.0
80	0.009	207524	91143	77712.0	457.0	147.0	-99.0	50.0	0.0
81	0.0091	206029	91196	77355.0	463.0	-1495.0	53.0	-357.0	6.0
82	0.0092	205935	91814	77353.0	463.0	-94.0	618.0	-2.0	0.0
83	0.0093	205984	91882	77688.0	461.0	49.0	68.0	335.0	-2.0
84	0.0094	206010	91889	77704.0	459.0	26.0	7.0	16.0	-2.0
85	0.0095	206093	91872	77720.0	460.0	83.0	-17.0	16.0	1.0
86	0.0096	206091	91850	77669.0	460.0	-2.0	-22.0	-51.0	0.0
87	0.0097	207693	91841	77709.0	461.0	1602.0	-9.0	40.0	1.0
88	0.0098	207295	183223	77884.0	463.0	-398.0	91382.0	175.0	2.0
89	0.0099	207179	92330	78028.0	463.0	-116.0	-90893.0	144.0	0.0
90	0.01	207029	92305	77975.0	460.0	-150.0	-25.0	-53.0	-3.0
91	0.0101	206995	92258	78145.0	460.0	-34.0	-47.0	170.0	0.0
92	0.0102	208062	0	78371.0	462.0	1067.0	-92258.0	226.0	2.0
93	0.0103	209350	92228	78414.0	462.0	1288.0	92228.0	43.0	0.0
94	0.0104	209245	184009	78413.0	462.0	-105.0	91781.0	-1.0	0.0
95	0.0105	207618	92509	78261.0	462.0	-1627.0	-91500.0	-152.0	0.0
96	0.0106	207405	92501	78209.0	462.0	-213.0	-8.0	-52.0	0.0
97	0.0107	207243	92423	78100.0	462.0	-162.0	-78.0	-109.0	0.0
98	0.0108	207171	92357	78069.0	463.0	-72.0	-66.0	-31.0	1.0
99	0.0109	207065	92287	77999.0	462.0	-106.0	-70.0	-70.0	-1.0
100	0.011	207062	92228	77958.0	462.0	-3.0	-59.0	-41.0	0.0
101	0.0111	208128	0	78169.0	462.0	1066.0	-92228.0	211.0	0.0
102	0.0112	209440	92203	78301.0	463.0	1312.0	92203.0	132.0	1.0
103	0.0113	209307	183980	78242.0	462.0	-133.0	91777.0	-59.0	-1.0
104	0.0114	207736	92525	78133.0	464.0	-1571.0	-91455.0	-109.0	2.0
105	0.0115	207520	92517	78141.0	463.0	-216.0	-8.0	8.0	-1.0
106	0.0116	207383	92448	78035.0	464.0	-137.0	-69.0	-106.0	1.0
107	0.0117	207287	92396	78034.0	463.0	-96.0	-52.0	-1.0	-1.0
108	0.0118	207266	92337	77957.0	464.0	-21.0	-59.0	-77.0	1.0
109	0.0119	207218	0	77951.0	459.0	-48.0	-92337.0	-6.0	-5.0
110	0.012	0	92297	31582.0	453.0	-207218.0	92297.0	-46369.0	-6.0
111	0.0121	209784	92209	91260.0	450.0	209784.0	-88.0	59678.0	-3.0
112	0.0122	203702	90760	76950.0	452.0	-6082.0	-1449.0	-14310.0	2.0
113	0.0123	407136	89960	107607.0	457.0	203434.0	-800.0	30657.0	5.0
114	0.0124	208249	183186	77950.0	463.0	-198887.0	93226.0	-29657.0	6.0
115	0.0125	210487	93199	78763.0	473.0	2238.0	-89987.0	813.0	10.0
116	0.0126	211090	94143	79567.0	474.0	603.0	944.0	804.0	1.0
117	0.0127	214420	94968	80262.0	483.0	3330.0	825.0	695.0	9.0
118	0.0128	214726	95708	80861.0	486.0	306.0	740.0	599.0	3.0
119	0.0129	216112	96355	81399.0	489.0	1386.0	647.0	538.0	3.0
120	0.013	217549	96954	81929.0	488.0	1437.0	599.0	530.0	-1.0
121	0.0131	220382	97479	82406.0	490.0	2833.0	525.0	477.0	2.0
122	0.0132	221615	97958	82840.0	493.0	1233.0	479.0	434.0	3.0
123	0.0133	222389	98375	83145.0	494.0	774.0	417.0	305.0	1.0
124	0.0134	223153	98738	83511.0	495.0	764.0	363.0	366.0	1.0
125	0.0135	223780	99077	83738.0	497.0	627.0	339.0	227.0	2.0
126	0.0136	224345	99360	83972.0	499.0	565.0	283.0	234.0	2.0
127	0.0137	224896	99625	84223.0	501.0	551.0	265.0	251.0	2.0
128	0.0138	225228	99853	84353.0	501.0	332.0	228.0	130.0	0.0
129	0.0139	225672	100039	84555.0	502.0	444.0	186.0	202.0	1.0
130	0.014	226063	100222	84708.0	504.0	391.0	183.0	153.0	2.0
131	0.0141	226251	100366	84810.0	504.0	188.0	144.0	102.0	0.0
132	0.0142	226583	100487	84964.0	506.0	332.0	121.0	154.0	2.0
133	0.0143	226780	100621	85028.0	507.0	197.0	134.0	64.0	1.0
134	0.0144	226928	100727	85108.0	507.0	148.0	106.0	80.0	0.0
135	0.0145	227229	100821	85253.0	507.0	301.0	94.0	145.0	0.0
136	0.0146	227519	100923	85330.0	507.0	290.0	102.0	77.0	0.0
137	0.0147	227620	100992	85397.0	508.0	101.0	69.0	67.0	1.0
138	0.0148	227833	101053	85489.0	508.0	213.0	61.0	92.0	0.0
139	0.0149	227885	101115	85480.0	510.0	52.0	62.0	-9.0	2.0
140	0.015	227773	101145	85474.0	511.0	-112.0	30.0	-6.0	1.0
141	0.0151	227908	101187	85541.0	511.0	135.0	42.0	67.0	0.0
142	0.0152	228033	101243	85586.0	511.0	125.0	56.0	45.0	0.0
143	0.0153	228068	101286	85555.0	512.0	35.0	43.0	-31.0	1.0
144	0.0154	228025	101281	85606.0	512.0	-43.0	-5.0	51.0	0.0
145	0.0155	228085	101316	85623.0	512.0	60.0	35.0	17.0	0.0
146	0.0156	228113	101342	85599.0	512.0	28.0	26.0	-24.0	0.0
147	0.0157	228258	101371	85691.0	512.0	145.0	29.0	92.0	0.0
148	0.0158	228427	101412	85766.0	512.0	169.0	41.0	75.0	0.0
149	0.0159	228428	101431	85741.0	511.0	1.0	19.0	-25.0	-1.0
150	0.016	228424	101442	85681.0	511.0	-4.0	11.0	-60.0	0.0
151	0.0161	228116	101278	84967.0	505.0	-308.0	-164.0	-714.0	-6.0
152	0.0162	224871	99934	84435.0	505.0	-3245.0	-1344.0	-532.0	0.0
153	0.0163	224858	99950	84520.0	506.0	-13.0	16.0	85.0	1.0
154	0.0164	225355	100115	84717.0	507.0	497.0	165.0	197.0	1.0
155	0.0165	225688	100273	84790.0	507.0	333.0	158.0	73.0	0.0
156	0.0166	225912	100419	84905.0	508.0	224.0	146.0	115.0	1.0
157	0.0167	226222	100545	85021.0	510.0	310.0	126.0	116.0	2.0
158	0.0168	226393	100653	85039.0	510.0	171.0	108.0	18.0	0.0
159	0.0169	226649	100747	85142.0	510.0	256.0	94.0	103.0	0.0
160	0.017	226921	100844	85263.0	510.0	272.0	97.0	121.0	0.0
161	0.0171	227061	100935	85281.0	511.0	140.0	91.0	18.0	1.0
162	0.0172	227279	101025	85366.0	512.0	218.0	90.0	85.0	1.0
163	0.0173	227357	101090	85444.0	5837.0	78.0	65.0	78.0	5325.0
