	time	ins	cycle	memory	branchm	ins_d	cycle_d	memory_d	branchm_d
0	0.001	26081.0	58474	6919.0	1521	0.0	0.0	0.0	0.0
1	0.0011	53442.0	70135	35550.0	0	27361.0	11661.0	28631.0	-1521.0
2	0.0012	117798.0	40350	47233.0	1039	64356.0	-29785.0	11683.0	1039.0
3	0.0013	232803.0	87485	62713.0	0	115005.0	47135.0	15480.0	-1039.0
4	0.0014	106616.0	103291	80899.0	984	-126187.0	15806.0	18186.0	984.0
5	0.0015	240517.0	58012	65709.0	0	133901.0	-45279.0	-15190.0	-984.0
6	0.0016	132626.0	61442	84027.0	912	-107891.0	3430.0	18318.0	912.0
7	0.0017	290420.0	133908	78446.0	0	157794.0	72466.0	-5581.0	-912.0
8	0.0018	154776.0	71136	59170.0	851	-135644.0	-62772.0	-19276.0	851.0
9	0.0019	161407.0	73939	61518.0	0	6631.0	2803.0	2348.0	-851.0
10	0.002	167665.0	76530	102502.0	797	6258.0	2591.0	40984.0	797.0
11	0.0021	348302.0	158456	92947.0	0	180637.0	81926.0	-9555.0	-797.0
12	0.0022	180858.0	81389	68553.0	751	-167444.0	-77067.0	-24394.0	751.0
13	0.0023	185027.0	83029	70271.0	0	4169.0	1640.0	1718.0	-751.0
14	0.0024	187381.0	84006	71088.0	713	2354.0	977.0	817.0	713.0
15	0.0025	190826.0	85434	72014.0	679	3445.0	1428.0	926.0	-34.0
16	0.0026	192456.0	86164	72979.0	0	1630.0	730.0	965.0	-679.0
17	0.0027	195277.0	87329	73592.0	647	2821.0	1165.0	613.0	647.0
18	0.0028	196579.0	87854	74294.0	625	1302.0	525.0	702.0	-22.0
19	0.0029	197493.0	88279	74693.0	0	914.0	425.0	399.0	-625.0
20	0.003	199762.0	89211	72078.0	564	2269.0	932.0	-2615.0	564.0
21	0.0031	187074.0	84271	69235.0	539	-12688.0	-4940.0	-2843.0	-25.0
22	0.0032	182075.0	82096	68860.0	524	-4999.0	-2175.0	-375.0	-15.0
23	0.0033	185082.0	83316	111693.0	518	3007.0	1220.0	42833.0	-6.0
24	0.0034	187169.0	84215	71492.0	512	2087.0	899.0	-40201.0	-6.0
25	0.0035	383615.0	85003	101375.0	0	196446.0	788.0	29883.0	-512.0
26	0.0036	194868.0	85581	73111.0	509	-188747.0	578.0	-28264.0	509.0
27	0.0037	195676.0	173628	74015.0	503	808.0	88047.0	904.0	-6.0
28	0.0038	199773.0	88340	74512.0	497	4097.0	-85288.0	497.0	-6.0
29	0.0039	200703.0	88767	74838.0	496	930.0	427.0	326.0	-1.0
30	0.004	200013.0	89653	75139.0	493	-690.0	886.0	301.0	-3.0
31	0.0041	200460.0	89938	75290.0	492	447.0	285.0	151.0	-1.0
32	0.0042	200993.0	90139	75858.0	487	533.0	201.0	568.0	-5.0
33	0.0043	202540.0	90313	76297.0	486	1547.0	174.0	439.0	-1.0
34	0.0044	204457.0	90322	76525.0	485	1917.0	9.0	228.0	-1.0
35	0.0045	204717.0	90451	76685.0	483	260.0	129.0	160.0	-2.0
36	0.0046	204807.0	90572	76712.0	481	90.0	121.0	27.0	-2.0
37	0.0047	204745.0	91277	77047.0	479	-62.0	705.0	335.0	-2.0
38	0.0048	206302.0	91247	77601.0	473	1557.0	-30.0	554.0	-6.0
39	0.0049	207939.0	91869	77575.0	472	1637.0	622.0	-26.0	-1.0
40	0.005	207929.0	91902	77630.0	472	-10.0	33.0	55.0	0.0
41	0.0051	207452.0	92461	77772.0	473	-477.0	559.0	142.0	1.0
42	0.0052	207194.0	92812	77920.0	473	-258.0	351.0	148.0	0.0
43	0.0053	208075.0	92737	78075.0	473	881.0	-75.0	155.0	0.0
44	0.0054	209317.0	92465	78176.0	472	1242.0	-272.0	101.0	-1.0
45	0.0055	209025.0	92353	78109.0	0	-292.0	-112.0	-67.0	-472.0
46	0.0056	208656.0	92273	77973.0	472	-369.0	-80.0	-136.0	472.0
47	0.0057	207079.0	92756	77940.0	471	-1577.0	483.0	-33.0	-1.0
48	0.0058	206824.0	92682	77791.0	472	-255.0	-74.0	-149.0	1.0
49	0.0059	206631.0	92579	77805.0	470	-193.0	-103.0	14.0	-2.0
50	0.006	207656.0	92496	77930.0	472	1025.0	-83.0	125.0	2.0
51	0.0061	208917.0	92239	78077.0	470	1261.0	-257.0	147.0	-2.0
52	0.0062	208742.0	92152	77973.0	471	-175.0	-87.0	-104.0	1.0
53	0.0063	208396.0	92111	77928.0	469	-346.0	-41.0	-45.0	-2.0
54	0.0064	206973.0	92618	77898.0	470	-1423.0	507.0	-30.0	1.0
55	0.0065	206772.0	92579	77826.0	469	-201.0	-39.0	-72.0	-1.0
56	0.0066	207776.0	92517	78073.0	473	1004.0	-62.0	247.0	4.0
57	0.0067	209153.0	92277	78447.0	469	1377.0	-240.0	374.0	-4.0
58	0.0068	208992.0	92197	78489.0	469	-161.0	-80.0	42.0	0.0
59	0.0069	208679.0	92134	78298.0	469	-313.0	-63.0	-191.0	0.0
60	0.007	207944.0	92559	78376.0	471	-735.0	425.0	78.0	2.0
61	0.0071	204703.0	91561	77273.0	464	-3241.0	-998.0	-1103.0	-7.0
62	0.0072	204498.0	91468	77184.0	464	-205.0	-93.0	-89.0	0.0
63	0.0073	204615.0	91474	77197.0	464	117.0	6.0	13.0	0.0
64	0.0074	205872.0	91505	77406.0	467	1257.0	31.0	209.0	3.0
65	0.0075	207293.0	91360	77651.0	466	1421.0	-145.0	245.0	-1.0
66	0.0076	207329.0	91375	77562.0	466	36.0	15.0	-89.0	0.0
67	0.0077	205885.0	91958	77575.0	464	-1444.0	583.0	13.0	-2.0
68	0.0078	205791.0	91984	77519.0	464	-94.0	26.0	-56.0	0.0
69	0.0079	205734.0	91947	77479.0	464	-57.0	-37.0	-40.0	0.0
70	0.008	205711.0	91924	77477.0	465	-23.0	-23.0	-2.0	1.0
71	0.0081	205698.0	91874	77382.0	465	-13.0	-50.0	-95.0	0.0
72	0.0082	205692.0	91865	77465.0	465	-6.0	-9.0	83.0	0.0
73	0.0083	207161.0	91343	77395.0	465	1469.0	-522.0	-70.0	0.0
74	0.0084	207164.0	91335	77445.0	465	3.0	-8.0	50.0	0.0
75	0.0085	205851.0	91923	77401.0	467	-1313.0	588.0	-44.0	2.0
76	0.0086	205764.0	91966	77413.0	466	-87.0	43.0	12.0	-1.0
77	0.0087	205710.0	91954	77417.0	467	-54.0	-12.0	4.0	1.0
78	0.0088	205725.0	91917	77345.0	466	15.0	-37.0	-72.0	-1.0
79	0.0089	205706.0	91896	77426.0	467	-19.0	-21.0	81.0	1.0
80	0.009	206826.0	91874	77568.0	468	1120.0	-22.0	142.0	1.0
81	0.0091	208209.0	91724	77785.0	469	1383.0	-150.0	217.0	1.0
82	0.0092	208169.0	91712	77739.0	468	-40.0	-12.0	-46.0	-1.0
83	0.0093	206770.0	92278	77728.0	468	-1399.0	566.0	-11.0	0.0
84	0.0094	206547.0	92284	77717.0	468	-223.0	6.0	-11.0	0.0
85	0.0095	206563.0	92242	77655.0	465	16.0	-42.0	-62.0	-3.0
86	0.0096	206401.0	92161	77909.0	465	-162.0	-81.0	254.0	0.0
87	0.0097	206367.0	92098	77783.0	464	-34.0	-63.0	-126.0	-1.0
88	0.0098	207694.0	91537	77821.0	462	1327.0	-561.0	38.0	-2.0
89	0.0099	209272.0	91936	78000.0	461	1578.0	399.0	179.0	-1.0
90	0.01	210215.0	92515	78177.0	470	943.0	579.0	177.0	9.0
91	0.0101	207411.0	92489	78052.0	465	-2804.0	-26.0	-125.0	-5.0
92	0.0102	208444.0	92973	78008.0	465	1033.0	484.0	-44.0	0.0
93	0.0103	208402.0	92915	77978.0	465	-42.0	-58.0	-30.0	0.0
94	0.0104	208189.0	92803	77883.0	466	-213.0	-112.0	-95.0	1.0
95	0.0105	207945.0	92698	77880.0	468	-244.0	-105.0	-3.0	2.0
96	0.0106	208945.0	92621	78054.0	468	1000.0	-77.0	174.0	0.0
97	0.0107	210225.0	92385	78285.0	467	1280.0	-236.0	231.0	-1.0
98	0.0108	209920.0	92292	78138.0	467	-305.0	-93.0	-147.0	0.0
99	0.0109	208259.0	92781	78094.0	0	-1661.0	489.0	-44.0	-467.0
100	0.011	207683.0	92609	77926.0	467	-576.0	-172.0	-168.0	467.0
101	0.0111	204275.0	91156	76665.0	461	-3408.0	-1453.0	-1261.0	-6.0
102	0.0112	204080.0	91042	76581.0	461	-195.0	-114.0	-84.0	0.0
103	0.0113	204239.0	91101	76634.0	461	159.0	59.0	53.0	0.0
104	0.0114	204368.0	91169	76740.0	461	129.0	68.0	106.0	0.0
105	0.0115	204533.0	91227	76749.0	461	165.0	58.0	9.0	0.0
106	0.0116	204607.0	91277	76834.0	461	74.0	50.0	85.0	0.0
107	0.0117	204789.0	91327	76843.0	461	182.0	50.0	9.0	0.0
108	0.0118	204858.0	91348	76884.0	462	69.0	21.0	41.0	1.0
109	0.0119	204943.0	91395	76949.0	461	85.0	47.0	65.0	-1.0
110	0.012	205094.0	91417	76942.0	462	151.0	22.0	-7.0	1.0
111	0.0121	205091.0	91444	77028.0	461	-3.0	27.0	86.0	-1.0
112	0.0122	205218.0	91445	77031.0	461	127.0	1.0	3.0	0.0
113	0.0123	205237.0	91472	77059.0	461	19.0	27.0	28.0	0.0
114	0.0124	205352.0	91504	77095.0	461	115.0	32.0	36.0	0.0
115	0.0125	205327.0	91483	77076.0	461	-25.0	-21.0	-19.0	0.0
116	0.0126	205486.0	91507	77205.0	461	159.0	24.0	129.0	0.0
117	0.0127	205585.0	91526	77183.0	461	99.0	19.0	-22.0	0.0
118	0.0128	205704.0	91553	77572.0	459	119.0	27.0	389.0	-2.0
119	0.0129	207220.0	91056	77608.0	459	1516.0	-497.0	36.0	0.0
120	0.013	207317.0	91107	77615.0	459	97.0	51.0	7.0	0.0
121	0.0131	206035.0	91726	77645.0	459	-1282.0	619.0	30.0	0.0
122	0.0132	205941.0	91768	77567.0	459	-94.0	42.0	-78.0	0.0
123	0.0133	205877.0	91763	77612.0	460	-64.0	-5.0	45.0	1.0
124	0.0134	205834.0	91738	77504.0	460	-43.0	-25.0	-108.0	0.0
125	0.0135	205834.0	91742	77521.0	461	0.0	4.0	17.0	1.0
126	0.0136	205801.0	91723	77471.0	461	-33.0	-19.0	-50.0	0.0
127	0.0137	205914.0	91728	77462.0	462	113.0	5.0	-9.0	1.0
128	0.0138	205889.0	91724	77489.0	462	-25.0	-4.0	27.0	0.0
129	0.0139	205931.0	91724	77420.0	462	42.0	0.0	-69.0	0.0
130	0.014	205857.0	91710	77484.0	462	-74.0	-14.0	64.0	0.0
131	0.0141	205890.0	91692	77407.0	462	33.0	-18.0	-77.0	0.0
132	0.0142	205866.0	91692	77439.0	462	-24.0	0.0	32.0	0.0
133	0.0143	205886.0	91706	77416.0	462	20.0	14.0	-23.0	0.0
134	0.0144	206007.0	91717	77427.0	463	121.0	11.0	11.0	1.0
135	0.0145	205950.0	91721	77449.0	463	-57.0	4.0	22.0	0.0
136	0.0146	206013.0	91710	77380.0	463	63.0	-11.0	-69.0	0.0
137	0.0147	205970.0	91712	77455.0	462	-43.0	2.0	75.0	-1.0
138	0.0148	206013.0	91698	77401.0	462	43.0	-14.0	-54.0	0.0
139	0.0149	205995.0	91700	77412.0	462	-18.0	2.0	11.0	0.0
140	0.015	205860.0	91663	77355.0	455	-135.0	-37.0	-57.0	-7.0
141	0.0151	201829.0	89937	75820.0	455	-4031.0	-1726.0	-1535.0	0.0
142	0.0152	201790.0	89939	75324.0	451	-39.0	2.0	-496.0	-4.0
143	0.0153	200676.0	89575	75592.0	458	-1114.0	-364.0	268.0	7.0
144	0.0154	203107.0	90690	76627.0	463	2431.0	1115.0	1035.0	5.0
145	0.0155	205691.0	91840	77577.0	468	2584.0	1150.0	950.0	5.0
146	0.0156	208165.0	92879	78389.0	471	2474.0	1039.0	812.0	3.0
147	0.0157	210314.0	93840	79293.0	475	2149.0	961.0	904.0	4.0
148	0.0158	212253.0	94673	79894.0	478	1939.0	833.0	601.0	3.0
149	0.0159	213981.0	95436	80595.0	482	1728.0	763.0	701.0	4.0
150	0.016	215540.0	96096	81090.0	484	1559.0	660.0	495.0	2.0
151	0.0161	216914.0	96707	81665.0	488	1374.0	611.0	575.0	4.0
152	0.0162	218308.0	97238	82049.0	490	1394.0	531.0	384.0	2.0
153	0.0163	219320.0	97724	82554.0	493	1012.0	486.0	505.0	3.0
154	0.0164	220434.0	98155	132425.0	495	1114.0	431.0	49871.0	2.0
155	0.0165	221386.0	98549	83438.0	493	952.0	394.0	-48987.0	-2.0
156	0.0166	222288.0	98899	83949.0	496	902.0	350.0	511.0	3.0
157	0.0167	223114.0	99217	118475.0	497	826.0	318.0	34526.0	1.0
158	0.0168	223620.0	99476	50136.0	499	506.0	259.0	-68339.0	2.0
159	0.0169	224242.0	99702	118716.0	504	622.0	226.0	68580.0	5.0
160	0.017	449981.0	99927	84863.0	502	225739.0	225.0	-33853.0	-2.0
161	0.0171	228882.0	100118	84990.0	497	-221099.0	191.0	127.0	-5.0
162	0.0172	227958.0	100294	85132.0	506	-924.0	176.0	142.0	9.0
163	0.0173	229444.0	200569	85308.0	501	1486.0	100275.0	176.0	-5.0
164	0.0174	228357.0	101408	85353.0	501	-1087.0	-99161.0	45.0	0.0
165	0.0175	228447.0	101526	85489.0	1005	90.0	118.0	136.0	504.0
