	time	ins	cycle	memory	branchm	ins_d	cycle_d	memory_d	branchm_d
0	0.001	25141	56057	6985.0	1885.0	0.0	0.0	0.0	0.0
1	0.0011	24489	64273	19423.0	0.0	-652.0	8216.0	12438.0	-1885.0
2	0.0012	90914	39999	34706.0	1127.0	66425.0	-24274.0	15283.0	1127.0
3	0.0013	176517	82927	73293.0	0.0	85603.0	42928.0	38587.0	-1127.0
4	0.0014	185227	46853	60667.0	0.0	8710.0	-36074.0	-12626.0	0.0
5	0.0015	111796	105219	70967.0	1070.0	-73431.0	58366.0	10300.0	1070.0
6	0.0016	252115	59373	67333.0	0.0	140319.0	-45846.0	-3634.0	-1070.0
7	0.0017	138749	129033	86329.0	984.0	-113366.0	69660.0	18996.0	984.0
8	0.0018	301442	69719	79725.0	0.0	162693.0	-59314.0	-6604.0	-984.0
9	0.0019	159741	72068	60230.0	913.0	-141701.0	2349.0	-19495.0	913.0
10	0.002	165766	74783	62469.0	0.0	6025.0	2715.0	2239.0	-913.0
11	0.0021	171429	156084	103870.0	851.0	5663.0	81301.0	41401.0	851.0
12	0.0022	174908	80787	93905.0	0.0	3479.0	-75297.0	-9965.0	-851.0
13	0.0023	361959	81456	65410.0	729.0	187051.0	669.0	-28495.0	729.0
14	0.0024	0	76792	63211.0	0.0	-361959.0	-4664.0	-2199.0	-729.0
15	0.0025	337575	75859	63399.0	681.0	337575.0	-933.0	188.0	681.0
16	0.0026	171696	77178	64822.0	0.0	-165879.0	1319.0	1423.0	-681.0
17	0.0027	175130	78624	66420.0	653.0	3434.0	1446.0	1598.0	653.0
18	0.0028	179751	80597	67773.0	623.0	4621.0	1973.0	1353.0	-30.0
19	0.0029	182506	81827	69094.0	601.0	2755.0	1230.0	1321.0	-22.0
20	0.003	184894	83485	141475.0	0.0	2388.0	1658.0	72381.0	-601.0
21	0.0031	188678	168601	72318.0	583.0	3784.0	85116.0	-69157.0	583.0
22	0.0032	190668	86031	73065.0	564.0	1990.0	-82570.0	747.0	-19.0
23	0.0033	387356	87282	73310.0	550.0	196688.0	1251.0	245.0	-14.0
24	0.0034	196477	87827	74071.0	538.0	-190879.0	545.0	761.0	-12.0
25	0.0035	197538	87746	74746.0	0.0	1061.0	-81.0	675.0	-538.0
26	0.0036	198370	88672	75220.0	525.0	832.0	926.0	474.0	525.0
27	0.0037	201943	89509	75709.0	518.0	3573.0	837.0	489.0	-7.0
28	0.0038	202599	89784	76116.0	513.0	656.0	275.0	407.0	-5.0
29	0.0039	202944	90549	76019.0	510.0	345.0	765.0	-97.0	-3.0
30	0.004	203364	90735	76501.0	502.0	420.0	186.0	482.0	-8.0
31	0.0041	203505	90847	76595.0	494.0	141.0	112.0	94.0	-8.0
32	0.0042	204954	91377	77362.0	492.0	1449.0	530.0	767.0	-2.0
33	0.0043	205244	91464	77697.0	489.0	290.0	87.0	335.0	-3.0
34	0.0044	205296	91501	77645.0	484.0	52.0	37.0	-52.0	-5.0
35	0.0045	206885	91532	77653.0	483.0	1589.0	31.0	8.0	-1.0
36	0.0046	206959	92118	77434.0	481.0	74.0	586.0	-219.0	-2.0
37	0.0047	206962	92132	77414.0	0.0	3.0	14.0	-20.0	-481.0
38	0.0048	206735	92090	77393.0	480.0	-227.0	-42.0	-21.0	480.0
39	0.0049	206640	92032	77347.0	478.0	-95.0	-58.0	-46.0	-2.0
40	0.005	206612	91498	77650.0	477.0	-28.0	-534.0	303.0	-1.0
41	0.0051	206515	92013	77380.0	476.0	-97.0	515.0	-270.0	-1.0
42	0.0052	207564	91904	77850.0	477.0	1049.0	-109.0	470.0	1.0
43	0.0053	208617	92314	78255.0	478.0	1053.0	410.0	405.0	1.0
44	0.0054	208582	92263	78720.0	473.0	-35.0	-51.0	465.0	-5.0
45	0.0055	208394	92232	78675.0	473.0	-188.0	-31.0	-45.0	0.0
46	0.0056	208177	92718	78366.0	471.0	-217.0	486.0	-309.0	-2.0
47	0.0057	208014	92678	78285.0	471.0	-163.0	-40.0	-81.0	0.0
48	0.0058	207820	92577	78169.0	467.0	-194.0	-101.0	-116.0	-4.0
49	0.0059	208771	92372	78867.0	466.0	951.0	-205.0	698.0	-1.0
50	0.006	208725	92845	78935.0	466.0	-46.0	473.0	68.0	0.0
51	0.0061	208628	92806	78899.0	466.0	-97.0	-39.0	-36.0	0.0
52	0.0062	208376	93257	78547.0	466.0	-252.0	451.0	-352.0	0.0
53	0.0063	208249	93167	78465.0	466.0	-127.0	-90.0	-82.0	0.0
54	0.0064	207676	93029	78163.0	458.0	-573.0	-138.0	-302.0	-8.0
55	0.0065	203415	92725	76561.0	459.0	-4261.0	-304.0	-1602.0	1.0
56	0.0066	203094	90840	76425.0	459.0	-321.0	-1885.0	-136.0	0.0
57	0.0067	203401	90731	76522.0	462.0	307.0	-109.0	97.0	3.0
58	0.0068	204812	90697	77086.0	461.0	1411.0	-34.0	564.0	-1.0
59	0.0069	205044	91344	77095.0	462.0	232.0	647.0	9.0	1.0
60	0.007	205283	90956	77425.0	462.0	239.0	-388.0	330.0	0.0
61	0.0071	205299	91554	77221.0	462.0	16.0	598.0	-204.0	0.0
62	0.0072	205400	91637	77238.0	462.0	101.0	83.0	17.0	0.0
63	0.0073	205481	91659	77247.0	462.0	81.0	22.0	9.0	0.0
64	0.0074	205612	91674	77302.0	462.0	131.0	15.0	55.0	0.0
65	0.0075	205785	91683	77353.0	460.0	173.0	9.0	51.0	-2.0
66	0.0076	207264	91703	77332.0	461.0	1479.0	20.0	-21.0	1.0
67	0.0077	207374	91716	77400.0	461.0	110.0	13.0	68.0	0.0
68	0.0078	207207	91734	77368.0	466.0	-167.0	18.0	-32.0	5.0
69	0.0079	205854	91741	77386.0	466.0	-1353.0	7.0	18.0	0.0
70	0.008	205709	91750	77367.0	464.0	-145.0	9.0	-19.0	-2.0
71	0.0081	207164	91737	77403.0	463.0	1455.0	-13.0	36.0	-1.0
72	0.0082	207373	91751	77470.0	464.0	209.0	14.0	67.0	1.0
73	0.0083	207197	91768	77414.0	464.0	-176.0	17.0	-56.0	0.0
74	0.0084	207184	91761	77462.0	464.0	-13.0	-7.0	48.0	0.0
75	0.0085	206988	91775	77410.0	464.0	-196.0	14.0	-52.0	0.0
76	0.0086	206891	91770	77424.0	463.0	-97.0	-5.0	14.0	-1.0
77	0.0087	206766	91774	77391.0	463.0	-125.0	4.0	-33.0	0.0
78	0.0088	206672	91758	77386.0	463.0	-94.0	-16.0	-5.0	0.0
79	0.0089	206614	91760	77414.0	465.0	-58.0	2.0	28.0	2.0
80	0.009	206405	91750	77316.0	465.0	-209.0	-10.0	-98.0	0.0
81	0.0091	206364	91728	77348.0	0.0	-41.0	-22.0	32.0	-465.0
82	0.0092	206229	91725	77305.0	466.0	-135.0	-3.0	-43.0	466.0
83	0.0093	206248	91709	77329.0	465.0	19.0	-16.0	24.0	-1.0
84	0.0094	206169	91707	77305.0	465.0	-79.0	-2.0	-24.0	0.0
85	0.0095	206140	91688	77302.0	464.0	-29.0	-19.0	-3.0	-1.0
86	0.0096	206228	91679	77368.0	464.0	88.0	-9.0	66.0	0.0
87	0.0097	206186	91680	77326.0	464.0	-42.0	1.0	-42.0	0.0
88	0.0098	206236	91680	77358.0	465.0	50.0	0.0	32.0	1.0
89	0.0099	206090	91673	77310.0	465.0	-146.0	-7.0	-48.0	0.0
90	0.01	206003	91672	77298.0	466.0	-87.0	-1.0	-12.0	1.0
91	0.0101	205911	91672	77279.0	466.0	-92.0	0.0	-19.0	0.0
92	0.0102	205925	91664	77271.0	466.0	14.0	-8.0	-8.0	0.0
93	0.0103	206001	91678	77355.0	466.0	76.0	14.0	84.0	0.0
94	0.0104	205830	91660	77252.0	466.0	-171.0	-18.0	-103.0	0.0
95	0.0105	202179	90103	75884.0	459.0	-3651.0	-1557.0	-1368.0	-7.0
96	0.0106	202021	90059	75824.0	458.0	-158.0	-44.0	-60.0	-1.0
97	0.0107	202331	90202	75963.0	459.0	310.0	143.0	139.0	1.0
98	0.0108	202729	90362	76148.0	459.0	398.0	160.0	185.0	0.0
99	0.0109	203029	90505	76221.0	459.0	300.0	143.0	73.0	0.0
100	0.011	203381	90601	76363.0	458.0	352.0	96.0	142.0	-1.0
101	0.0111	203610	90732	76447.0	459.0	229.0	131.0	84.0	1.0
102	0.0112	203846	90838	76530.0	460.0	236.0	106.0	83.0	1.0
103	0.0113	204192	90947	77031.0	458.0	346.0	109.0	501.0	-2.0
104	0.0114	204325	91048	77047.0	459.0	133.0	101.0	16.0	1.0
105	0.0115	204603	91124	77123.0	459.0	278.0	76.0	76.0	0.0
106	0.0116	204708	91195	77131.0	459.0	105.0	71.0	8.0	0.0
107	0.0117	204894	91238	77168.0	459.0	186.0	43.0	37.0	0.0
108	0.0118	205138	91301	77266.0	460.0	244.0	63.0	98.0	1.0
109	0.0119	205146	91352	77216.0	460.0	8.0	51.0	-50.0	0.0
110	0.012	205299	91392	77269.0	460.0	153.0	40.0	53.0	0.0
111	0.0121	205286	91423	77236.0	457.0	-13.0	31.0	-33.0	-3.0
112	0.0122	205488	91998	77287.0	455.0	202.0	575.0	51.0	-2.0
113	0.0123	205621	92051	77559.0	458.0	133.0	53.0	272.0	3.0
114	0.0124	205698	92047	77359.0	456.0	77.0	-4.0	-200.0	-2.0
115	0.0125	205857	92018	77659.0	461.0	159.0	-29.0	300.0	5.0
116	0.0126	205803	92003	77407.0	465.0	-54.0	-15.0	-252.0	4.0
117	0.0127	206974	91889	77820.0	468.0	1171.0	-114.0	413.0	3.0
118	0.0128	207018	91858	77822.0	462.0	44.0	-31.0	2.0	-6.0
119	0.0129	207007	92414	78026.0	462.0	-11.0	556.0	204.0	0.0
120	0.013	206980	92418	78012.0	461.0	-27.0	4.0	-14.0	-1.0
121	0.0131	206916	92352	77944.0	461.0	-64.0	-66.0	-68.0	0.0
122	0.0132	206984	92307	77973.0	461.0	68.0	-45.0	29.0	0.0
123	0.0133	206836	92266	77880.0	461.0	-148.0	-41.0	-93.0	0.0
124	0.0134	206923	92225	77906.0	460.0	87.0	-41.0	26.0	-1.0
125	0.0135	206827	92184	77830.0	461.0	-96.0	-41.0	-76.0	1.0
126	0.0136	206776	92151	77812.0	461.0	-51.0	-33.0	-18.0	0.0
127	0.0137	206697	92120	77754.0	461.0	-79.0	-31.0	-58.0	0.0
128	0.0138	206705	92093	77756.0	461.0	8.0	-27.0	2.0	0.0
129	0.0139	206705	92065	77723.0	461.0	0.0	-28.0	-33.0	0.0
130	0.014	206640	92029	77711.0	461.0	-65.0	-36.0	-12.0	0.0
131	0.0141	206738	92017	77732.0	458.0	98.0	-12.0	21.0	-3.0
132	0.0142	208058	91995	77660.0	462.0	1320.0	-22.0	-72.0	4.0
133	0.0143	206779	91982	77701.0	462.0	-1279.0	-13.0	41.0	0.0
134	0.0144	206459	91915	77587.0	456.0	-320.0	-67.0	-114.0	-6.0
135	0.0145	202806	90368	76238.0	0.0	-3653.0	-1547.0	-1349.0	-456.0
136	0.0146	202829	90321	76195.0	455.0	23.0	-47.0	-43.0	455.0
137	0.0147	204542	90460	76347.0	454.0	1713.0	139.0	152.0	-1.0
138	0.0148	205042	90626	76522.0	455.0	500.0	166.0	175.0	1.0
139	0.0149	205101	90754	76557.0	455.0	59.0	128.0	35.0	0.0
140	0.015	203110	89823	76027.0	911.0	-1991.0	-931.0	-530.0	456.0
141	0.0151	205282	90866	76848.0	469.0	2172.0	1043.0	821.0	-442.0
142	0.0152	206239	92017	77781.0	474.0	957.0	1151.0	933.0	5.0
143	0.0153	209862	93079	79002.0	477.0	3623.0	1062.0	1221.0	3.0
144	0.0154	213495	94495	79883.0	482.0	3633.0	1416.0	881.0	5.0
145	0.0155	215315	95329	80567.0	484.0	1820.0	834.0	684.0	2.0
146	0.0156	216640	96032	81077.0	486.0	1325.0	703.0	510.0	2.0
147	0.0157	218069	96645	81675.0	489.0	1429.0	613.0	598.0	3.0
148	0.0158	219169	97215	82076.0	491.0	1100.0	570.0	401.0	2.0
149	0.0159	220214	195848	82553.0	494.0	1045.0	98633.0	477.0	3.0
150	0.016	221179	98539	82858.0	495.0	965.0	-97309.0	305.0	1.0
151	0.0161	221972	98872	132876.0	498.0	793.0	333.0	50018.0	3.0
152	0.0162	222739	99191	83648.0	501.0	767.0	319.0	-49228.0	3.0
153	0.0163	223308	99472	83861.0	502.0	569.0	281.0	213.0	1.0
154	0.0164	223961	99728	118269.0	504.0	653.0	256.0	34408.0	2.0
155	0.0165	224481	99946	84392.0	504.0	520.0	218.0	-33877.0	0.0
156	0.0166	225004	100120	84610.0	504.0	523.0	174.0	218.0	0.0
157	0.0167	225555	100300	84727.0	504.0	551.0	180.0	117.0	0.0
158	0.0168	452104	100442	84873.0	505.0	226549.0	142.0	146.0	1.0
159	0.0169	226576	100560	84996.0	505.0	-225528.0	118.0	123.0	0.0
160	0.017	226627	100667	85052.0	505.0	51.0	107.0	56.0	0.0
161	0.0171	226931	100770	85147.0	505.0	304.0	103.0	95.0	0.0
162	0.0172	227123	100859	85250.0	506.0	192.0	89.0	103.0	1.0
163	0.0173	227243	100951	85263.0	506.0	120.0	92.0	13.0	0.0
164	0.0174	227326	101011	85347.0	507.0	83.0	60.0	84.0	1.0
165	0.0175	227585	101064	85421.0	508.0	259.0	53.0	74.0	1.0
