	time	ins	cycle	memory	branchm	ins_d	cycle_d	memory_d	branchm_d
0	0.001	61767.0	59398	21954.0	0.0	0.0	0.0	0.0	0.0
1	0.0011	122287.0	80695	54858.0	0.0	60520.0	21297.0	32904.0	0.0
2	0.0012	145581.0	43974	72578.0	1379.0	23294.0	-36721.0	17720.0	1379.0
3	0.0013	198278.0	98103	64719.0	0.0	52697.0	54129.0	-7859.0	-1379.0
4	0.0014	237217.0	55317	62027.0	0.0	38939.0	-42786.0	-2692.0	0.0
5	0.0015	135412.0	122456	69671.0	1266.0	-101805.0	67139.0	7644.0	1266.0
6	0.0016	144374.0	66463	88038.0	0.0	8962.0	-55993.0	18367.0	-1266.0
7	0.0017	310033.0	69136	58565.0	0.0	165659.0	2673.0	-29473.0	0.0
8	0.0018	164125.0	145660	85878.0	1158.0	-145908.0	76524.0	27313.0	1158.0
9	0.0019	169975.0	76751	103159.0	0.0	5850.0	-68909.0	17281.0	-1158.0
10	0.002	173766.0	78419	66590.0	0.0	3791.0	1668.0	-36569.0	0.0
11	0.0021	178569.0	80466	68304.0	1067.0	4803.0	2047.0	1714.0	1067.0
12	0.0022	368523.0	82348	69501.0	0.0	189954.0	1882.0	1197.0	-1067.0
13	0.0023	189007.0	83406	99341.0	988.0	-179516.0	1058.0	29840.0	988.0
14	0.0024	192383.0	84884	72302.0	0.0	3376.0	1478.0	-27039.0	-988.0
15	0.0025	178489.0	86292	39860.0	834.0	-13894.0	1408.0	-32442.0	834.0
16	0.0026	176214.0	80669	93452.0	0.0	-2275.0	-5623.0	53592.0	-834.0
17	0.0027	178446.0	160207	67070.0	777.0	2232.0	79538.0	-26382.0	777.0
18	0.0028	182517.0	82335	68581.0	0.0	4071.0	-77872.0	1511.0	-777.0
19	0.0029	184901.0	83376	111558.0	735.0	2384.0	1041.0	42977.0	735.0
20	0.003	188544.0	84861	71186.0	698.0	3643.0	1485.0	-40372.0	-37.0
21	0.0031	190378.0	85653	72165.0	0.0	1834.0	792.0	979.0	-698.0
22	0.0032	388396.0	86908	73003.0	665.0	198018.0	1255.0	838.0	665.0
23	0.0033	197444.0	87476	73485.0	639.0	-190952.0	568.0	482.0	-26.0
24	0.0034	198522.0	87922	74368.0	0.0	1078.0	446.0	883.0	-639.0
25	0.0035	199212.0	88918	74739.0	615.0	690.0	996.0	371.0	615.0
26	0.0036	201358.0	89279	75054.0	598.0	2146.0	361.0	315.0	-17.0
27	0.0037	202066.0	89564	75541.0	578.0	708.0	285.0	487.0	-20.0
28	0.0038	202339.0	90379	76004.0	0.0	273.0	815.0	463.0	-578.0
29	0.0039	202772.0	90576	107088.0	565.0	433.0	197.0	31084.0	565.0
30	0.004	204722.0	90708	76630.0	549.0	1950.0	132.0	-30458.0	-16.0
31	0.0041	205088.0	90847	77443.0	535.0	366.0	139.0	813.0	-14.0
32	0.0042	205292.0	90946	77478.0	528.0	204.0	99.0	35.0	-7.0
33	0.0043	205330.0	91049	77567.0	521.0	38.0	103.0	89.0	-7.0
34	0.0044	205444.0	91111	77193.0	515.0	114.0	62.0	-374.0	-6.0
35	0.0045	205565.0	91731	77270.0	0.0	121.0	620.0	77.0	-515.0
36	0.0046	207075.0	91820	77474.0	505.0	1510.0	89.0	204.0	505.0
37	0.0047	207254.0	91823	77500.0	500.0	179.0	3.0	26.0	-5.0
38	0.0048	207080.0	91817	77849.0	490.0	-174.0	-6.0	349.0	-10.0
39	0.0049	207143.0	92363	78145.0	489.0	63.0	546.0	296.0	-1.0
40	0.005	208074.0	92285	78606.0	487.0	931.0	-78.0	461.0	-2.0
41	0.0051	207888.0	92207	78127.0	485.0	-186.0	-78.0	-479.0	-2.0
42	0.0052	207706.0	92688	78070.0	483.0	-182.0	481.0	-57.0	-2.0
43	0.0053	207459.0	92644	77952.0	480.0	-247.0	-44.0	-118.0	-3.0
44	0.0054	207362.0	92539	77923.0	479.0	-97.0	-105.0	-29.0	-1.0
45	0.0055	207277.0	92461	77876.0	477.0	-85.0	-78.0	-47.0	-2.0
46	0.0056	207196.0	92390	77811.0	475.0	-81.0	-71.0	-65.0	-2.0
47	0.0057	207053.0	92328	77819.0	472.0	-143.0	-62.0	8.0	-3.0
48	0.0058	208486.0	92269	77747.0	467.0	1433.0	-59.0	-72.0	-5.0
49	0.0059	208455.0	92232	78391.0	470.0	-31.0	-37.0	644.0	3.0
50	0.006	208332.0	91686	77818.0	467.0	-123.0	-546.0	-573.0	-3.0
51	0.0061	208165.0	92214	78005.0	471.0	-167.0	528.0	187.0	4.0
52	0.0062	207929.0	92254	77748.0	468.0	-236.0	40.0	-257.0	-3.0
53	0.0063	207803.0	92226	77944.0	468.0	-126.0	-28.0	196.0	0.0
54	0.0064	207662.0	92205	77914.0	0.0	-141.0	-21.0	-30.0	-468.0
55	0.0065	207416.0	92167	46174.0	468.0	-246.0	-38.0	-31740.0	468.0
56	0.0066	202814.0	92086	76787.0	459.0	-4602.0	-81.0	30613.0	-9.0
57	0.0067	202553.0	90099	76052.0	459.0	-261.0	-1987.0	-735.0	0.0
58	0.0068	202835.0	90063	76079.0	459.0	282.0	-36.0	27.0	0.0
59	0.0069	203215.0	90221	76239.0	459.0	380.0	158.0	160.0	0.0
60	0.007	203406.0	90294	76323.0	459.0	191.0	73.0	84.0	0.0
61	0.0071	203578.0	90471	76408.0	461.0	172.0	177.0	85.0	2.0
62	0.0072	203758.0	90594	76483.0	461.0	180.0	123.0	75.0	0.0
63	0.0073	204076.0	90728	76535.0	462.0	318.0	134.0	52.0	1.0
64	0.0074	204184.0	90865	76695.0	463.0	108.0	137.0	160.0	1.0
65	0.0075	204500.0	90960	76721.0	463.0	316.0	95.0	26.0	0.0
66	0.0076	204616.0	91075	76823.0	464.0	116.0	115.0	102.0	1.0
67	0.0077	204747.0	91154	108039.0	461.0	131.0	79.0	31216.0	-3.0
68	0.0078	205063.0	91784	77393.0	459.0	316.0	630.0	-30646.0	-2.0
69	0.0079	205260.0	91887	77381.0	459.0	197.0	103.0	-12.0	0.0
70	0.008	205444.0	91903	77457.0	461.0	184.0	16.0	76.0	2.0
71	0.0081	205622.0	91917	77468.0	461.0	178.0	14.0	11.0	0.0
72	0.0082	205745.0	91911	77467.0	461.0	123.0	-6.0	-1.0	0.0
73	0.0083	205698.0	91891	77485.0	461.0	-47.0	-20.0	18.0	0.0
74	0.0084	205731.0	91869	77410.0	462.0	33.0	-22.0	-75.0	1.0
75	0.0085	205839.0	91876	77506.0	462.0	108.0	7.0	96.0	0.0
76	0.0086	205922.0	91879	77476.0	462.0	83.0	3.0	-30.0	0.0
77	0.0087	206030.0	91877	77511.0	463.0	108.0	-2.0	35.0	1.0
78	0.0088	206024.0	91890	77494.0	463.0	-6.0	13.0	-17.0	0.0
79	0.0089	206138.0	91878	77472.0	464.0	114.0	-12.0	-22.0	1.0
80	0.009	206002.0	91878	77495.0	464.0	-136.0	0.0	23.0	0.0
81	0.0091	206012.0	91859	77425.0	464.0	10.0	-19.0	-70.0	0.0
82	0.0092	206097.0	91865	77509.0	464.0	85.0	6.0	84.0	0.0
83	0.0093	206094.0	91874	77459.0	464.0	-3.0	9.0	-50.0	0.0
84	0.0094	206132.0	91861	77471.0	464.0	38.0	-13.0	12.0	0.0
85	0.0095	206093.0	91860	77460.0	464.0	-39.0	-1.0	-11.0	0.0
86	0.0096	206062.0	91853	77395.0	466.0	-31.0	-7.0	-65.0	2.0
87	0.0097	205917.0	91840	77433.0	466.0	-145.0	-13.0	38.0	0.0
88	0.0098	205956.0	91811	77337.0	467.0	39.0	-29.0	-96.0	1.0
89	0.0099	205974.0	91818	77412.0	466.0	18.0	7.0	75.0	-1.0
90	0.01	205910.0	91814	77345.0	467.0	-64.0	-4.0	-67.0	1.0
91	0.0101	205945.0	91788	77351.0	466.0	35.0	-26.0	6.0	-1.0
92	0.0102	205879.0	91776	77357.0	466.0	-66.0	-12.0	6.0	0.0
93	0.0103	205910.0	91764	77330.0	465.0	31.0	-12.0	-27.0	-1.0
94	0.0104	205953.0	91768	77416.0	465.0	43.0	4.0	86.0	0.0
95	0.0105	205862.0	91753	45374.0	459.0	-91.0	-15.0	-32042.0	-6.0
96	0.0106	203044.0	91708	76674.0	459.0	-2818.0	-45.0	31300.0	0.0
97	0.0107	202926.0	90514	76311.0	458.0	-118.0	-1194.0	-363.0	-1.0
98	0.0108	203209.0	90482	76320.0	458.0	283.0	-32.0	9.0	0.0
99	0.0109	203375.0	90594	76416.0	458.0	166.0	112.0	96.0	0.0
100	0.011	203619.0	90684	76496.0	460.0	244.0	90.0	80.0	2.0
101	0.0111	203812.0	90792	76522.0	462.0	193.0	108.0	26.0	2.0
102	0.0112	203923.0	90888	76636.0	460.0	111.0	96.0	114.0	-2.0
103	0.0113	204183.0	90959	76668.0	461.0	260.0	71.0	32.0	1.0
104	0.0114	204340.0	91039	76747.0	461.0	157.0	80.0	79.0	0.0
105	0.0115	204488.0	91098	76813.0	463.0	148.0	59.0	66.0	2.0
106	0.0116	204606.0	91172	76830.0	463.0	118.0	74.0	17.0	0.0
107	0.0117	204726.0	91249	76926.0	463.0	120.0	77.0	96.0	0.0
108	0.0118	204957.0	91309	76946.0	462.0	231.0	60.0	20.0	-1.0
109	0.0119	205051.0	91364	77024.0	462.0	94.0	55.0	78.0	0.0
110	0.012	205278.0	91404	108306.0	460.0	227.0	40.0	31282.0	-2.0
111	0.0121	206899.0	91463	45911.0	461.0	1621.0	59.0	-62395.0	1.0
112	0.0122	207000.0	91505	108499.0	462.0	101.0	42.0	62588.0	1.0
113	0.0123	206950.0	91530	77233.0	462.0	-50.0	25.0	-31266.0	0.0
114	0.0124	206798.0	91571	77217.0	466.0	-152.0	41.0	-16.0	4.0
115	0.0125	206411.0	91577	77613.0	464.0	-387.0	6.0	396.0	-2.0
116	0.0126	207782.0	92021	77735.0	465.0	1371.0	444.0	122.0	1.0
117	0.0127	207816.0	92041	77641.0	462.0	34.0	20.0	-94.0	-3.0
118	0.0128	207715.0	92016	77929.0	467.0	-101.0	-25.0	288.0	5.0
119	0.0129	207612.0	92018	77657.0	465.0	-103.0	2.0	-272.0	-2.0
120	0.013	207532.0	91997	77916.0	0.0	-80.0	-21.0	259.0	-465.0
121	0.0131	207439.0	92012	77702.0	468.0	-93.0	15.0	-214.0	468.0
122	0.0132	207488.0	92000	77890.0	464.0	49.0	-12.0	188.0	-4.0
123	0.0133	207311.0	91996	77873.0	465.0	-177.0	-4.0	-17.0	1.0
124	0.0134	207118.0	91964	77774.0	465.0	-193.0	-32.0	-99.0	0.0
125	0.0135	207044.0	91955	77814.0	465.0	-74.0	-9.0	40.0	0.0
126	0.0136	206851.0	91931	77691.0	932.0	-193.0	-24.0	-123.0	467.0
127	0.0137	206917.0	91930	46132.0	0.0	66.0	-1.0	-31559.0	-932.0
128	0.0138	206765.0	91943	109076.0	471.0	-152.0	13.0	62944.0	471.0
129	0.0139	206899.0	91932	77748.0	466.0	134.0	-11.0	-31328.0	-5.0
130	0.014	206789.0	91941	77707.0	466.0	-110.0	9.0	-41.0	0.0
131	0.0141	206746.0	91916	77675.0	465.0	-43.0	-25.0	-32.0	-1.0
132	0.0142	206727.0	91898	77707.0	466.0	-19.0	-18.0	32.0	1.0
133	0.0143	206716.0	91888	77968.0	460.0	-11.0	-10.0	261.0	-6.0
134	0.0144	206827.0	92452	78092.0	460.0	111.0	564.0	124.0	0.0
135	0.0145	206633.0	92471	46374.0	451.0	-194.0	19.0	-31718.0	-9.0
136	0.0146	202488.0	92309	76910.0	452.0	-4145.0	-162.0	30536.0	1.0
137	0.0147	0.0	90463	76291.0	452.0	-202488.0	-1846.0	-619.0	0.0
138	0.0148	402036.0	90407	75705.0	448.0	402036.0	-56.0	-586.0	-4.0
139	0.0149	201981.0	89478	75863.0	454.0	-200055.0	-929.0	158.0	6.0
140	0.015	204683.0	90546	76798.0	460.0	2702.0	1068.0	935.0	6.0
141	0.0151	207348.0	91726	109349.0	466.0	2665.0	1180.0	32551.0	6.0
142	0.0152	209614.0	186628	78977.0	469.0	2266.0	94902.0	-30372.0	3.0
143	0.0153	211741.0	94669	79713.0	476.0	2127.0	-91959.0	736.0	7.0
144	0.0154	213494.0	95425	80392.0	478.0	1753.0	756.0	679.0	2.0
145	0.0155	215195.0	96118	80966.0	482.0	1701.0	693.0	574.0	4.0
146	0.0156	216591.0	96714	81488.0	484.0	1396.0	596.0	522.0	2.0
147	0.0157	217919.0	97269	81964.0	976.0	1328.0	555.0	476.0	492.0
148	0.0158	219092.0	97748	131679.0	490.0	1173.0	479.0	49715.0	-486.0
149	0.0159	220255.0	98195	83018.0	493.0	1163.0	447.0	-48661.0	3.0
150	0.016	221100.0	98581	83315.0	494.0	845.0	386.0	297.0	1.0
151	0.0161	221993.0	98936	83655.0	497.0	893.0	355.0	340.0	3.0
152	0.0162	222732.0	99246	83883.0	499.0	739.0	310.0	228.0	2.0
153	0.0163	223456.0	99519	84111.0	499.0	724.0	273.0	228.0	0.0
154	0.0164	224107.0	99766	84347.0	501.0	651.0	247.0	236.0	2.0
155	0.0165	224582.0	99974	84473.0	503.0	475.0	208.0	126.0	2.0
156	0.0166	225089.0	100167	84665.0	504.0	507.0	193.0	192.0	1.0
157	0.0167	225498.0	100343	84832.0	505.0	409.0	176.0	167.0	1.0
158	0.0168	225848.0	100499	84950.0	505.0	350.0	156.0	118.0	0.0
159	0.0169	226323.0	100634	85086.0	505.0	475.0	135.0	136.0	0.0
160	0.017	226614.0	100740	85152.0	508.0	291.0	106.0	66.0	3.0
161	0.0171	226766.0	100835	85183.0	510.0	152.0	95.0	31.0	2.0
162	0.0172	226911.0	100935	85274.0	512.0	145.0	100.0	91.0	2.0
163	0.0173	227124.0	101035	85348.0	513.0	213.0	100.0	74.0	1.0
164	0.0174	227261.0	101107	85388.0	1026.0	137.0	72.0	40.0	513.0
