	time	ins	cycle	memory	branchm	ins_d	cycle_d	memory_d	branchm_d
0	0.001	56861	77191	21079.0	0.0	0.0	0.0	0.0	0.0
1	0.0011	69188	36028	40331.0	1336.0	12327.0	-41163.0	19252.0	1336.0
2	0.0012	104109	78190	55904.0	0.0	34921.0	42162.0	15573.0	-1336.0
3	0.0013	250340	92383	71404.0	0.0	146231.0	14193.0	15500.0	0.0
4	0.0014	109859	53403	58819.0	1262.0	-140481.0	-38980.0	-12585.0	1262.0
5	0.0015	253005	120156	100226.0	0.0	143146.0	66753.0	41407.0	-1262.0
6	0.0016	141301	64901	55425.0	0.0	-111704.0	-55255.0	-44801.0	0.0
7	0.0017	309909	68276	58643.0	1157.0	168608.0	3375.0	3218.0	1157.0
8	0.0018	165352	145804	86219.0	0.0	-144557.0	77528.0	27576.0	-1157.0
9	0.0019	169579	76258	102417.0	0.0	4227.0	-69546.0	16198.0	0.0
10	0.002	174864	78537	66821.0	1065.0	5285.0	2279.0	-35596.0	1065.0
11	0.0021	179842	80654	69023.0	0.0	4978.0	2117.0	2202.0	-1065.0
12	0.0022	369162	81897	69907.0	986.0	189320.0	1243.0	884.0	986.0
13	0.0023	190157	83533	71205.0	0.0	-179005.0	1636.0	1298.0	-986.0
14	0.0024	193570	85094	101051.0	916.0	3413.0	1561.0	29846.0	916.0
15	0.0025	196670	173054	73287.0	0.0	3100.0	87960.0	-27764.0	-916.0
16	0.0026	197818	87706	73737.0	858.0	1148.0	-85348.0	450.0	858.0
17	0.0027	198777	88739	119997.0	0.0	959.0	1033.0	46260.0	-858.0
18	0.0028	199567	89136	75893.0	807.0	790.0	397.0	-44104.0	807.0
19	0.0029	201764	90002	76015.0	0.0	2197.0	866.0	122.0	-807.0
20	0.003	203791	90243	76425.0	761.0	2027.0	241.0	410.0	761.0
21	0.0031	205742	91006	76851.0	721.0	1951.0	763.0	426.0	-40.0
22	0.0032	205910	91120	77592.0	0.0	168.0	114.0	741.0	-721.0
23	0.0033	206020	91775	77892.0	685.0	110.0	655.0	300.0	685.0
24	0.0034	206074	91849	77923.0	660.0	54.0	74.0	31.0	-25.0
25	0.0035	206147	91851	77554.0	0.0	73.0	2.0	-369.0	-660.0
26	0.0036	209198	92424	78396.0	631.0	3051.0	573.0	842.0	631.0
27	0.0037	209284	92415	78116.0	614.0	86.0	-9.0	-280.0	-17.0
28	0.0038	208915	92329	78752.0	0.0	-369.0	-86.0	636.0	-614.0
29	0.0039	208654	92267	78879.0	592.0	-261.0	-62.0	127.0	592.0
30	0.004	208498	92795	31871.0	576.0	-156.0	528.0	-47008.0	-16.0
31	0.0041	209588	90299	119701.0	549.0	1090.0	-2496.0	87830.0	-27.0
32	0.0042	202387	88117	74303.0	530.0	-7201.0	-2182.0	-45398.0	-19.0
33	0.0043	195769	88250	75113.0	0.0	-6618.0	133.0	810.0	-530.0
34	0.0044	197513	89188	75573.0	516.0	1744.0	938.0	460.0	516.0
35	0.0045	198527	89548	75825.0	511.0	1014.0	360.0	252.0	-5.0
36	0.0046	200690	89797	75802.0	507.0	2163.0	249.0	-23.0	-4.0
37	0.0047	201443	90009	75887.0	503.0	753.0	212.0	85.0	-4.0
38	0.0048	201893	90203	76097.0	501.0	450.0	194.0	210.0	-2.0
39	0.0049	202311	90372	76218.0	499.0	418.0	169.0	121.0	-2.0
40	0.005	202780	90538	76369.0	489.0	469.0	166.0	151.0	-10.0
41	0.0051	206324	90696	76588.0	485.0	3544.0	158.0	219.0	-4.0
42	0.0052	206734	90825	77177.0	480.0	410.0	129.0	589.0	-5.0
43	0.0053	205505	91473	77308.0	478.0	-1229.0	648.0	131.0	-2.0
44	0.0054	205464	91561	77321.0	478.0	-41.0	88.0	13.0	0.0
45	0.0055	205587	91620	77346.0	476.0	123.0	59.0	25.0	-2.0
46	0.0056	204431	91654	77616.0	477.0	-1156.0	34.0	270.0	1.0
47	0.0057	205875	91678	77367.0	477.0	1444.0	24.0	-249.0	0.0
48	0.0058	206085	91719	77447.0	479.0	210.0	41.0	80.0	2.0
49	0.0059	207211	92132	77492.0	477.0	1126.0	413.0	45.0	-2.0
50	0.006	208591	92158	77830.0	477.0	1380.0	26.0	338.0	0.0
51	0.0061	207232	92113	77811.0	475.0	-1359.0	-45.0	-19.0	-2.0
52	0.0062	207039	92086	77765.0	0.0	-193.0	-27.0	-46.0	-475.0
53	0.0063	206843	92042	77733.0	951.0	-196.0	-44.0	-32.0	951.0
54	0.0064	206782	92003	77626.0	0.0	-61.0	-39.0	-107.0	-951.0
55	0.0065	206397	92389	78146.0	477.0	-385.0	386.0	520.0	477.0
56	0.0066	207679	92357	78000.0	475.0	1282.0	-32.0	-146.0	-2.0
57	0.0067	207666	92298	77984.0	475.0	-13.0	-59.0	-16.0	0.0
58	0.0068	207466	92215	77889.0	473.0	-200.0	-83.0	-95.0	-2.0
59	0.0069	207385	92174	77860.0	472.0	-81.0	-41.0	-29.0	-1.0
60	0.007	207281	92133	77837.0	472.0	-104.0	-41.0	-23.0	0.0
61	0.0071	207216	92113	77781.0	472.0	-65.0	-20.0	-56.0	0.0
62	0.0072	207157	92101	77814.0	472.0	-59.0	-12.0	33.0	0.0
63	0.0073	207072	92069	77730.0	472.0	-85.0	-32.0	-84.0	0.0
64	0.0074	207114	92070	77806.0	472.0	42.0	1.0	76.0	0.0
65	0.0075	207059	92054	77749.0	472.0	-55.0	-16.0	-57.0	0.0
66	0.0076	207110	92051	77809.0	471.0	51.0	-3.0	60.0	-1.0
67	0.0077	207142	92039	77791.0	471.0	32.0	-12.0	-18.0	0.0
68	0.0078	207174	92042	77799.0	466.0	32.0	3.0	8.0	-5.0
69	0.0079	210183	92039	78172.0	463.0	3009.0	-3.0	373.0	-3.0
70	0.008	208959	92044	78328.0	463.0	-1224.0	5.0	156.0	0.0
71	0.0081	207422	91962	78433.0	467.0	-1537.0	-82.0	105.0	4.0
72	0.0082	208240	90734	76952.0	460.0	818.0	-1228.0	-1481.0	-7.0
73	0.0083	205251	90727	77135.0	468.0	-2989.0	-7.0	183.0	8.0
74	0.0084	203944	90842	76980.0	464.0	-1307.0	115.0	-155.0	-4.0
75	0.0085	205505	90976	77285.0	464.0	1561.0	134.0	305.0	0.0
76	0.0086	205846	91087	77374.0	463.0	341.0	111.0	89.0	-1.0
77	0.0087	206018	91188	77394.0	464.0	172.0	101.0	20.0	1.0
78	0.0088	206180	91263	77504.0	461.0	162.0	75.0	110.0	-3.0
79	0.0089	206258	91888	77457.0	461.0	78.0	625.0	-47.0	0.0
80	0.009	206374	91965	77551.0	461.0	116.0	77.0	94.0	0.0
81	0.0091	206421	91935	77518.0	461.0	47.0	-30.0	-33.0	0.0
82	0.0092	206462	91945	77562.0	461.0	41.0	10.0	44.0	0.0
83	0.0093	206468	91927	77560.0	461.0	6.0	-18.0	-2.0	0.0
84	0.0094	206528	91924	77572.0	461.0	60.0	-3.0	12.0	0.0
85	0.0095	206578	91910	77603.0	461.0	50.0	-14.0	31.0	0.0
86	0.0096	206611	91908	77553.0	462.0	33.0	-2.0	-50.0	1.0
87	0.0097	206625	91901	77621.0	462.0	14.0	-7.0	68.0	0.0
88	0.0098	206532	91876	77542.0	463.0	-93.0	-25.0	-79.0	1.0
89	0.0099	206543	91891	77605.0	463.0	11.0	15.0	63.0	0.0
90	0.01	206566	91881	77568.0	465.0	23.0	-10.0	-37.0	2.0
91	0.0101	206543	91886	77546.0	465.0	-23.0	5.0	-22.0	0.0
92	0.0102	206474	91869	77532.0	466.0	-69.0	-17.0	-14.0	1.0
93	0.0103	206395	91863	77460.0	468.0	-79.0	-6.0	-72.0	2.0
94	0.0104	206334	91865	77547.0	468.0	-61.0	2.0	87.0	0.0
95	0.0105	206334	91865	77474.0	468.0	0.0	0.0	-73.0	0.0
96	0.0106	206367	91881	77532.0	467.0	33.0	16.0	58.0	-1.0
97	0.0107	206370	91866	77509.0	467.0	3.0	-15.0	-23.0	0.0
98	0.0108	206418	91871	77522.0	466.0	48.0	5.0	13.0	-1.0
99	0.0109	206413	91857	77517.0	467.0	-5.0	-14.0	-5.0	1.0
100	0.011	206445	91857	77495.0	467.0	32.0	0.0	-22.0	0.0
101	0.0111	206432	91862	77555.0	468.0	-13.0	5.0	60.0	1.0
102	0.0112	206316	91834	77456.0	467.0	-116.0	-28.0	-99.0	-1.0
103	0.0113	206292	91834	77497.0	468.0	-24.0	0.0	41.0	1.0
104	0.0114	206244	91824	77442.0	467.0	-48.0	-10.0	-55.0	-1.0
105	0.0115	206198	91824	77435.0	467.0	-46.0	0.0	-7.0	0.0
106	0.0116	206166	91816	77408.0	0.0	-32.0	-8.0	-27.0	-467.0
107	0.0117	206108	91802	77360.0	467.0	-58.0	-14.0	-48.0	467.0
108	0.0118	206082	91804	77451.0	467.0	-26.0	2.0	91.0	0.0
109	0.0119	206117	91794	77382.0	467.0	35.0	-10.0	-69.0	0.0
110	0.012	206105	91791	77429.0	467.0	-12.0	-3.0	47.0	0.0
111	0.0121	206093	91755	77386.0	468.0	-12.0	-36.0	-43.0	1.0
112	0.0122	201908	89926	75779.0	458.0	-4185.0	-1829.0	-1607.0	-10.0
113	0.0123	201673	89882	75471.0	459.0	-235.0	-44.0	-308.0	1.0
114	0.0124	203462	90053	75575.0	459.0	1789.0	171.0	104.0	0.0
115	0.0125	203851	90232	76153.0	460.0	389.0	179.0	578.0	1.0
116	0.0126	202840	90372	76270.0	460.0	-1011.0	140.0	117.0	0.0
117	0.0127	202994	89138	75475.0	456.0	154.0	-1234.0	-795.0	-4.0
118	0.0128	201584	90205	76403.0	460.0	-1410.0	1067.0	928.0	4.0
119	0.0129	203931	91411	77325.0	465.0	2347.0	1206.0	922.0	5.0
120	0.013	206537	92535	78300.0	470.0	2606.0	1124.0	975.0	5.0
121	0.0131	419976	93519	79094.0	473.0	213439.0	984.0	794.0	3.0
122	0.0132	213145	94423	79861.0	957.0	-206831.0	904.0	767.0	484.0
123	0.0133	214923	95236	80579.0	483.0	1778.0	813.0	718.0	-474.0
124	0.0134	216510	95960	81164.0	487.0	1587.0	724.0	585.0	4.0
125	0.0135	217866	96607	81719.0	489.0	1356.0	647.0	555.0	2.0
126	0.0136	219125	97181	115593.0	492.0	1259.0	574.0	33874.0	3.0
127	0.0137	220253	97685	82812.0	493.0	1128.0	504.0	-32781.0	1.0
128	0.0138	221336	196702	83166.0	496.0	1083.0	99017.0	354.0	3.0
129	0.0139	222299	98932	83584.0	498.0	963.0	-97770.0	418.0	2.0
130	0.014	223128	99245	83829.0	498.0	829.0	313.0	245.0	0.0
131	0.0141	223819	99522	84089.0	500.0	691.0	277.0	260.0	2.0
132	0.0142	224536	99795	134661.0	502.0	717.0	273.0	50572.0	2.0
133	0.0143	225114	100021	84983.0	497.0	578.0	226.0	-49678.0	-5.0
134	0.0144	227137	100234	85242.0	499.0	2023.0	213.0	259.0	2.0
135	0.0145	227730	100435	85431.0	500.0	593.0	201.0	189.0	1.0
136	0.0146	228060	100611	85506.0	500.0	330.0	176.0	75.0	0.0
137	0.0147	228372	100750	85635.0	506.0	312.0	139.0	129.0	6.0
138	0.0148	227224	100889	85442.0	511.0	-1148.0	139.0	-193.0	5.0
139	0.0149	227371	100997	85780.0	506.0	147.0	108.0	338.0	-5.0
140	0.015	229110	101087	85919.0	506.0	1739.0	90.0	139.0	0.0
141	0.0151	229287	101127	85966.0	507.0	177.0	40.0	47.0	1.0
142	0.0152	229388	101201	85966.0	508.0	101.0	74.0	0.0	1.0
143	0.0153	229539	101276	86030.0	508.0	151.0	75.0	64.0	0.0
144	0.0154	229576	101357	86139.0	509.0	37.0	81.0	109.0	1.0
145	0.0155	229688	101387	86130.0	507.0	112.0	30.0	-9.0	-2.0
146	0.0156	229779	101438	86410.0	507.0	91.0	51.0	280.0	0.0
147	0.0157	229880	101482	86509.0	508.0	101.0	44.0	99.0	1.0
148	0.0158	229887	101538	86438.0	514.0	7.0	56.0	-71.0	6.0
149	0.0159	229875	101573	86181.0	514.0	-12.0	35.0	-257.0	0.0
150	0.016	229790	101591	34878.0	513.0	-85.0	18.0	-51303.0	-1.0
151	0.0161	228997	101314	85929.0	507.0	-793.0	-277.0	51051.0	-6.0
152	0.0162	225777	99943	84699.0	508.0	-3220.0	-1371.0	-1230.0	1.0
153	0.0163	225857	99983	84741.0	506.0	80.0	40.0	42.0	-2.0
154	0.0164	226190	100178	135746.0	510.0	333.0	195.0	51005.0	4.0
155	0.0165	226677	100361	85149.0	511.0	487.0	183.0	-50597.0	1.0
156	0.0166	227038	100524	85277.0	509.0	361.0	163.0	128.0	-2.0
157	0.0167	227382	100687	85677.0	511.0	344.0	163.0	400.0	2.0
158	0.0168	227689	100838	85741.0	512.0	307.0	151.0	64.0	1.0
159	0.0169	228015	100933	85819.0	512.0	326.0	95.0	78.0	0.0
160	0.017	228171	101033	85942.0	513.0	156.0	100.0	123.0	1.0
161	0.0171	228428	101138	85949.0	518.0	257.0	105.0	7.0	5.0
