	time	ins	cycle	memory	branchm	ins_d	cycle_d	memory_d	branchm_d
0	0.001	101610.0	46889	52554.0	0.0	0.0	0.0	0.0	0.0
1	0.0011	149980.0	100270	68877.0	0.0	48370.0	53381.0	16323.0	0.0
2	0.0012	201539.0	55679	57463.0	1296.0	51559.0	-44591.0	-11414.0	1296.0
3	0.0013	250096.0	59929	96947.0	0.0	48557.0	4250.0	39484.0	-1296.0
4	0.0014	137469.0	127879	53522.0	0.0	-112627.0	67950.0	-43425.0	0.0
5	0.0015	301241.0	68717	92130.0	1185.0	163772.0	-59162.0	38608.0	1185.0
6	0.0016	160774.0	71828	85087.0	0.0	-140467.0	3111.0	-7043.0	-1185.0
7	0.0017	165254.0	151162	63432.0	0.0	4480.0	79334.0	-21655.0	0.0
8	0.0018	170882.0	78742	65411.0	1088.0	5628.0	-72420.0	1979.0	1088.0
9	0.0019	178053.0	80798	67031.0	0.0	7171.0	2056.0	1620.0	-1088.0
10	0.002	367408.0	82488	138890.0	1005.0	189355.0	1690.0	71859.0	1005.0
11	0.0021	188596.0	84120	71387.0	0.0	-178812.0	1632.0	-67503.0	-1005.0
12	0.0022	192003.0	85585	72084.0	0.0	3407.0	1465.0	697.0	0.0
13	0.0023	195133.0	86297	73132.0	934.0	3130.0	712.0	1048.0	934.0
14	0.0024	197714.0	87456	73830.0	0.0	2581.0	1159.0	698.0	-934.0
15	0.0025	197258.0	87876	74816.0	870.0	-456.0	420.0	986.0	870.0
16	0.0026	199482.0	178039	75268.0	817.0	2224.0	90163.0	452.0	-53.0
17	0.0027	201714.0	90025	75644.0	0.0	2232.0	-88014.0	376.0	-817.0
18	0.0028	202230.0	90255	76329.0	771.0	516.0	230.0	685.0	771.0
19	0.0029	204030.0	90981	76508.0	0.0	1800.0	726.0	179.0	-771.0
20	0.003	205750.0	91122	76858.0	730.0	1720.0	141.0	350.0	730.0
21	0.0031	205923.0	91749	77229.0	696.0	173.0	627.0	371.0	-34.0
22	0.0032	205998.0	91812	77247.0	0.0	75.0	63.0	18.0	-696.0
23	0.0033	205918.0	91800	77803.0	667.0	-80.0	-12.0	556.0	667.0
24	0.0034	207265.0	92351	77833.0	642.0	1347.0	551.0	30.0	-25.0
25	0.0035	205999.0	92341	78065.0	0.0	-1266.0	-10.0	232.0	-642.0
26	0.0036	208820.0	92262	77967.0	618.0	2821.0	-79.0	-98.0	618.0
27	0.0037	208776.0	92751	77884.0	600.0	-44.0	489.0	-83.0	-18.0
28	0.0038	208352.0	92691	78094.0	584.0	-424.0	-60.0	210.0	-16.0
29	0.0039	208095.0	92593	78037.0	567.0	-257.0	-98.0	-57.0	-17.0
30	0.004	207786.0	92473	78416.0	0.0	-309.0	-120.0	379.0	-567.0
31	0.0041	209004.0	92388	78095.0	556.0	1218.0	-85.0	-321.0	556.0
32	0.0042	207478.0	92872	78618.0	542.0	-1526.0	484.0	523.0	-14.0
33	0.0043	208637.0	92816	78286.0	534.0	1159.0	-56.0	-332.0	-8.0
34	0.0044	208535.0	92724	78275.0	517.0	-102.0	-92.0	-11.0	-17.0
35	0.0045	209729.0	91624	77092.0	0.0	1194.0	-1100.0	-1183.0	-517.0
36	0.0046	206158.0	89618	75400.0	503.0	-3571.0	-2006.0	-1692.0	503.0
37	0.0047	201389.0	89588	75336.0	498.0	-4769.0	-30.0	-64.0	-5.0
38	0.0048	200077.0	90237	75977.0	495.0	-1312.0	649.0	641.0	-3.0
39	0.0049	201528.0	90981	76402.0	492.0	1451.0	744.0	425.0	-3.0
40	0.005	203524.0	91129	76570.0	486.0	1996.0	148.0	168.0	-6.0
41	0.0051	203997.0	91212	76733.0	483.0	473.0	83.0	163.0	-3.0
42	0.0052	204254.0	91277	76789.0	482.0	257.0	65.0	56.0	-1.0
43	0.0053	204502.0	91322	76833.0	479.0	248.0	45.0	44.0	-3.0
44	0.0054	203311.0	91340	77153.0	479.0	-1191.0	18.0	320.0	0.0
45	0.0055	204767.0	91356	76915.0	473.0	1456.0	16.0	-238.0	-6.0
46	0.0056	206491.0	91398	77216.0	473.0	1724.0	42.0	301.0	0.0
47	0.0057	206611.0	91426	77193.0	471.0	120.0	28.0	-23.0	-2.0
48	0.0058	206539.0	91461	77228.0	470.0	-72.0	35.0	35.0	-1.0
49	0.0059	206512.0	91470	77266.0	470.0	-27.0	9.0	38.0	0.0
50	0.006	206474.0	91502	77231.0	470.0	-38.0	32.0	-35.0	0.0
51	0.0061	206429.0	91531	77330.0	470.0	-45.0	29.0	99.0	0.0
52	0.0062	206362.0	91553	77242.0	470.0	-67.0	22.0	-88.0	0.0
53	0.0063	206287.0	91584	77321.0	470.0	-75.0	31.0	79.0	0.0
54	0.0064	206333.0	91594	77305.0	469.0	46.0	10.0	-16.0	-1.0
55	0.0065	206365.0	91606	77328.0	0.0	32.0	12.0	23.0	-469.0
56	0.0066	206318.0	91606	77360.0	935.0	-47.0	0.0	32.0	935.0
57	0.0067	206295.0	92185	77310.0	468.0	-23.0	579.0	-50.0	-467.0
58	0.0068	205997.0	92625	77858.0	0.0	-298.0	440.0	548.0	-468.0
59	0.0069	207260.0	92557	77700.0	469.0	1263.0	-68.0	-158.0	469.0
60	0.007	207212.0	92470	77700.0	468.0	-48.0	-87.0	0.0	-1.0
61	0.0071	207056.0	92383	77626.0	468.0	-156.0	-87.0	-74.0	0.0
62	0.0072	206952.0	92298	77599.0	468.0	-104.0	-85.0	-27.0	0.0
63	0.0073	206842.0	92222	77911.0	465.0	-110.0	-76.0	312.0	-3.0
64	0.0074	206853.0	92181	77873.0	465.0	11.0	-41.0	-38.0	0.0
65	0.0075	206702.0	92125	77864.0	465.0	-151.0	-56.0	-9.0	0.0
66	0.0076	206605.0	92071	77741.0	465.0	-97.0	-54.0	-123.0	0.0
67	0.0077	206553.0	92038	77775.0	465.0	-52.0	-33.0	34.0	0.0
68	0.0078	206485.0	91987	77682.0	465.0	-68.0	-51.0	-93.0	0.0
69	0.0079	206388.0	91944	77653.0	465.0	-97.0	-43.0	-29.0	0.0
70	0.008	206317.0	91902	77613.0	464.0	-71.0	-42.0	-40.0	-1.0
71	0.0081	206358.0	91887	77580.0	464.0	41.0	-15.0	-33.0	0.0
72	0.0082	206313.0	91872	77619.0	464.0	-45.0	-15.0	39.0	0.0
73	0.0083	206282.0	91845	77503.0	464.0	-31.0	-27.0	-116.0	0.0
74	0.0084	206127.0	91810	77547.0	463.0	-155.0	-35.0	44.0	-1.0
75	0.0085	206040.0	91742	77420.0	464.0	-87.0	-68.0	-127.0	1.0
76	0.0086	202288.0	90127	75995.0	456.0	-3752.0	-1615.0	-1425.0	-8.0
77	0.0087	202047.0	90092	75933.0	457.0	-241.0	-35.0	-62.0	1.0
78	0.0088	202328.0	90240	76003.0	457.0	281.0	148.0	70.0	0.0
79	0.0089	202681.0	90406	76239.0	457.0	353.0	166.0	236.0	0.0
80	0.009	203054.0	90538	76277.0	457.0	373.0	132.0	38.0	0.0
81	0.0091	203412.0	90675	76437.0	457.0	358.0	137.0	160.0	0.0
82	0.0092	203717.0	90783	76565.0	458.0	305.0	108.0	128.0	1.0
83	0.0093	203988.0	90884	76588.0	452.0	271.0	101.0	23.0	-6.0
84	0.0094	205619.0	90976	76973.0	458.0	1631.0	92.0	385.0	6.0
85	0.0095	205781.0	91050	76800.0	462.0	162.0	74.0	-173.0	4.0
86	0.0096	204559.0	91122	76852.0	463.0	-1222.0	72.0	52.0	1.0
87	0.0097	204502.0	91159	76883.0	460.0	-57.0	37.0	31.0	-3.0
88	0.0098	206131.0	91223	76893.0	458.0	1629.0	64.0	10.0	-2.0
89	0.0099	206177.0	91238	77238.0	459.0	46.0	15.0	345.0	1.0
90	0.01	206176.0	91292	77212.0	459.0	-1.0	54.0	-26.0	0.0
91	0.0101	206267.0	91348	77291.0	461.0	91.0	56.0	79.0	2.0
92	0.0102	206233.0	91379	77264.0	461.0	-34.0	31.0	-27.0	0.0
93	0.0103	206204.0	91417	77269.0	461.0	-29.0	38.0	5.0	0.0
94	0.0104	206160.0	91433	77303.0	461.0	-44.0	16.0	34.0	0.0
95	0.0105	206131.0	91461	77236.0	461.0	-29.0	28.0	-67.0	0.0
96	0.0106	206112.0	91491	77337.0	462.0	-19.0	30.0	101.0	1.0
97	0.0107	206022.0	91508	77250.0	462.0	-90.0	17.0	-87.0	0.0
98	0.0108	205972.0	91525	77297.0	462.0	-50.0	17.0	47.0	0.0
99	0.0109	206029.0	91546	77280.0	462.0	57.0	21.0	-17.0	0.0
100	0.011	206022.0	91569	77285.0	462.0	-7.0	23.0	5.0	0.0
101	0.0111	206036.0	91587	77331.0	462.0	14.0	18.0	46.0	0.0
102	0.0112	206064.0	91607	77284.0	462.0	28.0	20.0	-47.0	0.0
103	0.0113	206084.0	91630	77405.0	462.0	20.0	23.0	121.0	0.0
104	0.0114	206067.0	91635	77312.0	462.0	-17.0	5.0	-93.0	0.0
105	0.0115	206044.0	91650	77350.0	462.0	-23.0	15.0	38.0	0.0
106	0.0116	205999.0	91657	77321.0	462.0	-45.0	7.0	-29.0	0.0
107	0.0117	206024.0	91678	77329.0	462.0	25.0	21.0	8.0	0.0
108	0.0118	206021.0	91680	77350.0	463.0	-3.0	2.0	21.0	1.0
109	0.0119	205976.0	91674	77272.0	463.0	-45.0	-6.0	-78.0	0.0
110	0.012	205913.0	91679	77369.0	463.0	-63.0	5.0	97.0	0.0
111	0.0121	205929.0	91680	77283.0	464.0	16.0	1.0	-86.0	1.0
112	0.0122	205894.0	91684	77310.0	463.0	-35.0	4.0	27.0	-1.0
113	0.0123	205868.0	91679	77307.0	463.0	-26.0	-5.0	-3.0	0.0
114	0.0124	205942.0	91678	77308.0	0.0	74.0	-1.0	1.0	-463.0
115	0.0125	205812.0	91635	77288.0	463.0	-130.0	-43.0	-20.0	463.0
116	0.0126	202137.0	0	75844.0	457.0	-3675.0	-91635.0	-1444.0	-6.0
117	0.0127	202003.0	179161	75521.0	450.0	-134.0	179161.0	-323.0	-7.0
118	0.0128	201113.0	90140	75908.0	459.0	-890.0	-89021.0	387.0	9.0
119	0.0129	203613.0	91968	76890.0	926.0	2500.0	1828.0	982.0	467.0
120	0.013	206283.0	93100	77892.0	469.0	2670.0	1132.0	1002.0	-457.0
121	0.0131	208678.0	94027	78681.0	473.0	2395.0	927.0	789.0	4.0
122	0.0132	423644.0	94866	79539.0	477.0	214966.0	839.0	858.0	4.0
123	0.0133	214517.0	95586	128302.0	481.0	-209127.0	720.0	48763.0	4.0
124	0.0134	216006.0	96250	81134.0	485.0	1489.0	664.0	-47168.0	4.0
125	0.0135	217329.0	96820	81592.0	488.0	1323.0	570.0	458.0	3.0
126	0.0136	218560.0	97357	115712.0	487.0	1231.0	537.0	34120.0	-1.0
127	0.0137	219769.0	97813	82800.0	493.0	1209.0	456.0	-32912.0	6.0
128	0.0138	220798.0	98251	83353.0	493.0	1029.0	438.0	553.0	0.0
129	0.0139	221680.0	98607	83694.0	495.0	882.0	356.0	341.0	2.0
130	0.014	222506.0	98943	83973.0	497.0	826.0	336.0	279.0	2.0
131	0.0141	223245.0	99238	84180.0	497.0	739.0	295.0	207.0	0.0
132	0.0142	223956.0	99500	84516.0	497.0	711.0	262.0	336.0	0.0
133	0.0143	224581.0	99743	84597.0	499.0	625.0	243.0	81.0	2.0
134	0.0144	224956.0	99933	84716.0	499.0	375.0	190.0	119.0	0.0
135	0.0145	225412.0	100099	84915.0	500.0	456.0	166.0	199.0	1.0
136	0.0146	225791.0	100265	84972.0	501.0	379.0	166.0	57.0	1.0
137	0.0147	226177.0	100403	85113.0	501.0	386.0	138.0	141.0	0.0
138	0.0148	226516.0	100538	85272.0	501.0	339.0	135.0	159.0	0.0
139	0.0149	226833.0	100663	85293.0	503.0	317.0	125.0	21.0	2.0
140	0.015	227015.0	100768	85382.0	503.0	182.0	105.0	89.0	0.0
141	0.0151	227275.0	100849	85483.0	504.0	260.0	81.0	101.0	1.0
142	0.0152	227372.0	100944	85443.0	506.0	97.0	95.0	-40.0	2.0
143	0.0153	227464.0	101008	85509.0	506.0	92.0	64.0	66.0	0.0
144	0.0154	227627.0	101075	85632.0	506.0	163.0	67.0	123.0	0.0
145	0.0155	227874.0	101142	85604.0	508.0	247.0	67.0	-28.0	2.0
146	0.0156	227906.0	101196	85641.0	508.0	32.0	54.0	37.0	0.0
147	0.0157	228061.0	101231	85763.0	508.0	155.0	35.0	122.0	0.0
148	0.0158	228258.0	101290	85746.0	508.0	197.0	59.0	-17.0	0.0
149	0.0159	228272.0	101335	85758.0	508.0	14.0	45.0	12.0	0.0
150	0.016	228390.0	101362	85878.0	508.0	118.0	27.0	120.0	0.0
151	0.0161	228513.0	101414	85853.0	508.0	123.0	52.0	-25.0	0.0
152	0.0162	228569.0	101433	85827.0	509.0	56.0	19.0	-26.0	1.0
153	0.0163	228629.0	101458	85901.0	510.0	60.0	25.0	74.0	1.0
154	0.0164	228709.0	101483	85931.0	509.0	80.0	25.0	30.0	-1.0
155	0.0165	228294.0	101512	85702.0	504.0	-415.0	29.0	-229.0	-5.0
156	0.0166	225470.0	101321	84687.0	505.0	-2824.0	-191.0	-1015.0	1.0
157	0.0167	225539.0	100161	84739.0	506.0	69.0	-1160.0	52.0	1.0
158	0.0168	225876.0	100186	84784.0	506.0	337.0	25.0	45.0	0.0
159	0.0169	226155.0	100332	84935.0	508.0	279.0	146.0	151.0	2.0
160	0.017	226471.0	100471	85083.0	508.0	316.0	139.0	148.0	0.0
