	time	ins	cycle	memory	branchm	ins_d	cycle_d	memory_d	branchm_d
0	0.001	56284.0	74499	21197.0	0.0	0.0	0.0	0.0	0.0
1	0.0011	116886.0	42971	58858.0	1244.0	60602.0	-31528.0	37661.0	1244.0
2	0.0012	149272.0	92103	65835.0	0.0	32386.0	49132.0	6977.0	-1244.0
3	0.0013	210095.0	52096	87297.0	1183.0	60823.0	-40007.0	21462.0	1183.0
4	0.0014	262189.0	118907	70930.0	0.0	52094.0	66811.0	-16367.0	-1183.0
5	0.0015	146153.0	67091	92561.0	0.0	-116036.0	-51816.0	21631.0	0.0
6	0.0016	321681.0	145591	86193.0	1089.0	175528.0	78500.0	-6368.0	1089.0
7	0.0017	173872.0	78453	65532.0	0.0	-147809.0	-67138.0	-20661.0	-1089.0
8	0.0018	179727.0	81034	68034.0	1010.0	5855.0	2581.0	2502.0	1010.0
9	0.0019	186353.0	83223	143578.0	0.0	6626.0	2189.0	75544.0	-1010.0
10	0.002	389196.0	173460	74578.0	942.0	202843.0	90237.0	-69000.0	942.0
11	0.0021	201660.0	89797	76450.0	0.0	-187536.0	-83663.0	1872.0	-942.0
12	0.0022	204604.0	91137	77470.0	884.0	2944.0	1340.0	1020.0	884.0
13	0.0023	208716.0	92886	78961.0	0.0	4112.0	1749.0	1491.0	-884.0
14	0.0024	211210.0	93943	75883.0	762.0	2494.0	1057.0	-3078.0	762.0
15	0.0025	196970.0	88414	73037.0	716.0	-14240.0	-5529.0	-2846.0	-46.0
16	0.0026	192949.0	86678	73062.0	0.0	-4021.0	-1736.0	25.0	-716.0
17	0.0027	197241.0	88492	73337.0	687.0	4292.0	1814.0	275.0	687.0
18	0.0028	195049.0	87791	73604.0	0.0	-2192.0	-701.0	267.0	-687.0
19	0.0029	195801.0	88650	74238.0	652.0	752.0	859.0	634.0	652.0
20	0.003	198141.0	89020	74521.0	629.0	2340.0	370.0	283.0	-23.0
21	0.0031	199106.0	89317	75122.0	606.0	965.0	297.0	601.0	-23.0
22	0.0032	199840.0	90141	75665.0	0.0	734.0	824.0	543.0	-606.0
23	0.0033	201882.0	90363	75826.0	588.0	2042.0	222.0	161.0	588.0
24	0.0034	202477.0	90516	76305.0	570.0	595.0	153.0	479.0	-18.0
25	0.0035	202963.0	90651	76751.0	554.0	486.0	135.0	446.0	-16.0
26	0.0036	204645.0	91317	76785.0	543.0	1682.0	666.0	34.0	-11.0
27	0.0037	204931.0	91407	76843.0	0.0	286.0	90.0	58.0	-543.0
28	0.0038	204884.0	91414	77156.0	533.0	-47.0	7.0	313.0	533.0
29	0.0039	204912.0	91430	77150.0	523.0	28.0	16.0	-6.0	-10.0
30	0.004	205036.0	91457	77457.0	511.0	124.0	27.0	307.0	-12.0
31	0.0041	206449.0	92027	77414.0	505.0	1413.0	570.0	-43.0	-6.0
32	0.0042	206520.0	92027	77432.0	501.0	71.0	0.0	18.0	-4.0
33	0.0043	206517.0	91977	77371.0	498.0	-3.0	-50.0	-61.0	-3.0
34	0.0044	206420.0	91946	77366.0	491.0	-97.0	-31.0	-5.0	-7.0
35	0.0045	206327.0	91914	77689.0	489.0	-93.0	-32.0	323.0	-2.0
36	0.0046	206329.0	91903	77668.0	0.0	2.0	-11.0	-21.0	-489.0
37	0.0047	206364.0	91900	77713.0	487.0	35.0	-3.0	45.0	487.0
38	0.0048	206266.0	91870	77625.0	481.0	-98.0	-30.0	-88.0	-6.0
39	0.0049	206249.0	91854	77863.0	481.0	-17.0	-16.0	238.0	0.0
40	0.005	206154.0	91823	77779.0	476.0	-95.0	-31.0	-84.0	-5.0
41	0.0051	206171.0	92362	77754.0	475.0	17.0	539.0	-25.0	-1.0
42	0.0052	206126.0	92346	77698.0	471.0	-45.0	-16.0	-56.0	-4.0
43	0.0053	207486.0	92260	77639.0	471.0	1360.0	-86.0	-59.0	0.0
44	0.0054	207435.0	92196	77635.0	470.0	-51.0	-64.0	-4.0	-1.0
45	0.0055	207293.0	92138	77548.0	470.0	-142.0	-58.0	-87.0	0.0
46	0.0056	207102.0	92087	77567.0	470.0	-191.0	-51.0	19.0	0.0
47	0.0057	206954.0	92031	77488.0	470.0	-148.0	-56.0	-79.0	0.0
48	0.0058	206802.0	91990	77490.0	470.0	-152.0	-41.0	2.0	0.0
49	0.0059	206633.0	91948	77410.0	470.0	-169.0	-42.0	-80.0	0.0
50	0.006	206475.0	91909	77377.0	470.0	-158.0	-39.0	-33.0	0.0
51	0.0061	206356.0	91879	77368.0	470.0	-119.0	-30.0	-9.0	0.0
52	0.0062	206266.0	91854	77307.0	470.0	-90.0	-25.0	-61.0	0.0
53	0.0063	206168.0	91844	77354.0	470.0	-98.0	-10.0	47.0	0.0
54	0.0064	206079.0	91803	77266.0	468.0	-89.0	-41.0	-88.0	-2.0
55	0.0065	205946.0	91769	76393.0	460.0	-133.0	-34.0	-873.0	-8.0
56	0.0066	201792.0	90002	75691.0	460.0	-4154.0	-1767.0	-702.0	0.0
57	0.0067	201703.0	89962	75717.0	461.0	-89.0	-40.0	26.0	1.0
58	0.0068	201979.0	90090	75892.0	461.0	276.0	128.0	175.0	0.0
59	0.0069	202268.0	90240	75950.0	462.0	289.0	150.0	58.0	1.0
60	0.007	202693.0	90386	76137.0	462.0	425.0	146.0	187.0	0.0
61	0.0071	202950.0	90511	76235.0	462.0	257.0	125.0	98.0	0.0
62	0.0072	203274.0	90635	76305.0	460.0	324.0	124.0	70.0	-2.0
63	0.0073	203477.0	90725	76794.0	0.0	203.0	90.0	489.0	-460.0
64	0.0074	203746.0	90828	76841.0	460.0	269.0	103.0	47.0	460.0
65	0.0075	203972.0	90918	76896.0	460.0	226.0	90.0	55.0	0.0
66	0.0076	204188.0	91011	76957.0	460.0	216.0	93.0	61.0	0.0
67	0.0077	204385.0	91089	76971.0	460.0	197.0	78.0	14.0	0.0
68	0.0078	204501.0	91166	77068.0	460.0	116.0	77.0	97.0	0.0
69	0.0079	204763.0	91229	77082.0	462.0	262.0	63.0	14.0	2.0
70	0.008	204894.0	91292	77133.0	462.0	131.0	63.0	51.0	0.0
71	0.0081	205059.0	91351	77165.0	462.0	165.0	59.0	32.0	0.0
72	0.0082	205088.0	91389	77140.0	462.0	29.0	38.0	-25.0	0.0
73	0.0083	205165.0	91420	77218.0	464.0	77.0	31.0	78.0	2.0
74	0.0084	205186.0	91440	77152.0	464.0	21.0	20.0	-66.0	0.0
75	0.0085	205272.0	91488	77220.0	464.0	86.0	48.0	68.0	0.0
76	0.0086	205348.0	91515	77201.0	464.0	76.0	27.0	-19.0	0.0
77	0.0087	205429.0	91547	77237.0	464.0	81.0	32.0	36.0	0.0
78	0.0088	205571.0	91574	77281.0	465.0	142.0	27.0	44.0	1.0
79	0.0089	205583.0	91594	77262.0	461.0	12.0	20.0	-19.0	-4.0
80	0.009	205728.0	91623	77564.0	461.0	145.0	29.0	302.0	0.0
81	0.0091	205747.0	91626	77544.0	457.0	19.0	3.0	-20.0	-4.0
82	0.0092	205893.0	92211	77573.0	461.0	146.0	585.0	29.0	4.0
83	0.0093	205920.0	91712	77540.0	461.0	27.0	-499.0	-33.0	0.0
84	0.0094	205942.0	91685	77544.0	462.0	22.0	-27.0	4.0	1.0
85	0.0095	206036.0	91696	77562.0	459.0	94.0	11.0	18.0	-3.0
86	0.0096	206100.0	92258	77524.0	460.0	64.0	562.0	-38.0	1.0
87	0.0097	206094.0	92258	77581.0	460.0	-6.0	0.0	57.0	0.0
88	0.0098	206148.0	92217	77528.0	460.0	54.0	-41.0	-53.0	0.0
89	0.0099	206121.0	92177	77585.0	460.0	-27.0	-40.0	57.0	0.0
90	0.01	206160.0	92118	77516.0	458.0	39.0	-59.0	-69.0	-2.0
91	0.0101	207532.0	92075	77515.0	463.0	1372.0	-43.0	-1.0	5.0
92	0.0102	206259.0	92036	77515.0	460.0	-1273.0	-39.0	0.0	-3.0
93	0.0103	207561.0	92004	77480.0	460.0	1302.0	-32.0	-35.0	0.0
94	0.0104	207520.0	91980	77517.0	460.0	-41.0	-24.0	37.0	0.0
95	0.0105	207166.0	91886	76568.0	456.0	-354.0	-94.0	-949.0	-4.0
96	0.0106	202219.0	90239	75983.0	456.0	-4947.0	-1647.0	-585.0	0.0
97	0.0107	202062.0	90194	75969.0	454.0	-157.0	-45.0	-14.0	-2.0
98	0.0108	203820.0	90323	76113.0	454.0	1758.0	129.0	144.0	0.0
99	0.0109	204196.0	90481	76275.0	455.0	376.0	158.0	162.0	1.0
100	0.011	204337.0	90614	76322.0	457.0	141.0	133.0	47.0	2.0
101	0.0111	204492.0	90736	76477.0	456.0	155.0	122.0	155.0	-1.0
102	0.0112	204693.0	90823	76537.0	456.0	201.0	87.0	60.0	0.0
103	0.0113	204875.0	90911	76633.0	456.0	182.0	88.0	96.0	0.0
104	0.0114	204864.0	90966	76726.0	456.0	-11.0	55.0	93.0	0.0
105	0.0115	204922.0	91022	76688.0	456.0	58.0	56.0	-38.0	0.0
106	0.0116	204960.0	91068	76805.0	456.0	38.0	46.0	117.0	0.0
107	0.0117	205035.0	91129	76792.0	458.0	75.0	61.0	-13.0	2.0
108	0.0118	205054.0	91183	76837.0	458.0	19.0	54.0	45.0	0.0
109	0.0119	205231.0	91246	76943.0	459.0	177.0	63.0	106.0	1.0
110	0.012	205280.0	91291	76924.0	459.0	49.0	45.0	-19.0	0.0
111	0.0121	205304.0	91343	77010.0	460.0	24.0	52.0	86.0	1.0
112	0.0122	205309.0	91378	76969.0	460.0	5.0	35.0	-41.0	0.0
113	0.0123	205362.0	91405	77015.0	460.0	53.0	27.0	46.0	0.0
114	0.0124	205385.0	91429	77052.0	459.0	23.0	24.0	37.0	-1.0
115	0.0125	205463.0	91450	77042.0	459.0	78.0	21.0	-10.0	0.0
116	0.0126	205446.0	91478	77121.0	459.0	-17.0	28.0	79.0	0.0
117	0.0127	205423.0	91471	77067.0	459.0	-23.0	-7.0	-54.0	0.0
118	0.0128	205451.0	91491	77103.0	461.0	28.0	20.0	36.0	2.0
119	0.0129	205422.0	91493	77080.0	461.0	-29.0	2.0	-23.0	0.0
120	0.013	205379.0	91502	77071.0	461.0	-43.0	9.0	-9.0	0.0
121	0.0131	205444.0	91494	77141.0	461.0	65.0	-8.0	70.0	0.0
122	0.0132	205423.0	91492	77078.0	462.0	-21.0	-2.0	-63.0	1.0
123	0.0133	205374.0	91492	77120.0	462.0	-49.0	0.0	42.0	0.0
124	0.0134	205349.0	91499	77081.0	462.0	-25.0	7.0	-39.0	0.0
125	0.0135	205440.0	91511	77109.0	463.0	91.0	12.0	28.0	1.0
126	0.0136	205417.0	91528	77123.0	463.0	-23.0	17.0	14.0	0.0
127	0.0137	205475.0	91551	77105.0	463.0	58.0	23.0	-18.0	0.0
128	0.0138	205482.0	91555	77200.0	463.0	7.0	4.0	95.0	0.0
129	0.0139	205545.0	91569	77144.0	464.0	63.0	14.0	-56.0	1.0
130	0.014	205628.0	91601	77239.0	460.0	83.0	32.0	95.0	-4.0
131	0.0141	205706.0	91620	77548.0	461.0	78.0	19.0	309.0	1.0
132	0.0142	205764.0	91632	77564.0	461.0	58.0	12.0	16.0	0.0
133	0.0143	205810.0	91643	77585.0	0.0	46.0	11.0	21.0	-461.0
134	0.0144	205831.0	91663	77451.0	463.0	21.0	20.0	-134.0	463.0
135	0.0145	205646.0	91609	76651.0	455.0	-185.0	-54.0	-800.0	-8.0
136	0.0146	201962.0	90048	76020.0	455.0	-3684.0	-1561.0	-631.0	0.0
137	0.0147	201909.0	90039	76064.0	456.0	-53.0	-9.0	44.0	1.0
138	0.0148	202254.0	90212	76176.0	456.0	345.0	173.0	112.0	0.0
139	0.0149	200709.0	89382	75652.0	456.0	-1545.0	-830.0	-524.0	0.0
140	0.015	203164.0	90473	76618.0	927.0	2455.0	1091.0	966.0	471.0
141	0.0151	205781.0	91661	77533.0	470.0	2617.0	1188.0	915.0	-457.0
142	0.0152	208187.0	92735	78417.0	474.0	2406.0	1074.0	884.0	4.0
143	0.0153	210358.0	93699	159111.0	477.0	2171.0	964.0	80694.0	3.0
144	0.0154	426370.0	189930	80616.0	481.0	216012.0	96231.0	-78495.0	4.0
145	0.0155	215575.0	96018	81089.0	484.0	-210795.0	-93912.0	473.0	3.0
146	0.0156	217020.0	96653	81689.0	487.0	1445.0	635.0	600.0	3.0
147	0.0157	218295.0	97191	82074.0	488.0	1275.0	538.0	385.0	1.0
148	0.0158	219405.0	97680	82517.0	492.0	1110.0	489.0	443.0	4.0
149	0.0159	220388.0	98114	82870.0	493.0	983.0	434.0	353.0	1.0
150	0.016	221212.0	98484	83141.0	494.0	824.0	370.0	271.0	1.0
151	0.0161	222073.0	98837	83500.0	497.0	861.0	353.0	359.0	3.0
152	0.0162	222801.0	99150	83726.0	497.0	728.0	313.0	226.0	0.0
153	0.0163	223556.0	99432	84032.0	495.0	755.0	282.0	306.0	-2.0
154	0.0164	224228.0	99666	84496.0	496.0	672.0	234.0	464.0	1.0
155	0.0165	224798.0	99878	84696.0	496.0	570.0	212.0	200.0	0.0
156	0.0166	225295.0	100076	84885.0	497.0	497.0	198.0	189.0	1.0
157	0.0167	225734.0	100249	84999.0	500.0	439.0	173.0	114.0	3.0
158	0.0168	226145.0	100411	85104.0	501.0	411.0	162.0	105.0	1.0
159	0.0169	226339.0	100540	85224.0	502.0	194.0	129.0	120.0	1.0
160	0.017	226645.0	100655	85281.0	507.0	306.0	115.0	57.0	5.0
161	0.0171	226906.0	100757	85119.0	505.0	261.0	102.0	-162.0	-2.0
162	0.0172	227062.0	100845	85464.0	505.0	156.0	88.0	345.0	0.0
163	0.0173	227329.0	100936	85527.0	510.0	267.0	91.0	63.0	5.0
