	time	ins	cycle	memory	branchm	ins_d	cycle_d	memory_d	branchm_d
0	0.001	26794.0	29540	6585.0	1588.0	0.0	0.0	0.0	0.0
1	0.0011	52875.0	61433	9489.0	1007.0	26081.0	31893.0	2904.0	-581.0
2	0.0012	64667.0	36608	37639.0	0.0	11792.0	-24825.0	28150.0	-1007.0
3	0.0013	156941.0	76921	55883.0	0.0	92274.0	40313.0	18244.0	0.0
4	0.0014	172582.0	89017	67897.0	985.0	15641.0	12096.0	12014.0	985.0
5	0.0015	219307.0	51449	57307.0	0.0	46725.0	-37568.0	-10590.0	-985.0
6	0.0016	126245.0	114268	76358.0	912.0	-93062.0	62819.0	19051.0	912.0
7	0.0017	136003.0	62886	72378.0	0.0	9758.0	-51382.0	-3980.0	-912.0
8	0.0018	295118.0	66590	90462.0	848.0	159115.0	3704.0	18084.0	848.0
9	0.0019	157646.0	141476	83667.0	0.0	-137472.0	74886.0	-6795.0	-848.0
10	0.002	162454.0	74320	62366.0	796.0	4808.0	-67156.0	-21301.0	796.0
11	0.0021	342048.0	76782	64406.0	0.0	179594.0	2462.0	2040.0	-796.0
12	0.0022	177177.0	79030	65963.0	747.0	-164871.0	2248.0	1557.0	747.0
13	0.0023	181536.0	80440	108513.0	708.0	4359.0	1410.0	42550.0	-39.0
14	0.0024	184085.0	165549	97591.0	0.0	2549.0	85109.0	-10922.0	-708.0
15	0.0025	187774.0	84197	71245.0	675.0	3689.0	-81352.0	-26346.0	675.0
16	0.0026	189843.0	85011	72309.0	651.0	2069.0	814.0	1064.0	-24.0
17	0.0027	191524.0	85742	72839.0	0.0	1681.0	731.0	530.0	-651.0
18	0.0028	194548.0	87504	73762.0	626.0	3024.0	1762.0	923.0	626.0
19	0.0029	196993.0	88037	74709.0	604.0	2445.0	533.0	947.0	-22.0
20	0.003	199624.0	88446	75081.0	585.0	2631.0	409.0	372.0	-19.0
21	0.0031	200399.0	89390	75481.0	0.0	775.0	944.0	400.0	-585.0
22	0.0032	402515.0	89687	75696.0	573.0	202116.0	297.0	215.0	573.0
23	0.0033	203474.0	89924	76249.0	557.0	-199041.0	237.0	553.0	-16.0
24	0.0034	203881.0	90710	76146.0	542.0	407.0	786.0	-103.0	-15.0
25	0.0035	204210.0	90885	76807.0	534.0	329.0	175.0	661.0	-8.0
26	0.0036	204195.0	90983	76872.0	0.0	-15.0	98.0	65.0	-534.0
27	0.0037	204394.0	90996	76882.0	526.0	199.0	13.0	10.0	526.0
28	0.0038	205957.0	91058	77266.0	515.0	1563.0	62.0	384.0	-11.0
29	0.0039	206153.0	91719	77086.0	511.0	196.0	661.0	-180.0	-4.0
30	0.004	207322.0	91680	77647.0	505.0	1169.0	-39.0	561.0	-6.0
31	0.0041	0.0	92241	76320.0	490.0	-207322.0	561.0	-1327.0	-15.0
32	0.0042	199963.0	89758	74204.0	476.0	199963.0	-2483.0	-2116.0	-14.0
33	0.0043	195227.0	88033	73438.0	476.0	-4736.0	-1725.0	-766.0	0.0
34	0.0044	392309.0	88220	73680.0	474.0	197082.0	187.0	242.0	-2.0
35	0.0045	197507.0	88019	74260.0	477.0	-194802.0	-201.0	580.0	3.0
36	0.0046	199394.0	88794	74817.0	473.0	1887.0	775.0	557.0	-4.0
37	0.0047	200229.0	89712	75372.0	470.0	835.0	918.0	555.0	-3.0
38	0.0048	202359.0	89474	75881.0	0.0	2130.0	-238.0	509.0	-470.0
39	0.0049	202965.0	89684	76072.0	470.0	606.0	210.0	191.0	470.0
40	0.005	203327.0	89917	76217.0	470.0	362.0	233.0	145.0	0.0
41	0.0051	203664.0	90113	76434.0	470.0	337.0	196.0	217.0	0.0
42	0.0052	203914.0	90846	76275.0	470.0	250.0	733.0	-159.0	0.0
43	0.0053	205214.0	90886	76862.0	472.0	1300.0	40.0	587.0	2.0
44	0.0054	205457.0	90953	77121.0	466.0	243.0	67.0	259.0	-6.0
45	0.0055	205637.0	91609	77393.0	465.0	180.0	656.0	272.0	-1.0
46	0.0056	205740.0	91680	77518.0	464.0	103.0	71.0	125.0	-1.0
47	0.0057	205759.0	91676	77437.0	464.0	19.0	-4.0	-81.0	0.0
48	0.0058	205835.0	91689	77484.0	464.0	76.0	13.0	47.0	0.0
49	0.0059	205802.0	92257	77254.0	464.0	-33.0	568.0	-230.0	0.0
50	0.006	205880.0	92271	77257.0	464.0	78.0	14.0	3.0	0.0
51	0.0061	206963.0	92111	77737.0	465.0	1083.0	-160.0	480.0	1.0
52	0.0062	206894.0	92035	77858.0	464.0	-69.0	-76.0	121.0	-1.0
53	0.0063	206840.0	91988	77870.0	464.0	-54.0	-47.0	12.0	0.0
54	0.0064	206718.0	92518	77571.0	464.0	-122.0	530.0	-299.0	0.0
55	0.0065	206701.0	91972	77800.0	464.0	-17.0	-546.0	229.0	0.0
56	0.0066	206497.0	92458	77523.0	465.0	-204.0	486.0	-277.0	1.0
57	0.0067	207482.0	92295	77957.0	465.0	985.0	-163.0	434.0	0.0
58	0.0068	207524.0	92191	78101.0	465.0	42.0	-104.0	144.0	0.0
59	0.0069	207457.0	92153	78065.0	465.0	-67.0	-38.0	-36.0	0.0
60	0.007	207383.0	92114	78041.0	465.0	-74.0	-39.0	-24.0	0.0
61	0.0071	207259.0	92640	77778.0	465.0	-124.0	526.0	-263.0	0.0
62	0.0072	207233.0	92614	77769.0	464.0	-26.0	-26.0	-9.0	-1.0
63	0.0073	207151.0	92525	77708.0	464.0	-82.0	-89.0	-61.0	0.0
64	0.0074	207175.0	91952	124268.0	464.0	24.0	-573.0	46560.0	0.0
65	0.0075	207184.0	91893	31683.0	462.0	9.0	-59.0	-92585.0	-2.0
66	0.0076	207082.0	91902	124535.0	467.0	-102.0	9.0	92852.0	5.0
67	0.0077	207027.0	92457	77987.0	463.0	-55.0	555.0	-46548.0	-4.0
68	0.0078	206984.0	92458	31452.0	464.0	-43.0	1.0	-46535.0	1.0
69	0.0079	206976.0	92402	77980.0	464.0	-8.0	-56.0	46528.0	0.0
70	0.008	206832.0	92346	77903.0	468.0	-144.0	-56.0	-77.0	4.0
71	0.0081	206817.0	91749	77820.0	465.0	-15.0	-597.0	-83.0	-3.0
72	0.0082	206564.0	92159	77779.0	459.0	-253.0	410.0	-41.0	-6.0
73	0.0083	203041.0	90531	76904.0	459.0	-3523.0	-1628.0	-875.0	0.0
74	0.0084	202930.0	90654	76322.0	459.0	-111.0	123.0	-582.0	0.0
75	0.0085	203172.0	90765	76379.0	459.0	242.0	111.0	57.0	0.0
76	0.0086	203472.0	90860	76449.0	459.0	300.0	95.0	70.0	0.0
77	0.0087	203779.0	90954	76523.0	460.0	307.0	94.0	74.0	1.0
78	0.0088	204104.0	90540	76942.0	460.0	325.0	-414.0	419.0	0.0
79	0.0089	206955.0	91068	77232.0	461.0	2851.0	528.0	290.0	1.0
80	0.009	207167.0	91163	77467.0	461.0	212.0	95.0	235.0	0.0
81	0.0091	207092.0	91781	77275.0	461.0	-75.0	618.0	-192.0	0.0
82	0.0092	207029.0	91844	77263.0	461.0	-63.0	63.0	-12.0	0.0
83	0.0093	206949.0	91320	77564.0	462.0	-80.0	-524.0	301.0	1.0
84	0.0094	206818.0	91863	77306.0	463.0	-131.0	543.0	-258.0	1.0
85	0.0095	206655.0	91905	77329.0	463.0	-163.0	42.0	23.0	0.0
86	0.0096	206634.0	91873	77296.0	463.0	-21.0	-32.0	-33.0	0.0
87	0.0097	206607.0	91858	77321.0	465.0	-27.0	-15.0	25.0	2.0
88	0.0098	207512.0	91736	77766.0	466.0	905.0	-122.0	445.0	1.0
89	0.0099	207428.0	92247	77676.0	466.0	-84.0	511.0	-90.0	0.0
90	0.01	207348.0	91727	77944.0	467.0	-80.0	-520.0	268.0	1.0
91	0.0101	207257.0	92246	77678.0	468.0	-91.0	519.0	-266.0	1.0
92	0.0102	208191.0	92142	78134.0	469.0	934.0	-104.0	456.0	1.0
93	0.0103	208155.0	92645	78041.0	468.0	-36.0	503.0	-93.0	-1.0
94	0.0104	207996.0	92626	78016.0	469.0	-159.0	-19.0	-25.0	1.0
95	0.0105	207761.0	92553	77932.0	468.0	-235.0	-73.0	-84.0	-1.0
96	0.0106	207600.0	92460	77854.0	470.0	-161.0	-93.0	-78.0	2.0
97	0.0107	208543.0	92276	78296.0	469.0	943.0	-184.0	442.0	-1.0
98	0.0108	208355.0	92744	78165.0	0.0	-188.0	468.0	-131.0	-469.0
99	0.0109	208228.0	92175	124782.0	937.0	-127.0	-569.0	46617.0	937.0
100	0.011	207866.0	92604	78213.0	0.0	-362.0	429.0	-46569.0	-937.0
101	0.0111	208773.0	92456	78422.0	943.0	907.0	-148.0	209.0	943.0
102	0.0112	208583.0	92879	78478.0	0.0	-190.0	423.0	56.0	-943.0
103	0.0113	209486.0	92694	78934.0	473.0	903.0	-185.0	456.0	473.0
104	0.0114	210417.0	93020	78976.0	468.0	931.0	326.0	42.0	-5.0
105	0.0115	210132.0	93470	79528.0	470.0	-285.0	450.0	552.0	2.0
106	0.0116	210852.0	93779	79583.0	470.0	720.0	309.0	55.0	0.0
107	0.0117	211564.0	94046	79599.0	469.0	712.0	267.0	16.0	-1.0
108	0.0118	211163.0	94371	79326.0	469.0	-401.0	325.0	-273.0	0.0
109	0.0119	210673.0	94142	79160.0	469.0	-490.0	-229.0	-166.0	0.0
110	0.012	210230.0	93898	78962.0	467.0	-443.0	-244.0	-198.0	-2.0
111	0.0121	209797.0	93662	32061.0	467.0	-433.0	-236.0	-46901.0	0.0
112	0.0122	209227.0	93316	78646.0	458.0	-570.0	-346.0	46585.0	-9.0
113	0.0123	204587.0	91342	76919.0	459.0	-4640.0	-1974.0	-1727.0	1.0
114	0.0124	204239.0	91140	76761.0	459.0	-348.0	-202.0	-158.0	0.0
115	0.0125	204351.0	91141	76791.0	460.0	112.0	1.0	30.0	1.0
116	0.0126	204424.0	91219	76870.0	460.0	73.0	78.0	79.0	0.0
117	0.0127	202194.0	91260	76280.0	458.0	-2230.0	41.0	-590.0	-2.0
118	0.0128	204427.0	90705	76564.0	463.0	2233.0	-555.0	284.0	5.0
119	0.0129	206857.0	91698	124055.0	467.0	2430.0	993.0	47491.0	4.0
120	0.013	209133.0	92751	78708.0	474.0	2276.0	1053.0	-45347.0	7.0
121	0.0131	210991.0	188262	79471.0	479.0	1858.0	95511.0	763.0	5.0
122	0.0132	212869.0	95334	80068.0	483.0	1878.0	-92928.0	597.0	4.0
123	0.0133	214589.0	96029	113531.0	484.0	1720.0	695.0	33463.0	1.0
124	0.0134	216171.0	96666	81590.0	488.0	1582.0	637.0	-31941.0	4.0
125	0.0135	217521.0	97223	81969.0	985.0	1350.0	557.0	379.0	497.0
126	0.0136	218671.0	97709	82412.0	495.0	1150.0	486.0	443.0	-490.0
127	0.0137	219729.0	98136	82761.0	496.0	1058.0	427.0	349.0	1.0
128	0.0138	220674.0	98530	83090.0	497.0	945.0	394.0	329.0	1.0
129	0.0139	221515.0	98862	83403.0	499.0	841.0	332.0	313.0	2.0
130	0.014	222243.0	99165	83631.0	501.0	728.0	303.0	228.0	2.0
131	0.0141	222984.0	99443	83885.0	502.0	741.0	278.0	254.0	1.0
132	0.0142	223516.0	99642	84050.0	502.0	532.0	199.0	165.0	0.0
133	0.0143	223994.0	99859	84245.0	504.0	478.0	217.0	195.0	2.0
134	0.0144	224485.0	100051	84458.0	505.0	491.0	192.0	213.0	1.0
135	0.0145	224979.0	100233	84597.0	505.0	494.0	182.0	139.0	0.0
136	0.0146	225435.0	100404	84753.0	505.0	456.0	171.0	156.0	0.0
137	0.0147	225816.0	100528	84907.0	506.0	381.0	124.0	154.0	1.0
138	0.0148	226136.0	100645	84966.0	506.0	320.0	117.0	59.0	0.0
139	0.0149	226424.0	100756	85093.0	507.0	288.0	111.0	127.0	1.0
140	0.015	226692.0	100837	85191.0	508.0	268.0	81.0	98.0	1.0
141	0.0151	226895.0	100921	85224.0	508.0	203.0	84.0	33.0	0.0
142	0.0152	454344.0	101003	85320.0	509.0	227449.0	82.0	96.0	1.0
143	0.0153	227369.0	101044	85371.0	509.0	-226975.0	41.0	51.0	0.0
144	0.0154	227557.0	101091	85405.0	509.0	188.0	47.0	34.0	0.0
145	0.0155	227755.0	101148	85500.0	509.0	198.0	57.0	95.0	0.0
146	0.0156	227821.0	101190	85572.0	510.0	66.0	42.0	72.0	1.0
147	0.0157	228000.0	101245	85580.0	510.0	179.0	55.0	8.0	0.0
148	0.0158	228176.0	101298	85644.0	507.0	176.0	53.0	64.0	-3.0
149	0.0159	228409.0	100815	86325.0	507.0	233.0	-483.0	681.0	0.0
150	0.016	228518.0	101447	86156.0	0.0	109.0	632.0	-169.0	-507.0
151	0.0161	0.0	101547	85941.0	508.0	-228518.0	100.0	-215.0	508.0
152	0.0162	227963.0	101278	85198.0	502.0	227963.0	-269.0	-743.0	-6.0
153	0.0163	224873.0	99938	84682.0	502.0	-3090.0	-1340.0	-516.0	0.0
154	0.0164	224951.0	99963	84758.0	503.0	78.0	25.0	76.0	1.0
155	0.0165	225482.0	100151	84933.0	505.0	531.0	188.0	175.0	2.0
156	0.0166	225889.0	100319	85035.0	505.0	407.0	168.0	102.0	0.0
157	0.0167	452679.0	100467	85128.0	505.0	226790.0	148.0	93.0	0.0
158	0.0168	228338.0	100589	85305.0	503.0	-224341.0	122.0	177.0	-2.0
159	0.0169	228617.0	100695	85364.0	503.0	279.0	106.0	59.0	0.0
160	0.017	228771.0	100801	85438.0	503.0	154.0	106.0	74.0	0.0
161	0.0171	228956.0	100374	85816.0	504.0	185.0	-427.0	378.0	1.0
162	0.0172	228900.0	101045	85635.0	506.0	-56.0	671.0	-181.0	2.0
163	0.0173	228852.0	101165	85605.0	2594.0	-48.0	120.0	-30.0	2088.0
