	time	ins	cycle	memory	branchm	ins_d	cycle_d	memory_d	branchm_d
0	0.001	30127.0	70801	33341.0	0.0	0.0	0.0	0.0	0.0
1	0.0011	122352.0	41517	47600.0	0.0	92225.0	-29284.0	14259.0	0.0
2	0.0012	234237.0	89304	63183.0	1240.0	111885.0	47787.0	15583.0	1240.0
3	0.0013	103609.0	50225	80645.0	0.0	-130628.0	-39079.0	17462.0	-1240.0
4	0.0014	237304.0	112770	64571.0	0.0	133695.0	62545.0	-16074.0	0.0
5	0.0015	131956.0	61818	83739.0	1137.0	-105348.0	-50952.0	19168.0	1137.0
6	0.0016	289112.0	134600	77925.0	0.0	157156.0	72782.0	-5814.0	-1137.0
7	0.0017	154122.0	70826	59172.0	0.0	-134990.0	-63774.0	-18753.0	0.0
8	0.0018	160630.0	73562	99736.0	1045.0	6508.0	2736.0	40564.0	1045.0
9	0.0019	166759.0	76177	64409.0	0.0	6129.0	2615.0	-35327.0	-1045.0
10	0.002	346172.0	158489	92996.0	966.0	179413.0	82312.0	28587.0	966.0
11	0.0021	179933.0	81803	68342.0	0.0	-166239.0	-76686.0	-24654.0	-966.0
12	0.0022	182598.0	82922	69237.0	899.0	2665.0	1119.0	895.0	899.0
13	0.0023	186342.0	84461	70573.0	0.0	3744.0	1539.0	1336.0	-899.0
14	0.0024	189928.0	85917	71582.0	839.0	3586.0	1456.0	1009.0	839.0
15	0.0025	192786.0	86637	72802.0	0.0	2858.0	720.0	1220.0	-839.0
16	0.0026	197287.0	87603	73679.0	790.0	4501.0	966.0	877.0	790.0
17	0.0027	198422.0	88065	118893.0	0.0	1135.0	462.0	45214.0	-790.0
18	0.0028	200520.0	89041	75312.0	746.0	2098.0	976.0	-43581.0	746.0
19	0.0029	404004.0	89392	75836.0	708.0	203484.0	351.0	524.0	-38.0
20	0.003	204410.0	90092	107124.0	0.0	-199594.0	700.0	31288.0	-708.0
21	0.0031	204626.0	90863	76838.0	681.0	216.0	771.0	-30286.0	681.0
22	0.0032	206084.0	91026	77064.0	650.0	1458.0	163.0	226.0	-31.0
23	0.0033	204881.0	91675	77438.0	0.0	-1203.0	649.0	374.0	-650.0
24	0.0034	204803.0	92319	77402.0	626.0	-78.0	644.0	-36.0	626.0
25	0.0035	207720.0	92322	77583.0	601.0	2917.0	3.0	181.0	-25.0
26	0.0036	207808.0	92262	77535.0	585.0	88.0	-60.0	-48.0	-16.0
27	0.0037	207451.0	92204	77737.0	0.0	-357.0	-58.0	202.0	-585.0
28	0.0038	205885.0	92144	77944.0	568.0	-1566.0	-60.0	207.0	568.0
29	0.0039	206969.0	92653	77793.0	553.0	1084.0	509.0	-151.0	-15.0
30	0.004	206825.0	93156	77706.0	543.0	-144.0	503.0	-87.0	-10.0
31	0.0041	207604.0	93063	77832.0	536.0	779.0	-93.0	126.0	-7.0
32	0.0042	208800.0	92919	78243.0	523.0	1196.0	-144.0	411.0	-13.0
33	0.0043	208699.0	92627	78399.0	0.0	-101.0	-292.0	156.0	-523.0
34	0.0044	209681.0	92535	78302.0	511.0	982.0	-92.0	-97.0	511.0
35	0.0045	209437.0	93000	78181.0	505.0	-244.0	465.0	-121.0	-6.0
36	0.0046	208679.0	186316	78264.0	503.0	-758.0	93316.0	83.0	-2.0
37	0.0047	208218.0	93668	78368.0	500.0	-461.0	-92648.0	104.0	-3.0
38	0.0048	207777.0	0	77699.0	494.0	-441.0	-93668.0	-669.0	-6.0
39	0.0049	0.0	93495	45122.0	483.0	-207777.0	93495.0	-32577.0	-11.0
40	0.005	409294.0	92709	107572.0	483.0	409294.0	-786.0	62450.0	0.0
41	0.0051	203917.0	90988	76685.0	478.0	-205377.0	-1721.0	-30887.0	-5.0
42	0.0052	204173.0	90746	76717.0	478.0	256.0	-242.0	32.0	0.0
43	0.0053	203812.0	90827	76936.0	475.0	-361.0	81.0	219.0	-3.0
44	0.0054	203872.0	91483	77436.0	475.0	60.0	656.0	500.0	0.0
45	0.0055	205464.0	92006	77417.0	474.0	1592.0	523.0	-19.0	-1.0
46	0.0056	205638.0	91519	77411.0	474.0	174.0	-487.0	-6.0	0.0
47	0.0057	205533.0	91496	77324.0	473.0	-105.0	-23.0	-87.0	-1.0
48	0.0058	204125.0	91507	77271.0	0.0	-1408.0	11.0	-53.0	-473.0
49	0.0059	204094.0	92091	77225.0	474.0	-31.0	584.0	-46.0	474.0
50	0.006	207065.0	92119	77178.0	468.0	2971.0	28.0	-47.0	-6.0
51	0.0061	207172.0	92100	77218.0	468.0	107.0	-19.0	40.0	0.0
52	0.0062	206942.0	92069	77129.0	467.0	-230.0	-31.0	-89.0	-1.0
53	0.0063	206447.0	92015	77377.0	470.0	-495.0	-54.0	248.0	3.0
54	0.0064	207334.0	92556	77727.0	470.0	887.0	541.0	350.0	0.0
55	0.0065	208542.0	92952	77884.0	470.0	1208.0	396.0	157.0	0.0
56	0.0066	208368.0	92758	77818.0	469.0	-174.0	-194.0	-66.0	-1.0
57	0.0067	207744.0	185772	77887.0	472.0	-624.0	93014.0	69.0	3.0
58	0.0068	207275.0	93429	78017.0	472.0	-469.0	-92343.0	130.0	0.0
59	0.0069	206989.0	0	77860.0	471.0	-286.0	-93429.0	-157.0	-1.0
60	0.007	208112.0	93287	77800.0	469.0	1123.0	93287.0	-60.0	-2.0
61	0.0071	207887.0	92608	77657.0	469.0	-225.0	-679.0	-143.0	0.0
62	0.0072	207240.0	92452	77804.0	469.0	-647.0	-156.0	147.0	0.0
63	0.0073	207937.0	92942	78087.0	472.0	697.0	490.0	283.0	3.0
64	0.0074	209001.0	93256	78173.0	470.0	1064.0	314.0	86.0	-2.0
65	0.0075	208803.0	93008	78082.0	470.0	-198.0	-248.0	-91.0	0.0
66	0.0076	208344.0	92861	77894.0	469.0	-459.0	-147.0	-188.0	-1.0
67	0.0077	206671.0	92724	77837.0	470.0	-1673.0	-137.0	-57.0	1.0
68	0.0078	206237.0	93174	77649.0	468.0	-434.0	450.0	-188.0	-2.0
69	0.0079	205998.0	93057	77594.0	468.0	-239.0	-117.0	-55.0	0.0
70	0.008	205860.0	92914	77483.0	466.0	-138.0	-143.0	-111.0	-2.0
71	0.0081	206780.0	92779	77695.0	467.0	920.0	-135.0	212.0	1.0
72	0.0082	208180.0	92685	77811.0	467.0	1400.0	-94.0	116.0	0.0
73	0.0083	207970.0	92436	77716.0	468.0	-210.0	-249.0	-95.0	1.0
74	0.0084	207659.0	92357	78005.0	464.0	-311.0	-79.0	289.0	-4.0
75	0.0085	207459.0	92293	77895.0	464.0	-200.0	-64.0	-110.0	0.0
76	0.0086	206014.0	92247	77881.0	463.0	-1445.0	-46.0	-14.0	-1.0
77	0.0087	205769.0	92765	77754.0	464.0	-245.0	518.0	-127.0	1.0
78	0.0088	205637.0	92722	77668.0	463.0	-132.0	-43.0	-86.0	-1.0
79	0.0089	0.0	92621	45402.0	457.0	-205637.0	-101.0	-32266.0	-6.0
80	0.009	206942.0	92032	76739.0	456.0	206942.0	-589.0	31337.0	-1.0
81	0.0091	203119.0	90372	76400.0	459.0	-3823.0	-1660.0	-339.0	3.0
82	0.0092	406664.0	90923	107656.0	460.0	203545.0	551.0	31256.0	1.0
83	0.0093	205513.0	91464	77096.0	461.0	-201151.0	541.0	-30560.0	1.0
84	0.0094	0.0	91410	77060.0	458.0	-205513.0	-54.0	-36.0	-3.0
85	0.0095	205599.0	91439	77296.0	458.0	205599.0	29.0	236.0	0.0
86	0.0096	408509.0	92041	45837.0	461.0	202910.0	602.0	-31459.0	3.0
87	0.0097	205363.0	92064	108717.0	461.0	-203146.0	23.0	62880.0	0.0
88	0.0098	206892.0	92040	77729.0	461.0	1529.0	-24.0	-30988.0	0.0
89	0.0099	206902.0	91888	77681.0	459.0	10.0	-152.0	-48.0	-2.0
90	0.01	206714.0	91863	77649.0	459.0	-188.0	-25.0	-32.0	0.0
91	0.0101	0.0	91854	77560.0	459.0	-206714.0	-9.0	-89.0	0.0
92	0.0102	206649.0	91842	77501.0	462.0	206649.0	-12.0	-59.0	3.0
93	0.0103	205139.0	92401	77431.0	462.0	-1510.0	559.0	-70.0	0.0
94	0.0104	409885.0	92378	77365.0	462.0	204746.0	-23.0	-66.0	0.0
95	0.0105	205974.0	92326	77635.0	460.0	-203911.0	-52.0	270.0	-2.0
96	0.0106	209023.0	92260	77687.0	0.0	3049.0	-66.0	52.0	-460.0
97	0.0107	208828.0	92064	77642.0	460.0	-195.0	-196.0	-45.0	460.0
98	0.0108	208435.0	91999	77519.0	914.0	-393.0	-65.0	-123.0	454.0
99	0.0109	0.0	92514	77473.0	461.0	-208435.0	515.0	-46.0	-453.0
100	0.011	206781.0	93047	77378.0	464.0	206781.0	533.0	-95.0	3.0
101	0.0111	205231.0	92961	77560.0	0.0	-1550.0	-86.0	182.0	-464.0
102	0.0112	411986.0	92719	77739.0	467.0	206755.0	-242.0	179.0	467.0
103	0.0113	208800.0	92576	77617.0	462.0	-203186.0	-143.0	-122.0	-5.0
104	0.0114	208687.0	92473	77595.0	462.0	-113.0	-103.0	-22.0	0.0
105	0.0115	208408.0	92389	77514.0	461.0	-279.0	-84.0	-81.0	-1.0
106	0.0116	0.0	92320	77491.0	461.0	-208408.0	-69.0	-23.0	0.0
107	0.0117	413375.0	92815	77418.0	460.0	413375.0	495.0	-73.0	-1.0
108	0.0118	0.0	92751	77393.0	460.0	-413375.0	-64.0	-25.0	0.0
109	0.0119	412662.0	92647	77365.0	460.0	412662.0	-104.0	-28.0	0.0
110	0.012	207522.0	92547	77303.0	460.0	-205140.0	-100.0	-62.0	0.0
111	0.0121	207481.0	91948	77348.0	459.0	-41.0	-599.0	45.0	-1.0
112	0.0122	0.0	91878	77479.0	462.0	-207481.0	-70.0	131.0	3.0
113	0.0123	413613.0	92420	77644.0	462.0	413613.0	542.0	165.0	0.0
114	0.0124	0.0	92807	77549.0	462.0	-413613.0	387.0	-95.0	0.0
115	0.0125	206503.0	92743	77480.0	462.0	206503.0	-64.0	-69.0	0.0
116	0.0126	206241.0	92627	77417.0	462.0	-262.0	-116.0	-63.0	0.0
117	0.0127	206072.0	92507	77300.0	462.0	-169.0	-120.0	-117.0	0.0
118	0.0128	205855.0	92412	77347.0	461.0	-217.0	-95.0	47.0	-1.0
119	0.0129	205745.0	92299	0.0	455.0	-110.0	-113.0	-77347.0	-6.0
120	0.013	202047.0	90715	76416.0	455.0	-3698.0	-1584.0	76416.0	0.0
121	0.0131	201761.0	90617	120249.0	453.0	-286.0	-98.0	43833.0	-2.0
122	0.0132	200083.0	89951	75963.0	457.0	-1678.0	-666.0	-44286.0	4.0
123	0.0133	202399.0	90970	76802.0	462.0	2316.0	1019.0	839.0	5.0
124	0.0134	412134.0	92080	109211.0	466.0	209735.0	1110.0	32409.0	4.0
125	0.0135	209206.0	187077	78803.0	470.0	-202928.0	94997.0	-30408.0	4.0
126	0.0136	211014.0	94788	79433.0	476.0	1808.0	-92289.0	630.0	6.0
127	0.0137	212616.0	95504	80017.0	478.0	1602.0	716.0	584.0	2.0
128	0.0138	214182.0	96148	80588.0	483.0	1566.0	644.0	571.0	5.0
129	0.0139	215540.0	96736	81057.0	484.0	1358.0	588.0	469.0	1.0
130	0.014	216801.0	97263	81541.0	487.0	1261.0	527.0	484.0	3.0
131	0.0141	217900.0	97738	81964.0	979.0	1099.0	475.0	423.0	492.0
132	0.0142	218920.0	98146	82296.0	493.0	1020.0	408.0	332.0	-486.0
133	0.0143	219759.0	98509	82630.0	496.0	839.0	363.0	334.0	3.0
134	0.0144	221749.0	98863	83141.0	497.0	1990.0	354.0	511.0	1.0
135	0.0145	223855.0	99026	83649.0	499.0	2106.0	163.0	508.0	2.0
136	0.0146	224523.0	99309	83822.0	500.0	668.0	283.0	173.0	1.0
137	0.0147	224680.0	100162	84285.0	502.0	157.0	853.0	463.0	2.0
138	0.0148	224863.0	100801	84614.0	503.0	183.0	639.0	329.0	1.0
139	0.0149	225214.0	100941	84706.0	500.0	351.0	140.0	92.0	-3.0
140	0.015	227052.0	100502	85200.0	500.0	1838.0	-439.0	494.0	0.0
141	0.0151	227312.0	100567	85276.0	503.0	260.0	65.0	76.0	3.0
142	0.0152	227091.0	101268	85553.0	504.0	-221.0	701.0	277.0	1.0
143	0.0153	228298.0	101807	86039.0	504.0	1207.0	539.0	486.0	0.0
144	0.0154	229802.0	101671	86196.0	505.0	1504.0	-136.0	157.0	1.0
145	0.0155	229756.0	101648	86126.0	505.0	-46.0	-23.0	-70.0	0.0
146	0.0156	229605.0	101631	86103.0	505.0	-151.0	-17.0	-23.0	0.0
147	0.0157	228139.0	102205	86040.0	505.0	-1466.0	574.0	-63.0	0.0
148	0.0158	227938.0	102197	85978.0	506.0	-201.0	-8.0	-62.0	1.0
149	0.0159	228109.0	102161	85991.0	506.0	171.0	-36.0	13.0	0.0
150	0.016	229494.0	101579	85982.0	506.0	1385.0	-582.0	-9.0	0.0
151	0.0161	229495.0	101548	85922.0	507.0	1.0	-31.0	-60.0	1.0
152	0.0162	229510.0	101578	85936.0	508.0	15.0	30.0	14.0	1.0
153	0.0163	228023.0	102151	85942.0	507.0	-1487.0	573.0	6.0	-1.0
154	0.0164	227840.0	102142	85861.0	507.0	-183.0	-9.0	-81.0	0.0
155	0.0165	227806.0	102083	85804.0	508.0	-34.0	-59.0	-57.0	1.0
156	0.0166	227845.0	102043	85817.0	508.0	39.0	-40.0	13.0	0.0
157	0.0167	227720.0	102005	85723.0	0.0	-125.0	-38.0	-94.0	-508.0
158	0.0168	228799.0	101972	85942.0	509.0	1079.0	-33.0	219.0	509.0
159	0.0169	229649.0	101610	85922.0	504.0	850.0	-362.0	-20.0	-5.0
160	0.017	226675.0	100385	84817.0	504.0	-2974.0	-1225.0	-1105.0	0.0
161	0.0171	225260.0	100945	84773.0	503.0	-1415.0	560.0	-44.0	-1.0
162	0.0172	225484.0	101063	84893.0	2770.0	224.0	118.0	120.0	2267.0
