	time	ins	cycle	memory	branchm	ins_d	cycle_d	memory_d	branchm_d
0	0.001	176637.0	89884	70854.0	1308.0	0.0	0.0	0.0	0.0
1	0.0011	183172.0	100569	48910.0	0.0	6535.0	10685.0	-21944.0	-1308.0
2	0.0012	232191.0	51647	83399.0	0.0	49019.0	-48922.0	34489.0	0.0
3	0.0013	120126.0	112749	96454.0	1080.0	-112065.0	61102.0	13055.0	1080.0
4	0.0014	279498.0	65496	55843.0	0.0	159372.0	-47253.0	-40611.0	-1080.0
5	0.0015	156961.0	70401	83121.0	0.0	-122537.0	4905.0	27278.0	0.0
6	0.0016	159658.0	146519	61842.0	992.0	2697.0	76118.0	-21279.0	992.0
7	0.0017	335129.0	77038	102893.0	0.0	175471.0	-69481.0	41051.0	-992.0
8	0.0018	174822.0	78637	66444.0	918.0	-160307.0	1599.0	-36449.0	918.0
9	0.0019	179733.0	80635	67828.0	0.0	4911.0	1998.0	1384.0	-918.0
10	0.002	182558.0	82508	97684.0	856.0	2825.0	1873.0	29856.0	856.0
11	0.0021	186406.0	83560	71158.0	0.0	3848.0	1052.0	-26526.0	-856.0
12	0.0022	188449.0	170749	71871.0	803.0	2043.0	87189.0	713.0	803.0
13	0.0023	191782.0	86967	72985.0	0.0	3333.0	-83782.0	1114.0	-803.0
14	0.0024	193382.0	87515	73421.0	758.0	1600.0	548.0	436.0	758.0
15	0.0025	196132.0	88543	74378.0	718.0	2750.0	1028.0	957.0	-40.0
16	0.0026	197193.0	88919	74751.0	0.0	1061.0	376.0	373.0	-718.0
17	0.0027	399593.0	89206	75142.0	686.0	202400.0	287.0	391.0	686.0
18	0.0028	202165.0	90037	75706.0	656.0	-197428.0	831.0	564.0	-30.0
19	0.0029	202645.0	90263	75942.0	0.0	480.0	226.0	236.0	-656.0
20	0.003	202911.0	90971	76507.0	629.0	266.0	708.0	565.0	629.0
21	0.0031	204501.0	91097	76642.0	609.0	1590.0	126.0	135.0	-20.0
22	0.0032	204864.0	91150	122359.0	0.0	363.0	53.0	45717.0	-609.0
23	0.0033	204980.0	91224	77292.0	592.0	116.0	74.0	-45067.0	592.0
24	0.0034	204993.0	91821	77404.0	574.0	13.0	597.0	112.0	-18.0
25	0.0035	206438.0	91847	77310.0	560.0	1445.0	26.0	-94.0	-14.0
26	0.0036	206376.0	91815	77330.0	550.0	-62.0	-32.0	20.0	-10.0
27	0.0037	206397.0	91781	77574.0	534.0	21.0	-34.0	244.0	-16.0
28	0.0038	206280.0	92322	77796.0	0.0	-117.0	541.0	222.0	-534.0
29	0.0039	206134.0	92295	77773.0	526.0	-146.0	-27.0	-23.0	526.0
30	0.004	207457.0	92222	77662.0	517.0	1323.0	-73.0	-111.0	-9.0
31	0.0041	207344.0	92141	77653.0	510.0	-113.0	-81.0	-9.0	-7.0
32	0.0042	207201.0	92080	77565.0	506.0	-143.0	-61.0	-88.0	-4.0
33	0.0043	207029.0	92030	77562.0	500.0	-172.0	-50.0	-3.0	-6.0
34	0.0044	206948.0	91967	77708.0	496.0	-81.0	-63.0	146.0	-4.0
35	0.0045	206678.0	91918	77682.0	492.0	-270.0	-49.0	-26.0	-4.0
36	0.0046	206599.0	92427	77940.0	487.0	-79.0	509.0	258.0	-5.0
37	0.0047	206406.0	92410	77861.0	484.0	-193.0	-17.0	-79.0	-3.0
38	0.0048	206300.0	92321	77851.0	484.0	-106.0	-89.0	-10.0	0.0
39	0.0049	206245.0	92260	77723.0	0.0	-55.0	-61.0	-128.0	-484.0
40	0.005	206162.0	92203	77716.0	482.0	-83.0	-57.0	-7.0	482.0
41	0.0051	206227.0	92140	31442.0	481.0	65.0	-63.0	-46274.0	-1.0
42	0.0052	205981.0	92022	77584.0	478.0	-246.0	-118.0	46142.0	-3.0
43	0.0053	203383.0	90434	76183.0	468.0	-2598.0	-1588.0	-1401.0	-10.0
44	0.0054	203181.0	90352	76082.0	467.0	-202.0	-82.0	-101.0	-1.0
45	0.0055	203295.0	90447	76212.0	467.0	114.0	95.0	130.0	0.0
46	0.0056	203583.0	90557	76222.0	467.0	288.0	110.0	10.0	0.0
47	0.0057	203709.0	90665	76364.0	466.0	126.0	108.0	142.0	-1.0
48	0.0058	203997.0	90751	76433.0	465.0	288.0	86.0	69.0	-1.0
49	0.0059	204074.0	90844	76490.0	465.0	77.0	93.0	57.0	0.0
50	0.006	204157.0	90929	76632.0	465.0	83.0	85.0	142.0	0.0
51	0.0061	204236.0	90987	76563.0	467.0	79.0	58.0	-69.0	2.0
52	0.0062	204234.0	91049	76623.0	467.0	-2.0	62.0	60.0	0.0
53	0.0063	204408.0	91106	76655.0	467.0	174.0	57.0	32.0	0.0
54	0.0064	204465.0	91177	76674.0	466.0	57.0	71.0	19.0	-1.0
55	0.0065	204545.0	91223	76831.0	466.0	80.0	46.0	157.0	0.0
56	0.0066	204675.0	91248	76763.0	465.0	130.0	25.0	-68.0	-1.0
57	0.0067	204761.0	91296	76862.0	465.0	86.0	48.0	99.0	0.0
58	0.0068	204873.0	91318	76874.0	461.0	112.0	22.0	12.0	-4.0
59	0.0069	204875.0	91338	77126.0	462.0	2.0	20.0	252.0	1.0
60	0.007	204892.0	91345	77179.0	462.0	17.0	7.0	53.0	0.0
61	0.0071	204999.0	91369	77102.0	462.0	107.0	24.0	-77.0	0.0
62	0.0072	204999.0	91389	77164.0	462.0	0.0	20.0	62.0	0.0
63	0.0073	205150.0	91403	77143.0	460.0	151.0	14.0	-21.0	-2.0
64	0.0074	205197.0	91989	77179.0	460.0	47.0	586.0	36.0	0.0
65	0.0075	205276.0	92006	123016.0	460.0	79.0	17.0	45837.0	0.0
66	0.0076	205371.0	91984	77524.0	458.0	95.0	-22.0	-45492.0	-2.0
67	0.0077	205438.0	91958	77595.0	458.0	67.0	-26.0	71.0	0.0
68	0.0078	205554.0	91939	31335.0	459.0	116.0	-19.0	-46260.0	1.0
69	0.0079	205558.0	91922	77577.0	462.0	4.0	-17.0	46242.0	3.0
70	0.008	205599.0	91896	123090.0	463.0	41.0	-26.0	45513.0	1.0
71	0.0081	205555.0	91878	77546.0	460.0	-44.0	-18.0	-45544.0	-3.0
72	0.0082	205638.0	91841	77534.0	460.0	83.0	-37.0	-12.0	0.0
73	0.0083	205580.0	91841	77500.0	459.0	-58.0	0.0	-34.0	-1.0
74	0.0084	205613.0	91778	77549.0	459.0	33.0	-63.0	49.0	0.0
75	0.0085	205680.0	91765	77457.0	460.0	67.0	-13.0	-92.0	1.0
76	0.0086	205601.0	91753	77466.0	460.0	-79.0	-12.0	9.0	0.0
77	0.0087	205720.0	91738	77412.0	461.0	119.0	-15.0	-54.0	1.0
78	0.0088	205607.0	91739	77406.0	460.0	-113.0	1.0	-6.0	-1.0
79	0.0089	205683.0	91719	77406.0	461.0	76.0	-20.0	0.0	1.0
80	0.009	205687.0	91724	77374.0	460.0	4.0	5.0	-32.0	-1.0
81	0.0091	205691.0	91716	31383.0	0.0	4.0	-8.0	-45991.0	-460.0
82	0.0092	205669.0	91662	77315.0	461.0	-22.0	-54.0	45932.0	461.0
83	0.0093	202710.0	90465	76280.0	455.0	-2959.0	-1197.0	-1035.0	-6.0
84	0.0094	202771.0	90429	76196.0	455.0	61.0	-36.0	-84.0	0.0
85	0.0095	203072.0	90547	76301.0	455.0	301.0	118.0	105.0	0.0
86	0.0096	203311.0	90674	76462.0	456.0	239.0	127.0	161.0	1.0
87	0.0097	203584.0	90775	76466.0	458.0	273.0	101.0	4.0	2.0
88	0.0098	203689.0	90838	76577.0	457.0	105.0	63.0	111.0	-1.0
89	0.0099	203896.0	90917	76619.0	458.0	207.0	79.0	42.0	1.0
90	0.01	204034.0	90997	76644.0	458.0	138.0	80.0	25.0	0.0
91	0.0101	204064.0	91074	76749.0	460.0	30.0	77.0	105.0	2.0
92	0.0102	204235.0	91135	76688.0	462.0	171.0	61.0	-61.0	2.0
93	0.0103	204238.0	91196	76782.0	462.0	3.0	61.0	94.0	0.0
94	0.0104	204425.0	91226	76780.0	462.0	187.0	30.0	-2.0	0.0
95	0.0105	205973.0	91276	76836.0	459.0	1548.0	50.0	56.0	-3.0
96	0.0106	204637.0	91302	76883.0	464.0	-1336.0	26.0	47.0	5.0
97	0.0107	204600.0	91316	76792.0	464.0	-37.0	14.0	-91.0	0.0
98	0.0108	205990.0	91347	76877.0	462.0	1390.0	31.0	85.0	-2.0
99	0.0109	206227.0	91376	76891.0	462.0	237.0	29.0	14.0	0.0
100	0.011	206246.0	91414	76960.0	462.0	19.0	38.0	69.0	0.0
101	0.0111	206205.0	91444	77032.0	462.0	-41.0	30.0	72.0	0.0
102	0.0112	206181.0	91464	76995.0	462.0	-24.0	20.0	-37.0	0.0
103	0.0113	206044.0	91469	77086.0	464.0	-137.0	5.0	91.0	2.0
104	0.0114	206035.0	91472	77017.0	464.0	-9.0	3.0	-69.0	0.0
105	0.0115	205948.0	91501	77073.0	464.0	-87.0	29.0	56.0	0.0
106	0.0116	205998.0	91509	77102.0	464.0	50.0	8.0	29.0	0.0
107	0.0117	205972.0	91532	77090.0	464.0	-26.0	23.0	-12.0	0.0
108	0.0118	205863.0	91532	77192.0	463.0	-109.0	0.0	102.0	-1.0
109	0.0119	205879.0	91533	77096.0	463.0	16.0	1.0	-96.0	0.0
110	0.012	205723.0	91531	77139.0	463.0	-156.0	-2.0	43.0	0.0
111	0.0121	205776.0	91523	77092.0	463.0	53.0	-8.0	-47.0	0.0
112	0.0122	205610.0	91532	77100.0	463.0	-166.0	9.0	8.0	0.0
113	0.0123	205538.0	91520	77109.0	463.0	-72.0	-12.0	9.0	0.0
114	0.0124	205589.0	91532	77045.0	462.0	51.0	12.0	-64.0	-1.0
115	0.0125	205583.0	91547	77168.0	462.0	-6.0	15.0	123.0	0.0
116	0.0126	205625.0	91541	77091.0	463.0	42.0	-6.0	-77.0	1.0
117	0.0127	205510.0	91528	77131.0	462.0	-115.0	-13.0	40.0	-1.0
118	0.0128	205530.0	91515	77098.0	464.0	20.0	-13.0	-33.0	2.0
119	0.0129	205376.0	91518	77062.0	464.0	-154.0	3.0	-36.0	0.0
120	0.013	205351.0	91518	77119.0	464.0	-25.0	0.0	57.0	0.0
121	0.0131	205407.0	91516	77059.0	464.0	56.0	-2.0	-60.0	0.0
122	0.0132	0.0	91505	77097.0	457.0	-205407.0	-11.0	38.0	-7.0
123	0.0133	205301.0	89848	75620.0	457.0	205301.0	-1657.0	-1477.0	0.0
124	0.0134	201456.0	89852	75629.0	457.0	-3845.0	4.0	9.0	0.0
125	0.0135	403320.0	90021	75816.0	459.0	201864.0	169.0	187.0	2.0
126	0.0136	202170.0	90185	75866.0	456.0	-201150.0	164.0	50.0	-3.0
127	0.0137	0.0	90337	76297.0	450.0	-202170.0	152.0	431.0	-6.0
128	0.0138	403135.0	89293	75281.0	454.0	403135.0	-1044.0	-1016.0	4.0
129	0.0139	203073.0	90351	122000.0	457.0	-200062.0	1058.0	46719.0	3.0
130	0.014	205687.0	92172	77796.0	461.0	2614.0	1821.0	-44204.0	4.0
131	0.0141	208173.0	93276	78566.0	467.0	2486.0	1104.0	770.0	6.0
132	0.0142	210201.0	94185	79641.0	475.0	2028.0	909.0	1075.0	8.0
133	0.0143	213421.0	94841	80294.0	478.0	3220.0	656.0	653.0	3.0
134	0.0144	215116.0	96149	81104.0	481.0	1695.0	1308.0	810.0	3.0
135	0.0145	216731.0	96798	81616.0	484.0	1615.0	649.0	512.0	3.0
136	0.0146	217952.0	97340	115509.0	486.0	1221.0	542.0	33893.0	2.0
137	0.0147	219213.0	97801	82711.0	490.0	1261.0	461.0	-32798.0	4.0
138	0.0148	220229.0	98233	83349.0	489.0	1016.0	432.0	638.0	-1.0
139	0.0149	221223.0	98594	83740.0	491.0	994.0	361.0	391.0	2.0
140	0.015	222038.0	98925	83954.0	493.0	815.0	331.0	214.0	2.0
141	0.0151	222749.0	198676	84146.0	494.0	711.0	99751.0	192.0	1.0
142	0.0152	223502.0	99699	84396.0	495.0	753.0	-98977.0	250.0	1.0
143	0.0153	224021.0	99913	84522.0	496.0	519.0	214.0	126.0	1.0
144	0.0154	224544.0	100070	84677.0	498.0	523.0	157.0	155.0	2.0
145	0.0155	225080.0	100254	84550.0	504.0	536.0	184.0	-127.0	6.0
146	0.0156	225306.0	100361	84917.0	502.0	226.0	107.0	367.0	-2.0
147	0.0157	225732.0	100490	85102.0	503.0	426.0	129.0	185.0	1.0
148	0.0158	226075.0	100614	85200.0	504.0	343.0	124.0	98.0	1.0
149	0.0159	226354.0	100722	85248.0	504.0	279.0	108.0	48.0	0.0
150	0.016	226716.0	100801	85372.0	505.0	362.0	79.0	124.0	1.0
151	0.0161	226990.0	100906	85441.0	507.0	274.0	105.0	69.0	2.0
152	0.0162	227146.0	100986	85484.0	507.0	156.0	80.0	43.0	0.0
153	0.0163	227447.0	101056	85588.0	507.0	301.0	70.0	104.0	0.0
154	0.0164	227658.0	101120	85647.0	508.0	211.0	64.0	59.0	1.0
155	0.0165	227672.0	101172	85605.0	509.0	14.0	52.0	-42.0	1.0
156	0.0166	227877.0	101196	85671.0	509.0	205.0	24.0	66.0	0.0
157	0.0167	228026.0	101250	85743.0	510.0	149.0	54.0	72.0	1.0
158	0.0168	228062.0	101282	85726.0	511.0	36.0	32.0	-17.0	1.0
159	0.0169	228204.0	101322	85772.0	511.0	142.0	40.0	46.0	0.0
160	0.017	228330.0	101358	85844.0	511.0	126.0	36.0	72.0	0.0
161	0.0171	228338.0	101374	85797.0	511.0	8.0	16.0	-47.0	0.0
162	0.0172	228390.0	101075	85524.0	1599.0	52.0	-299.0	-273.0	1088.0
