	time	ins	cycle	memory	branchm	ins_d	cycle_d	memory_d	branchm_d
0	0.001	387316.0	86253	147695.0	1662	0.0	0.0	0.0	0.0
1	0.0011	215209.0	192823	82109.0	0	-172107.0	106570.0	-65586.0	-1662.0
2	0.0012	228793.0	104896	87228.0	1533	13584.0	-87927.0	5119.0	1533.0
3	0.0013	492081.0	110037	186864.0	0	263288.0	5141.0	99636.0	-1533.0
4	0.0014	260418.0	113780	98712.0	1423	-231663.0	3743.0	-88152.0	1423.0
5	0.0015	269230.0	238991	101954.0	0	8812.0	125211.0	3242.0	-1423.0
6	0.0016	275218.0	123688	104087.0	1326	5988.0	-115303.0	2133.0	1326.0
7	0.0017	282163.0	126433	106544.0	0	6945.0	2745.0	2457.0	-1326.0
8	0.0018	581033.0	128293	152993.0	1242	298870.0	1860.0	46449.0	1242.0
9	0.0019	297628.0	130478	177618.0	0	-283405.0	2185.0	24625.0	-1242.0
10	0.002	300583.0	131835	113679.0	1171	2955.0	1357.0	-63939.0	1171.0
11	0.0021	304709.0	132963	114821.0	0	4126.0	1128.0	1142.0	-1171.0
12	0.0022	306776.0	133925	115924.0	1109	2067.0	962.0	1103.0	1109.0
13	0.0023	308427.0	135444	116119.0	1057	1651.0	1519.0	195.0	-52.0
14	0.0024	311423.0	136839	117281.0	0	2996.0	1395.0	1162.0	-1057.0
15	0.0025	312948.0	138081	118093.0	1008	1525.0	1242.0	812.0	1008.0
16	0.0026	315757.0	137989	118719.0	968	2809.0	-92.0	626.0	-40.0
17	0.0027	316535.0	277593	119426.0	932	778.0	139604.0	707.0	-36.0
18	0.0028	317264.0	139596	119623.0	0	729.0	-137997.0	197.0	-932.0
19	0.0029	317922.0	140311	119763.0	906	658.0	715.0	140.0	906.0
20	0.003	321177.0	141033	120268.0	881	3255.0	722.0	505.0	-25.0
21	0.0031	321458.0	141128	121112.0	857	281.0	95.0	844.0	-24.0
22	0.0032	321594.0	141157	121156.0	839	136.0	29.0	44.0	-18.0
23	0.0033	321625.0	141178	121083.0	0	31.0	21.0	-73.0	-839.0
24	0.0034	323134.0	141805	120962.0	820	1509.0	627.0	-121.0	820.0
25	0.0035	323058.0	141792	120968.0	807	-76.0	-13.0	6.0	-13.0
26	0.0036	322784.0	137586	118351.0	773	-274.0	-4206.0	-2617.0	-34.0
27	0.0037	0.0	135723	47429.0	751	-322784.0	-1863.0	-70922.0	-22.0
28	0.0038	311490.0	135714	67382.0	755	311490.0	-9.0	19953.0	4.0
29	0.0039	295246.0	136201	109624.0	759	-16244.0	487.0	42242.0	4.0
30	0.004	288927.0	136723	108529.0	756	-6319.0	522.0	-1095.0	-3.0
31	0.0041	291456.0	137259	109527.0	749	2529.0	536.0	998.0	-7.0
32	0.0042	593947.0	137715	223189.0	744	302491.0	456.0	113662.0	-5.0
33	0.0043	301898.0	138118	113093.0	741	-292049.0	403.0	-110096.0	-3.0
34	0.0044	304131.0	138471	114253.0	735	2233.0	353.0	1160.0	-6.0
35	0.0045	306057.0	138199	115349.0	733	1926.0	-272.0	1096.0	-2.0
36	0.0046	307773.0	138497	115896.0	732	1716.0	298.0	547.0	-1.0
37	0.0047	309335.0	138824	116517.0	731	1562.0	327.0	621.0	-1.0
38	0.0048	312241.0	138516	116953.0	731	2906.0	-308.0	436.0	0.0
39	0.0049	313447.0	138760	117316.0	731	1206.0	244.0	363.0	0.0
40	0.005	314288.0	139039	117736.0	731	841.0	279.0	420.0	0.0
41	0.0051	315030.0	139309	118031.0	0	742.0	270.0	295.0	-731.0
42	0.0052	315830.0	139525	118313.0	729	800.0	216.0	282.0	729.0
43	0.0053	316460.0	139718	118878.0	725	630.0	193.0	565.0	-4.0
44	0.0054	316992.0	139897	119104.0	724	532.0	179.0	226.0	-1.0
45	0.0055	318999.0	140061	119200.0	721	2007.0	164.0	96.0	-3.0
46	0.0056	319453.0	140213	119400.0	721	454.0	152.0	200.0	0.0
47	0.0057	319723.0	140938	119614.0	718	270.0	725.0	214.0	-3.0
48	0.0058	319910.0	141057	119715.0	717	187.0	119.0	101.0	-1.0
49	0.0059	320098.0	141094	119759.0	718	188.0	37.0	44.0	1.0
50	0.006	320201.0	141107	119849.0	718	103.0	13.0	90.0	0.0
51	0.0061	320295.0	141137	119987.0	717	94.0	30.0	138.0	-1.0
52	0.0062	320392.0	141152	120047.0	717	97.0	15.0	60.0	0.0
53	0.0063	320467.0	141169	120064.0	717	75.0	17.0	17.0	0.0
54	0.0064	320536.0	141176	120084.0	717	69.0	7.0	20.0	0.0
55	0.0065	320565.0	141176	120175.0	717	29.0	0.0	91.0	0.0
56	0.0066	320584.0	141174	120251.0	715	19.0	-2.0	76.0	-2.0
57	0.0067	320629.0	141166	120224.0	714	45.0	-8.0	-27.0	-1.0
58	0.0068	320712.0	141170	120227.0	714	83.0	4.0	3.0	0.0
59	0.0069	320833.0	141176	120680.0	710	121.0	6.0	453.0	-4.0
60	0.007	320917.0	141185	120812.0	710	84.0	9.0	132.0	0.0
61	0.0071	321046.0	141199	120803.0	710	129.0	14.0	-9.0	0.0
62	0.0072	321197.0	141236	120766.0	711	151.0	37.0	-37.0	1.0
63	0.0073	321248.0	141251	120760.0	711	51.0	15.0	-6.0	0.0
64	0.0074	321315.0	141247	120825.0	711	67.0	-4.0	65.0	0.0
65	0.0075	321340.0	141251	120856.0	711	25.0	4.0	31.0	0.0
66	0.0076	321300.0	141251	120494.0	713	-40.0	0.0	-362.0	2.0
67	0.0077	320218.0	141145	118744.0	707	-1082.0	-106.0	-1750.0	-6.0
68	0.0078	314408.0	139171	117894.0	708	-5810.0	-1974.0	-850.0	1.0
69	0.0079	314416.0	139185	118114.0	710	8.0	14.0	220.0	2.0
70	0.008	314981.0	139393	118308.0	710	565.0	208.0	194.0	0.0
71	0.0081	315706.0	139606	118905.0	707	725.0	213.0	597.0	-3.0
72	0.0082	316430.0	139809	119203.0	708	724.0	203.0	298.0	1.0
73	0.0083	316981.0	139982	119395.0	708	551.0	173.0	192.0	0.0
74	0.0084	317531.0	140140	119509.0	708	550.0	158.0	114.0	0.0
75	0.0085	318054.0	140279	119667.0	708	523.0	139.0	158.0	0.0
76	0.0086	318420.0	140381	119833.0	708	366.0	102.0	166.0	0.0
77	0.0087	318703.0	140472	119910.0	708	283.0	91.0	77.0	0.0
78	0.0088	319031.0	140575	119933.0	708	328.0	103.0	23.0	0.0
79	0.0089	319274.0	140647	120014.0	709	243.0	72.0	81.0	1.0
80	0.009	319464.0	140708	120121.0	709	190.0	61.0	107.0	0.0
81	0.0091	319570.0	140758	120145.0	709	106.0	50.0	24.0	0.0
82	0.0092	319722.0	140820	120152.0	709	152.0	62.0	7.0	0.0
83	0.0093	319914.0	140868	120187.0	710	192.0	48.0	35.0	1.0
84	0.0094	320011.0	140900	120250.0	711	97.0	32.0	63.0	1.0
85	0.0095	320010.0	140913	120278.0	710	-1.0	13.0	28.0	-1.0
86	0.0096	320118.0	140950	120261.0	710	108.0	37.0	-17.0	0.0
87	0.0097	320254.0	140960	120258.0	710	136.0	10.0	-3.0	0.0
88	0.0098	320242.0	140973	120260.0	711	-12.0	13.0	2.0	1.0
89	0.0099	320173.0	140965	120327.0	711	-69.0	-8.0	67.0	0.0
90	0.01	320254.0	140976	120288.0	711	81.0	11.0	-39.0	0.0
91	0.0101	320262.0	140988	120244.0	711	8.0	12.0	-44.0	0.0
92	0.0102	320358.0	140990	120287.0	710	96.0	2.0	43.0	-1.0
93	0.0103	320268.0	140978	120333.0	710	-90.0	-12.0	46.0	0.0
94	0.0104	320213.0	140976	120300.0	712	-55.0	-2.0	-33.0	2.0
95	0.0105	320247.0	140998	120244.0	713	34.0	22.0	-56.0	1.0
96	0.0106	320300.0	141004	120255.0	712	53.0	6.0	11.0	-1.0
97	0.0107	320303.0	141017	120308.0	711	3.0	13.0	53.0	-1.0
98	0.0108	320340.0	141019	120351.0	710	37.0	2.0	43.0	-1.0
99	0.0109	320356.0	141014	120297.0	711	16.0	-5.0	-54.0	1.0
100	0.011	320372.0	141014	120263.0	713	16.0	0.0	-34.0	2.0
101	0.0111	320366.0	141014	120259.0	713	-6.0	0.0	-4.0	0.0
102	0.0112	320204.0	140989	120311.0	713	-162.0	-25.0	52.0	0.0
103	0.0113	320194.0	140985	120260.0	713	-10.0	-4.0	-51.0	0.0
104	0.0114	320214.0	140974	120199.0	714	20.0	-11.0	-61.0	1.0
