	time	ins	cycle	memory	branchm	ins_d	cycle_d	memory_d	branchm_d
0	0.001	54039.0	62074	24038.0	1123.0	0.0	0.0	0.0	0.0
1	0.0011	110674.0	36742	50185.0	0.0	56635.0	-25332.0	26147.0	-1123.0
2	0.0012	129769.0	79992	63183.0	0.0	19095.0	43250.0	12998.0	0.0
3	0.0013	185484.0	96782	52160.0	1133.0	55715.0	16790.0	-11023.0	1133.0
4	0.0014	228582.0	55677	89328.0	0.0	43098.0	-41105.0	37168.0	-1133.0
5	0.0015	128119.0	122473	49855.0	1043.0	-100463.0	66796.0	-39473.0	1043.0
6	0.0016	282885.0	66887	75025.0	0.0	154766.0	-55586.0	25170.0	-1043.0
7	0.0017	151636.0	69492	91997.0	0.0	-131249.0	2605.0	16972.0	0.0
8	0.0018	160570.0	72478	60455.0	964.0	8934.0	2986.0	-31542.0	964.0
9	0.0019	167284.0	151672	88589.0	0.0	6714.0	79194.0	28134.0	-964.0
10	0.002	344830.0	78591	65805.0	896.0	177546.0	-73081.0	-22784.0	896.0
11	0.0021	179741.0	80661	108482.0	0.0	-165089.0	2070.0	42677.0	-896.0
12	0.0022	182494.0	81895	69521.0	836.0	2753.0	1234.0	-38961.0	836.0
13	0.0023	186484.0	83522	70569.0	0.0	3990.0	1627.0	1048.0	-836.0
14	0.0024	188638.0	84452	71631.0	787.0	2154.0	930.0	1062.0	787.0
15	0.0025	192013.0	85835	72549.0	744.0	3375.0	1383.0	918.0	-43.0
16	0.0026	193633.0	86529	73427.0	0.0	1620.0	694.0	878.0	-744.0
17	0.0027	196333.0	87659	104056.0	704.0	2700.0	1130.0	30629.0	704.0
18	0.0028	197406.0	88141	41450.0	0.0	1073.0	482.0	-62606.0	-704.0
19	0.0029	185763.0	83515	68959.0	622.0	-11643.0	-4626.0	27509.0	622.0
20	0.003	181926.0	81847	96996.0	592.0	-3837.0	-1668.0	28037.0	-30.0
21	0.0031	183767.0	166741	70408.0	571.0	1841.0	84894.0	-26588.0	-21.0
22	0.0032	377279.0	85032	71204.0	0.0	193512.0	-81709.0	796.0	-571.0
23	0.0033	191300.0	85738	72081.0	557.0	-185979.0	706.0	877.0	557.0
24	0.0034	194278.0	86948	72963.0	541.0	2978.0	1210.0	882.0	-16.0
25	0.0035	195668.0	87519	73406.0	533.0	1390.0	571.0	443.0	-8.0
26	0.0036	196734.0	87979	117962.0	522.0	1066.0	460.0	44556.0	-11.0
27	0.0037	197668.0	88380	75012.0	512.0	934.0	401.0	-42950.0	-10.0
28	0.0038	198650.0	89286	75287.0	0.0	982.0	906.0	275.0	-512.0
29	0.0039	200934.0	89637	75557.0	504.0	2284.0	351.0	270.0	504.0
30	0.004	201748.0	89871	75819.0	499.0	814.0	234.0	262.0	-5.0
31	0.0041	202208.0	90062	75922.0	495.0	460.0	191.0	103.0	-4.0
32	0.0042	202578.0	90236	76119.0	492.0	370.0	174.0	197.0	-3.0
33	0.0043	203077.0	90397	76270.0	490.0	499.0	161.0	151.0	-2.0
34	0.0044	203415.0	90545	76375.0	484.0	338.0	148.0	105.0	-6.0
35	0.0045	203800.0	90690	76791.0	484.0	385.0	145.0	416.0	0.0
36	0.0046	204087.0	90804	77162.0	478.0	287.0	114.0	371.0	-6.0
37	0.0047	204316.0	91494	77588.0	476.0	229.0	690.0	426.0	-2.0
38	0.0048	207250.0	91468	77886.0	476.0	2934.0	-26.0	298.0	0.0
39	0.0049	207522.0	91509	78010.0	476.0	272.0	41.0	124.0	0.0
40	0.005	208509.0	91975	77986.0	476.0	987.0	466.0	-24.0	0.0
41	0.0051	208407.0	92539	78020.0	475.0	-102.0	564.0	34.0	-1.0
42	0.0052	208099.0	92524	78027.0	475.0	-308.0	-15.0	7.0	0.0
43	0.0053	207969.0	92430	77921.0	473.0	-130.0	-94.0	-106.0	-2.0
44	0.0054	207722.0	92353	77884.0	473.0	-247.0	-77.0	-37.0	0.0
45	0.0055	207613.0	92262	77812.0	471.0	-109.0	-91.0	-72.0	-2.0
46	0.0056	207371.0	92188	77743.0	472.0	-242.0	-74.0	-69.0	1.0
47	0.0057	207217.0	92134	77730.0	472.0	-154.0	-54.0	-13.0	0.0
48	0.0058	206994.0	92086	77618.0	472.0	-223.0	-48.0	-112.0	0.0
49	0.0059	206895.0	92047	77659.0	0.0	-99.0	-39.0	41.0	-472.0
50	0.006	206874.0	92011	77598.0	470.0	-21.0	-36.0	-61.0	470.0
51	0.0061	206779.0	91974	77620.0	470.0	-95.0	-37.0	22.0	0.0
52	0.0062	206746.0	91939	77560.0	470.0	-33.0	-35.0	-60.0	0.0
53	0.0063	206608.0	91914	77561.0	470.0	-138.0	-25.0	1.0	0.0
54	0.0064	206629.0	91894	77556.0	470.0	21.0	-20.0	-5.0	0.0
55	0.0065	206544.0	91886	77515.0	470.0	-85.0	-8.0	-41.0	0.0
56	0.0066	206623.0	91894	77601.0	470.0	79.0	8.0	86.0	0.0
57	0.0067	206605.0	91873	77545.0	470.0	-18.0	-21.0	-56.0	0.0
58	0.0068	206542.0	91864	77553.0	468.0	-63.0	-9.0	8.0	-2.0
59	0.0069	206447.0	91779	76800.0	461.0	-95.0	-85.0	-753.0	-7.0
60	0.007	203299.0	90475	76375.0	460.0	-3148.0	-1304.0	-425.0	-1.0
61	0.0071	203485.0	90464	76461.0	458.0	186.0	-11.0	86.0	-2.0
62	0.0072	203808.0	90611	76754.0	458.0	323.0	147.0	293.0	0.0
63	0.0073	204073.0	90742	76942.0	459.0	265.0	131.0	188.0	1.0
64	0.0074	204383.0	90856	76971.0	459.0	310.0	114.0	29.0	0.0
65	0.0075	204543.0	90965	77034.0	461.0	160.0	109.0	63.0	2.0
66	0.0076	204686.0	91034	77051.0	461.0	143.0	69.0	17.0	0.0
67	0.0077	204871.0	91135	77063.0	463.0	185.0	101.0	12.0	2.0
68	0.0078	204964.0	91202	77173.0	464.0	93.0	67.0	110.0	1.0
69	0.0079	205105.0	91265	77132.0	464.0	141.0	63.0	-41.0	0.0
70	0.008	205197.0	91331	77234.0	465.0	92.0	66.0	102.0	1.0
71	0.0081	205404.0	91375	77233.0	463.0	207.0	44.0	-1.0	-2.0
72	0.0082	205524.0	91413	77277.0	464.0	120.0	38.0	44.0	1.0
73	0.0083	205695.0	91454	77661.0	460.0	171.0	41.0	384.0	-4.0
74	0.0084	205878.0	92075	77984.0	463.0	183.0	621.0	323.0	3.0
75	0.0085	207078.0	92023	78348.0	460.0	1200.0	-52.0	364.0	-3.0
76	0.0086	208673.0	91988	78431.0	462.0	1595.0	-35.0	83.0	2.0
77	0.0087	209858.0	91996	78113.0	462.0	1185.0	8.0	-318.0	0.0
78	0.0088	212718.0	92382	78183.0	462.0	2860.0	386.0	70.0	0.0
79	0.0089	211171.0	92944	78465.0	462.0	-1547.0	562.0	282.0	0.0
80	0.009	209336.0	92888	78394.0	462.0	-1835.0	-56.0	-71.0	0.0
81	0.0091	208914.0	92788	78312.0	462.0	-422.0	-100.0	-82.0	0.0
82	0.0092	208602.0	92673	78237.0	463.0	-312.0	-115.0	-75.0	1.0
83	0.0093	208374.0	92587	78106.0	464.0	-228.0	-86.0	-131.0	1.0
84	0.0094	208196.0	92492	78136.0	464.0	-178.0	-95.0	30.0	0.0
85	0.0095	208072.0	92434	78035.0	465.0	-124.0	-58.0	-101.0	1.0
86	0.0096	207880.0	92378	78044.0	464.0	-192.0	-56.0	9.0	-1.0
87	0.0097	207813.0	92293	77962.0	465.0	-67.0	-85.0	-82.0	1.0
88	0.0098	207712.0	92240	77950.0	464.0	-101.0	-53.0	-12.0	-1.0
89	0.0099	207568.0	92179	77877.0	465.0	-144.0	-61.0	-73.0	1.0
90	0.01	207408.0	92148	77845.0	464.0	-160.0	-31.0	-32.0	-1.0
91	0.0101	207276.0	92072	77804.0	465.0	-132.0	-76.0	-41.0	1.0
92	0.0102	207174.0	92059	77730.0	464.0	-102.0	-13.0	-74.0	-1.0
93	0.0103	207077.0	92016	77757.0	466.0	-97.0	-43.0	27.0	2.0
94	0.0104	206936.0	91987	77634.0	467.0	-141.0	-29.0	-123.0	1.0
95	0.0105	206729.0	91957	77639.0	467.0	-207.0	-30.0	5.0	0.0
96	0.0106	206684.0	91922	77587.0	467.0	-45.0	-35.0	-52.0	0.0
97	0.0107	206635.0	91909	77586.0	467.0	-49.0	-13.0	-1.0	0.0
98	0.0108	206615.0	91884	77541.0	467.0	-20.0	-25.0	-45.0	0.0
99	0.0109	206470.0	91856	76756.0	460.0	-145.0	-28.0	-785.0	-7.0
100	0.011	202993.0	90352	76230.0	0.0	-3477.0	-1504.0	-526.0	-460.0
101	0.0111	202898.0	90315	76214.0	460.0	-95.0	-37.0	-16.0	460.0
102	0.0112	203157.0	90457	76389.0	460.0	259.0	142.0	175.0	0.0
103	0.0113	203535.0	90580	76446.0	461.0	378.0	123.0	57.0	1.0
104	0.0114	203709.0	90702	76535.0	460.0	174.0	122.0	89.0	-1.0
105	0.0115	203902.0	90778	76619.0	462.0	193.0	76.0	84.0	2.0
106	0.0116	204042.0	90860	76612.0	462.0	140.0	82.0	-7.0	0.0
107	0.0117	204083.0	90930	76705.0	463.0	41.0	70.0	93.0	1.0
108	0.0118	204260.0	90990	76720.0	464.0	177.0	60.0	15.0	1.0
109	0.0119	204420.0	91065	76793.0	463.0	160.0	75.0	73.0	-1.0
110	0.012	204593.0	91109	76861.0	463.0	173.0	44.0	68.0	0.0
111	0.0121	204688.0	91159	76858.0	463.0	95.0	50.0	-3.0	0.0
112	0.0122	204801.0	91212	76949.0	463.0	113.0	53.0	91.0	0.0
113	0.0123	204918.0	91253	76957.0	463.0	117.0	41.0	8.0	0.0
114	0.0124	205029.0	91304	77017.0	463.0	111.0	51.0	60.0	0.0
115	0.0125	205173.0	91335	77071.0	463.0	144.0	31.0	54.0	0.0
116	0.0126	205255.0	91350	77068.0	463.0	82.0	15.0	-3.0	0.0
117	0.0127	205405.0	91403	77182.0	463.0	150.0	53.0	114.0	0.0
118	0.0128	205496.0	91431	77171.0	463.0	91.0	28.0	-11.0	0.0
119	0.0129	205566.0	91483	77223.0	463.0	70.0	52.0	52.0	0.0
120	0.013	205625.0	91498	77208.0	465.0	59.0	15.0	-15.0	2.0
121	0.0131	205618.0	91533	77223.0	465.0	-7.0	35.0	15.0	0.0
122	0.0132	205698.0	91547	77288.0	466.0	80.0	14.0	65.0	1.0
123	0.0133	205762.0	91560	77287.0	462.0	64.0	13.0	-1.0	-4.0
124	0.0134	205949.0	91607	77609.0	465.0	187.0	47.0	322.0	3.0
125	0.0135	206082.0	91632	77418.0	462.0	133.0	25.0	-191.0	-3.0
126	0.0136	206160.0	91672	77677.0	462.0	78.0	40.0	259.0	0.0
127	0.0137	206291.0	91664	77692.0	461.0	131.0	-8.0	15.0	-1.0
128	0.0138	206301.0	91692	77684.0	462.0	10.0	28.0	-8.0	1.0
129	0.0139	206415.0	91696	77711.0	459.0	114.0	4.0	27.0	-3.0
130	0.014	206444.0	92262	77651.0	460.0	29.0	566.0	-60.0	1.0
131	0.0141	206507.0	92280	78061.0	458.0	63.0	18.0	410.0	-2.0
132	0.0142	206594.0	92245	78336.0	456.0	87.0	-35.0	275.0	-2.0
133	0.0143	208087.0	91704	78388.0	456.0	1493.0	-541.0	52.0	0.0
134	0.0144	208274.0	91676	78031.0	457.0	187.0	-28.0	-357.0	1.0
135	0.0145	208143.0	92256	77995.0	456.0	-131.0	580.0	-36.0	-1.0
136	0.0146	208081.0	92262	77970.0	457.0	-62.0	6.0	-25.0	1.0
137	0.0147	207984.0	92233	77951.0	457.0	-97.0	-29.0	-19.0	0.0
138	0.0148	207943.0	92195	77921.0	458.0	-41.0	-38.0	-30.0	1.0
139	0.0149	207568.0	92058	76851.0	454.0	-375.0	-137.0	-1070.0	-4.0
140	0.015	202296.0	90240	76252.0	452.0	-5272.0	-1818.0	-599.0	-2.0
141	0.0151	203588.0	90199	76246.0	456.0	1292.0	-41.0	-6.0	4.0
142	0.0152	203724.0	90357	76666.0	460.0	136.0	158.0	420.0	4.0
143	0.0153	204069.0	90931	76956.0	459.0	345.0	574.0	290.0	-1.0
144	0.0154	205788.0	91088	76644.0	456.0	1719.0	157.0	-312.0	-3.0
145	0.0155	204407.0	90543	76927.0	461.0	-1381.0	-545.0	283.0	5.0
146	0.0156	206633.0	91547	77739.0	468.0	2226.0	1004.0	812.0	7.0
147	0.0157	208960.0	92635	78644.0	473.0	2327.0	1088.0	905.0	5.0
148	0.0158	211118.0	93608	79416.0	478.0	2158.0	973.0	772.0	5.0
149	0.0159	212999.0	94513	112693.0	481.0	1881.0	905.0	33277.0	3.0
150	0.016	214794.0	95297	81018.0	484.0	1795.0	784.0	-31675.0	3.0
151	0.0161	216394.0	96008	81613.0	486.0	1600.0	711.0	595.0	2.0
152	0.0162	217787.0	193812	82074.0	490.0	1393.0	97804.0	461.0	4.0
153	0.0163	439106.0	97668	82487.0	492.0	221319.0	-96144.0	413.0	2.0
154	0.0164	221081.0	98111	82896.0	493.0	-218025.0	443.0	409.0	1.0
155	0.0165	221974.0	98489	83197.0	496.0	893.0	378.0	301.0	3.0
156	0.0166	222780.0	98841	83570.0	496.0	806.0	352.0	373.0	0.0
157	0.0167	223391.0	99151	83773.0	498.0	611.0	310.0	203.0	2.0
158	0.0168	224082.0	99413	84037.0	499.0	691.0	262.0	264.0	1.0
159	0.0169	224551.0	99654	84276.0	499.0	469.0	241.0	239.0	0.0
160	0.017	224976.0	99861	84387.0	501.0	425.0	207.0	111.0	2.0
161	0.0171	225467.0	100054	84606.0	502.0	491.0	193.0	219.0	1.0
162	0.0172	225794.0	100215	84737.0	502.0	327.0	161.0	131.0	0.0
163	0.0173	226202.0	100366	84854.0	503.0	408.0	151.0	117.0	1.0
164	0.0174	226517.0	100497	85036.0	505.0	315.0	131.0	182.0	2.0
165	0.0175	226698.0	100625	85101.0	3039.0	181.0	128.0	65.0	2534.0
