	time	ins	cycle	memory	branchm	ins_d	cycle_d	memory_d	branchm_d
0	0.001	26339	56123.0	0.0	1412.0	0.0	0.0	0.0	0.0
1	0.0011	25537	63813.0	24415.0	1078.0	-802.0	7690.0	24415.0	-334.0
2	0.0012	94832	39712.0	36502.0	0.0	69295.0	-24101.0	12087.0	-1078.0
3	0.0013	181999	84088.0	61965.0	0.0	87167.0	44376.0	25463.0	0.0
4	0.0014	186182	45563.0	72651.0	1039.0	4183.0	-38525.0	10686.0	1039.0
5	0.0015	112838	104593.0	89338.0	0.0	-73344.0	59030.0	16687.0	-1039.0
6	0.0016	254855	57854.0	49535.0	0.0	142017.0	-46739.0	-39803.0	0.0
7	0.0017	139937	127685.0	74888.0	957.0	-114918.0	69831.0	25353.0	957.0
8	0.0018	301952	69217.0	92318.0	0.0	162015.0	-58468.0	17430.0	-957.0
9	0.0019	160533	71628.0	60579.0	888.0	-141419.0	2411.0	-31739.0	888.0
10	0.002	166861	151257.0	62437.0	0.0	6328.0	79629.0	1858.0	-888.0
11	0.0021	170729	78497.0	90622.0	831.0	3868.0	-72760.0	28185.0	831.0
12	0.0022	175687	80477.0	66924.0	0.0	4958.0	1980.0	-23698.0	-831.0
13	0.0023	361610	81706.0	109286.0	780.0	185923.0	1229.0	42362.0	780.0
14	0.0024	185209	83343.0	69895.0	738.0	-176401.0	1637.0	-39391.0	-42.0
15	0.0025	188827	84270.0	70956.0	0.0	3618.0	927.0	1061.0	-738.0
16	0.0026	190646	85656.0	71907.0	701.0	1819.0	1386.0	951.0	701.0
17	0.0027	193669	86364.0	72544.0	669.0	3023.0	708.0	637.0	-32.0
18	0.0028	195033	87507.0	73530.0	0.0	1364.0	1143.0	986.0	-669.0
19	0.0029	197726	88005.0	70755.0	596.0	2693.0	498.0	-2775.0	596.0
20	0.003	184634	82966.0	68192.0	566.0	-13092.0	-5039.0	-2563.0	-30.0
21	0.0031	180458	81619.0	68132.0	0.0	-4176.0	-1347.0	-60.0	-566.0
22	0.0032	183625	165537.0	68842.0	552.0	3167.0	83918.0	710.0	552.0
23	0.0033	185798	84696.0	98211.0	539.0	2173.0	-80841.0	29369.0	-13.0
24	0.0034	187886	85510.0	71295.0	528.0	2088.0	814.0	-26916.0	-11.0
25	0.0035	189786	86177.0	72026.0	519.0	1900.0	667.0	731.0	-9.0
26	0.0036	192976	86768.0	72516.0	513.0	3190.0	591.0	490.0	-6.0
27	0.0037	194282	87250.0	72910.0	501.0	1306.0	482.0	394.0	-12.0
28	0.0038	195413	88299.0	73931.0	0.0	1131.0	1049.0	1021.0	-501.0
29	0.0039	196508	88726.0	118794.0	498.0	1095.0	427.0	44863.0	498.0
30	0.004	395583	89042.0	74798.0	496.0	199075.0	316.0	-43996.0	-2.0
31	0.0041	200510	89301.0	75041.0	490.0	-195073.0	259.0	243.0	-6.0
32	0.0042	201227	89036.0	75553.0	489.0	717.0	-265.0	512.0	-1.0
33	0.0043	201610	89824.0	75507.0	487.0	383.0	788.0	-46.0	-2.0
34	0.0044	202044	90059.0	75640.0	485.0	434.0	235.0	133.0	-2.0
35	0.0045	202391	90230.0	75860.0	484.0	347.0	171.0	220.0	-1.0
36	0.0046	202778	90372.0	76184.0	479.0	387.0	142.0	324.0	-5.0
37	0.0047	204192	90957.0	77170.0	476.0	1414.0	585.0	986.0	-3.0
38	0.0048	204515	91056.0	77468.0	474.0	323.0	99.0	298.0	-2.0
39	0.0049	204780	91696.0	77260.0	474.0	265.0	640.0	-208.0	0.0
40	0.005	204821	91239.0	77859.0	472.0	41.0	-457.0	599.0	-2.0
41	0.0051	204890	91789.0	77122.0	472.0	69.0	550.0	-737.0	0.0
42	0.0052	204954	91796.0	77325.0	472.0	64.0	7.0	203.0	0.0
43	0.0053	204988	91783.0	77313.0	473.0	34.0	-13.0	-12.0	1.0
44	0.0054	205086	91762.0	77304.0	471.0	98.0	-21.0	-9.0	-2.0
45	0.0055	205094	91752.0	77615.0	473.0	8.0	-10.0	311.0	2.0
46	0.0056	205198	91731.0	77089.0	472.0	104.0	-21.0	-526.0	-1.0
47	0.0057	205137	91721.0	77651.0	473.0	-61.0	-10.0	562.0	1.0
48	0.0058	205204	91718.0	77129.0	472.0	67.0	-3.0	-522.0	-1.0
49	0.0059	205351	91708.0	77375.0	469.0	147.0	-10.0	246.0	-3.0
50	0.006	206915	91719.0	77372.0	467.0	1564.0	11.0	-3.0	-2.0
51	0.0061	207001	91705.0	77373.0	468.0	86.0	-14.0	1.0	1.0
52	0.0062	206835	91704.0	77716.0	467.0	-166.0	-1.0	343.0	-1.0
53	0.0063	206845	91685.0	77399.0	469.0	10.0	-19.0	-317.0	2.0
54	0.0064	207771	91579.0	78245.0	0.0	926.0	-106.0	846.0	-469.0
55	0.0065	207753	92096.0	77640.0	468.0	-18.0	517.0	-605.0	468.0
56	0.0066	207513	92073.0	77811.0	468.0	-240.0	-23.0	171.0	0.0
57	0.0067	207348	92021.0	77763.0	467.0	-165.0	-52.0	-48.0	-1.0
58	0.0068	207264	91978.0	78032.0	467.0	-84.0	-43.0	269.0	0.0
59	0.0069	206735	91936.0	77708.0	466.0	-529.0	-42.0	-324.0	-1.0
60	0.007	203088	91795.0	76567.0	459.0	-3647.0	-141.0	-1141.0	-7.0
61	0.0071	202751	90213.0	76453.0	459.0	-337.0	-1582.0	-114.0	0.0
62	0.0072	202996	90175.0	75950.0	461.0	245.0	-38.0	-503.0	2.0
63	0.0073	203140	90297.0	76288.0	461.0	144.0	122.0	338.0	0.0
64	0.0074	203354	90433.0	76378.0	461.0	214.0	136.0	90.0	0.0
65	0.0075	203674	90544.0	76468.0	461.0	320.0	111.0	90.0	0.0
66	0.0076	203883	90662.0	76912.0	461.0	209.0	118.0	444.0	0.0
67	0.0077	204018	90761.0	76426.0	463.0	135.0	99.0	-486.0	2.0
68	0.0078	204135	90829.0	76952.0	462.0	117.0	68.0	526.0	-1.0
69	0.0079	205329	90910.0	77308.0	466.0	1194.0	81.0	356.0	4.0
70	0.008	205487	91394.0	77000.0	465.0	158.0	484.0	-308.0	-1.0
71	0.0081	205508	91445.0	77572.0	465.0	21.0	51.0	572.0	0.0
72	0.0082	205555	91454.0	77060.0	465.0	47.0	9.0	-512.0	0.0
73	0.0083	205586	91460.0	77310.0	466.0	31.0	6.0	250.0	1.0
74	0.0084	205513	91486.0	77284.0	466.0	-73.0	26.0	-26.0	0.0
75	0.0085	205662	91495.0	77329.0	463.0	149.0	9.0	45.0	-3.0
76	0.0086	205713	92090.0	77675.0	463.0	51.0	595.0	346.0	0.0
77	0.0087	205891	92110.0	77208.0	460.0	178.0	20.0	-467.0	-3.0
78	0.0088	205920	92078.0	78362.0	457.0	29.0	-32.0	1154.0	-3.0
79	0.0089	205977	92036.0	77852.0	457.0	57.0	-42.0	-510.0	0.0
80	0.009	206052	91985.0	78384.0	457.0	75.0	-51.0	532.0	0.0
81	0.0091	206024	91948.0	77825.0	457.0	-28.0	-37.0	-559.0	0.0
82	0.0092	206117	91907.0	77988.0	457.0	93.0	-41.0	163.0	0.0
83	0.0093	206039	91886.0	77910.0	457.0	-78.0	-21.0	-78.0	0.0
84	0.0094	206202	91850.0	78098.0	460.0	163.0	-36.0	188.0	3.0
85	0.0095	207078	91853.0	78382.0	460.0	876.0	3.0	284.0	0.0
86	0.0096	207133	92225.0	77946.0	461.0	55.0	372.0	-436.0	1.0
87	0.0097	207006	92198.0	78418.0	461.0	-127.0	-27.0	472.0	0.0
88	0.0098	206870	92140.0	77820.0	462.0	-136.0	-58.0	-598.0	1.0
89	0.0099	206818	92093.0	78338.0	462.0	-52.0	-47.0	518.0	0.0
90	0.01	206674	92062.0	77776.0	462.0	-144.0	-31.0	-562.0	0.0
91	0.0101	206764	92027.0	77963.0	463.0	90.0	-35.0	187.0	1.0
92	0.0102	206623	92008.0	77912.0	462.0	-141.0	-19.0	-51.0	-1.0
93	0.0103	206677	91980.0	78186.0	463.0	54.0	-28.0	274.0	1.0
94	0.0104	206599	91968.0	77954.0	463.0	-78.0	-12.0	-232.0	0.0
95	0.0105	206560	91950.0	77587.0	464.0	-39.0	-18.0	-367.0	1.0
96	0.0106	206511	91933.0	78099.0	464.0	-49.0	-17.0	512.0	0.0
97	0.0107	206439	91909.0	77548.0	464.0	-72.0	-24.0	-551.0	0.0
98	0.0108	206495	91896.0	77811.0	465.0	56.0	-13.0	263.0	1.0
99	0.0109	206285	91888.0	77688.0	465.0	-210.0	-8.0	-123.0	0.0
100	0.011	202913	91792.0	77107.0	459.0	-3372.0	-96.0	-581.0	-6.0
101	0.0111	202716	90340.0	30874.0	459.0	-197.0	-1452.0	-46233.0	0.0
102	0.0112	203031	90325.0	121641.0	460.0	315.0	-15.0	90767.0	1.0
103	0.0113	203362	90456.0	76798.0	459.0	331.0	131.0	-44843.0	-1.0
104	0.0114	203656	90592.0	76393.0	460.0	294.0	136.0	-405.0	1.0
105	0.0115	204006	90721.0	77050.0	460.0	350.0	129.0	657.0	0.0
106	0.0116	204167	90828.0	76926.0	461.0	161.0	107.0	-124.0	1.0
107	0.0117	204344	90930.0	76961.0	461.0	177.0	102.0	35.0	0.0
108	0.0118	204643	91015.0	77048.0	461.0	299.0	85.0	87.0	0.0
109	0.0119	204753	91092.0	76748.0	463.0	110.0	77.0	-300.0	2.0
110	0.012	204949	91144.0	77398.0	460.0	196.0	52.0	650.0	-3.0
111	0.0121	206464	91216.0	77205.0	465.0	1515.0	72.0	-193.0	5.0
112	0.0122	205243	91285.0	77232.0	462.0	-1221.0	69.0	27.0	-3.0
113	0.0123	206686	91330.0	77245.0	462.0	1443.0	45.0	13.0	0.0
114	0.0124	206698	91376.0	76944.0	462.0	12.0	46.0	-301.0	0.0
115	0.0125	206663	91398.0	77541.0	0.0	-35.0	22.0	597.0	-462.0
116	0.0126	206533	91429.0	77036.0	925.0	-130.0	31.0	-505.0	925.0
117	0.0127	206524	91450.0	77591.0	0.0	-9.0	21.0	555.0	-925.0
118	0.0128	206409	91460.0	77385.0	462.0	-115.0	10.0	-206.0	462.0
119	0.0129	206303	91463.0	77349.0	462.0	-106.0	3.0	-36.0	0.0
120	0.013	206217	91465.0	77323.0	462.0	-86.0	2.0	-26.0	0.0
121	0.0131	206069	91466.0	76979.0	464.0	-148.0	1.0	-344.0	2.0
122	0.0132	206026	91480.0	77578.0	463.0	-43.0	14.0	599.0	-1.0
123	0.0133	205963	91484.0	77330.0	464.0	-63.0	4.0	-248.0	1.0
124	0.0134	205982	91494.0	77358.0	463.0	19.0	10.0	28.0	-1.0
125	0.0135	205946	91508.0	77330.0	464.0	-36.0	14.0	-28.0	1.0
126	0.0136	205924	91528.0	77025.0	463.0	-22.0	20.0	-305.0	-1.0
127	0.0137	205846	91520.0	77545.0	463.0	-78.0	-8.0	520.0	0.0
128	0.0138	205736	91509.0	77001.0	462.0	-110.0	-11.0	-544.0	-1.0
129	0.0139	205684	91518.0	77557.0	462.0	-52.0	9.0	556.0	0.0
130	0.014	205514	91513.0	77304.0	462.0	-170.0	-5.0	-253.0	0.0
131	0.0141	205517	91513.0	77303.0	462.0	3.0	0.0	-1.0	0.0
132	0.0142	205455	91497.0	77244.0	462.0	-62.0	-16.0	-59.0	0.0
133	0.0143	205442	91496.0	77231.0	462.0	-13.0	-1.0	-13.0	0.0
134	0.0144	205514	91493.0	77289.0	461.0	72.0	-3.0	58.0	-1.0
135	0.0145	205592	91491.0	76965.0	461.0	78.0	-2.0	-324.0	0.0
136	0.0146	205682	91509.0	77605.0	461.0	90.0	18.0	640.0	0.0
137	0.0147	205685	91526.0	77373.0	461.0	3.0	17.0	-232.0	0.0
138	0.0148	205664	91538.0	77367.0	463.0	-21.0	12.0	-6.0	2.0
139	0.0149	205525	91552.0	31286.0	463.0	-139.0	14.0	-46081.0	0.0
140	0.015	201707	91530.0	77272.0	456.0	-3818.0	-22.0	45986.0	-7.0
141	0.0151	201630	89848.0	75795.0	456.0	-77.0	-1682.0	-1477.0	0.0
142	0.0152	201911	89851.0	75780.0	456.0	281.0	3.0	-15.0	0.0
143	0.0153	202311	90014.0	75884.0	456.0	400.0	163.0	104.0	0.0
144	0.0154	0	90161.0	76116.0	456.0	-202311.0	147.0	232.0	0.0
145	0.0155	403147	90304.0	76254.0	455.0	403147.0	143.0	138.0	-1.0
146	0.0156	202884	89873.0	121675.0	456.0	-200263.0	-431.0	45421.0	1.0
147	0.0157	205554	91561.0	77440.0	463.0	2670.0	1688.0	-44235.0	7.0
148	0.0158	207986	92718.0	78351.0	468.0	2432.0	1157.0	911.0	5.0
149	0.0159	210249	93696.0	79129.0	472.0	2263.0	978.0	778.0	4.0
150	0.016	212153	94553.0	79516.0	477.0	1904.0	857.0	387.0	5.0
151	0.0161	213925	95321.0	80789.0	480.0	1772.0	768.0	1273.0	3.0
152	0.0162	215512	192594.0	81158.0	482.0	1587.0	97273.0	369.0	2.0
153	0.0163	217064	97150.0	81699.0	486.0	1552.0	-95444.0	541.0	4.0
154	0.0164	218267	97646.0	82136.0	980.0	1203.0	496.0	437.0	494.0
155	0.0165	219473	98085.0	82247.0	493.0	1206.0	439.0	111.0	-487.0
156	0.0166	220459	98480.0	82875.0	495.0	986.0	395.0	628.0	2.0
157	0.0167	221510	98840.0	83247.0	497.0	1051.0	360.0	372.0	2.0
158	0.0168	222389	99147.0	83954.0	497.0	879.0	307.0	707.0	0.0
159	0.0169	223070	99417.0	83941.0	501.0	681.0	270.0	-13.0	4.0
160	0.017	223717	99655.0	84143.0	502.0	647.0	238.0	202.0	1.0
161	0.0171	224215	99863.0	84348.0	502.0	498.0	208.0	205.0	0.0
162	0.0172	224689	100060.0	84486.0	504.0	474.0	197.0	138.0	2.0
163	0.0173	225299	100233.0	84705.0	504.0	610.0	173.0	219.0	0.0
164	0.0174	225617	100389.0	119122.0	505.0	318.0	156.0	34417.0	1.0
165	0.0175	225851	100489.0	84960.0	507.0	234.0	100.0	-34162.0	2.0
166	0.0176	226248	100621.0	50370.0	507.0	397.0	132.0	-34590.0	0.0
167	0.0177	226585	100744.0	34656.0	5023.0	337.0	123.0	-15714.0	4516.0
168	0.0178	226803	100840.0	0.0	6332.0	218.0	96.0	-34656.0	1309.0
169	0.0179	0	99800.0	34469.0	3562.0	-226803.0	-1040.0	34469.0	-2770.0
