	time	ins	cycle	memory	branchm	ins_d	cycle_d	memory_d	branchm_d
0	0.001	24671.0	29035	7724.0	1314.0	0.0	0.0	0.0	0.0
1	0.0011	24262.0	61359	25948.0	1046.0	-409.0	32324.0	18224.0	-268.0
2	0.0012	89037.0	38337	40932.0	0.0	64775.0	-23022.0	14984.0	-1046.0
3	0.0013	172043.0	80600	55042.0	1101.0	83006.0	42263.0	14110.0	1101.0
4	0.0014	189148.0	92709	72204.0	0.0	17105.0	12109.0	17162.0	-1101.0
5	0.0015	109682.0	52892	57994.0	0.0	-79466.0	-39817.0	-14210.0	0.0
6	0.0016	249539.0	119077	77918.0	1014.0	139857.0	66185.0	19924.0	1014.0
7	0.0017	138702.0	65494	70103.0	0.0	-110837.0	-53583.0	-7815.0	-1014.0
8	0.0018	132054.0	61495	49452.0	0.0	-6648.0	-3999.0	-20651.0	0.0
9	0.0019	273854.0	61782	84653.0	840.0	141800.0	287.0	35201.0	840.0
10	0.002	148864.0	132297	78869.0	775.0	-124990.0	70515.0	-5784.0	-65.0
11	0.0021	154663.0	69631	59987.0	0.0	5799.0	-62666.0	-18882.0	-775.0
12	0.0022	327224.0	72536	61667.0	733.0	172561.0	2905.0	1680.0	733.0
13	0.0023	171536.0	74605	103730.0	0.0	-155688.0	2069.0	42063.0	-733.0
14	0.0024	175242.0	155766	93671.0	696.0	3706.0	81161.0	-10059.0	696.0
15	0.0025	180137.0	80723	68654.0	663.0	4895.0	-75043.0	-25017.0	-33.0
16	0.0026	182894.0	81953	69876.0	0.0	2757.0	1230.0	1222.0	-663.0
17	0.0027	186743.0	83591	70839.0	633.0	3849.0	1638.0	963.0	633.0
18	0.0028	380822.0	84493	71508.0	613.0	194079.0	902.0	669.0	-20.0
19	0.0029	194809.0	85721	72687.0	592.0	-186013.0	1228.0	1179.0	-21.0
20	0.003	196021.0	86965	73688.0	0.0	1212.0	1244.0	1001.0	-592.0
21	0.0031	196977.0	87542	74146.0	579.0	956.0	577.0	458.0	579.0
22	0.0032	199383.0	87991	74765.0	560.0	2406.0	449.0	619.0	-19.0
23	0.0033	200417.0	88985	75322.0	550.0	1034.0	994.0	557.0	-10.0
24	0.0034	200964.0	89375	75630.0	541.0	547.0	390.0	308.0	-9.0
25	0.0035	201515.0	89608	75772.0	0.0	551.0	233.0	142.0	-541.0
26	0.0036	203538.0	89847	107095.0	528.0	2023.0	239.0	31323.0	528.0
27	0.0037	203896.0	90061	76663.0	518.0	358.0	214.0	-30432.0	-10.0
28	0.0038	204144.0	90810	76804.0	513.0	248.0	749.0	141.0	-5.0
29	0.0039	204409.0	91004	76871.0	508.0	265.0	194.0	67.0	-5.0
30	0.004	204569.0	91086	76919.0	503.0	160.0	82.0	48.0	-5.0
31	0.0041	204769.0	182378	77015.0	497.0	200.0	91292.0	96.0	-6.0
32	0.0042	204938.0	91284	77027.0	493.0	169.0	-91094.0	12.0	-4.0
33	0.0043	206622.0	91374	123072.0	491.0	1684.0	90.0	46045.0	-2.0
34	0.0044	206841.0	91436	77537.0	482.0	219.0	62.0	-45535.0	-9.0
35	0.0045	206821.0	92039	77790.0	0.0	-20.0	603.0	253.0	-482.0
36	0.0046	206880.0	92080	31553.0	481.0	59.0	41.0	-46237.0	481.0
37	0.0047	206747.0	92063	123742.0	479.0	-133.0	-17.0	92189.0	-2.0
38	0.0048	206797.0	92061	78060.0	478.0	50.0	-2.0	-45682.0	-1.0
39	0.0049	206731.0	92035	77780.0	478.0	-66.0	-26.0	-280.0	0.0
40	0.005	206649.0	92004	77762.0	478.0	-82.0	-31.0	-18.0	0.0
41	0.0051	206545.0	91952	77672.0	477.0	-104.0	-52.0	-90.0	-1.0
42	0.0052	206469.0	91926	77686.0	475.0	-76.0	-26.0	14.0	-2.0
43	0.0053	206497.0	91894	77628.0	474.0	28.0	-32.0	-58.0	-1.0
44	0.0054	206362.0	91881	77599.0	472.0	-135.0	-13.0	-29.0	-2.0
45	0.0055	206437.0	91855	77603.0	472.0	75.0	-26.0	4.0	0.0
46	0.0056	206312.0	91828	77500.0	471.0	-125.0	-27.0	-103.0	-1.0
47	0.0057	206270.0	91827	31470.0	470.0	-42.0	-1.0	-46030.0	-1.0
48	0.0058	205878.0	0	46020.0	464.0	-392.0	-91827.0	14550.0	-6.0
49	0.0059	202923.0	91663	76699.0	464.0	-2955.0	91663.0	30679.0	0.0
50	0.006	202964.0	90430	76286.0	463.0	41.0	-1233.0	-413.0	-1.0
51	0.0061	203329.0	90435	76357.0	463.0	365.0	5.0	71.0	0.0
52	0.0062	203745.0	90581	76487.0	463.0	416.0	146.0	130.0	0.0
53	0.0063	204024.0	90728	107704.0	463.0	279.0	147.0	31217.0	0.0
54	0.0064	204292.0	90832	76769.0	463.0	268.0	104.0	-30935.0	0.0
55	0.0065	204531.0	90951	76833.0	463.0	239.0	119.0	64.0	0.0
56	0.0066	204691.0	91057	76906.0	463.0	160.0	106.0	73.0	0.0
57	0.0067	204935.0	91142	76999.0	463.0	244.0	85.0	93.0	0.0
58	0.0068	205084.0	182510	77037.0	465.0	149.0	91368.0	38.0	2.0
59	0.0069	205373.0	91378	77154.0	462.0	289.0	-91132.0	117.0	-3.0
60	0.007	206953.0	91439	77202.0	462.0	1580.0	61.0	48.0	0.0
61	0.0071	207162.0	91499	77262.0	462.0	209.0	60.0	60.0	0.0
62	0.0072	207129.0	91545	77307.0	463.0	-33.0	46.0	45.0	1.0
63	0.0073	207025.0	91592	77305.0	463.0	-104.0	47.0	-2.0	0.0
64	0.0074	207086.0	91651	77426.0	463.0	61.0	59.0	121.0	0.0
65	0.0075	207097.0	91669	77383.0	463.0	11.0	18.0	-43.0	0.0
66	0.0076	207106.0	91710	77471.0	463.0	9.0	41.0	88.0	0.0
67	0.0077	207068.0	91721	123568.0	463.0	-38.0	11.0	46097.0	0.0
68	0.0078	207039.0	91751	77825.0	461.0	-29.0	30.0	-45743.0	-2.0
69	0.0079	207049.0	91760	77859.0	461.0	10.0	9.0	34.0	0.0
70	0.008	206969.0	91758	77774.0	456.0	-80.0	-2.0	-85.0	-5.0
71	0.0081	206985.0	92335	78090.0	460.0	16.0	577.0	316.0	4.0
72	0.0082	206912.0	91852	78026.0	457.0	-73.0	-483.0	-64.0	-3.0
73	0.0083	207085.0	92380	78063.0	462.0	173.0	528.0	37.0	5.0
74	0.0084	207128.0	91881	31646.0	465.0	43.0	-499.0	-46417.0	3.0
75	0.0085	207016.0	91846	123842.0	470.0	-112.0	-35.0	92196.0	5.0
76	0.0086	207003.0	91848	77778.0	464.0	-13.0	2.0	-46064.0	-6.0
77	0.0087	206987.0	92302	78258.0	463.0	-16.0	454.0	480.0	-1.0
78	0.0088	208152.0	92838	78425.0	464.0	1165.0	536.0	167.0	1.0
79	0.0089	207938.0	92790	78302.0	464.0	-214.0	-48.0	-123.0	0.0
80	0.009	207952.0	92723	78338.0	464.0	14.0	-67.0	36.0	0.0
81	0.0091	207761.0	92634	78217.0	464.0	-191.0	-89.0	-121.0	0.0
82	0.0092	207824.0	92588	78244.0	468.0	63.0	-46.0	27.0	4.0
83	0.0093	207751.0	92010	78158.0	464.0	-73.0	-578.0	-86.0	-4.0
84	0.0094	207718.0	92503	78171.0	464.0	-33.0	493.0	13.0	0.0
85	0.0095	207685.0	92491	78093.0	0.0	-33.0	-12.0	-78.0	-464.0
86	0.0096	207571.0	92440	78074.0	463.0	-114.0	-51.0	-19.0	463.0
87	0.0097	207615.0	92363	31656.0	463.0	44.0	-77.0	-46418.0	0.0
88	0.0098	207250.0	0	46344.0	463.0	-365.0	-92363.0	14688.0	0.0
89	0.0099	203078.0	92224	76948.0	456.0	-4172.0	92224.0	30604.0	-7.0
90	0.01	202737.0	90377	76271.0	456.0	-341.0	-1847.0	-677.0	0.0
91	0.0101	203124.0	90864	76072.0	457.0	387.0	487.0	-199.0	1.0
92	0.0102	203438.0	90506	76488.0	457.0	314.0	-358.0	416.0	0.0
93	0.0103	203722.0	90593	76588.0	457.0	284.0	87.0	100.0	0.0
94	0.0104	204121.0	90727	76690.0	457.0	399.0	134.0	102.0	0.0
95	0.0105	204306.0	90844	76814.0	457.0	185.0	117.0	124.0	0.0
96	0.0106	204524.0	91508	76636.0	459.0	218.0	664.0	-178.0	2.0
97	0.0107	204730.0	91096	76991.0	459.0	206.0	-412.0	355.0	0.0
98	0.0108	204868.0	91119	77043.0	461.0	138.0	23.0	52.0	2.0
99	0.0109	205069.0	91182	77075.0	460.0	201.0	63.0	32.0	-1.0
100	0.011	205039.0	91224	77124.0	460.0	-30.0	42.0	49.0	0.0
101	0.0111	205080.0	91804	76875.0	461.0	41.0	580.0	-249.0	1.0
102	0.0112	205030.0	91342	77163.0	462.0	-50.0	-462.0	288.0	1.0
103	0.0113	205033.0	91872	76931.0	464.0	3.0	530.0	-232.0	2.0
104	0.0114	205309.0	91392	77202.0	462.0	276.0	-480.0	271.0	-2.0
105	0.0115	205339.0	91383	77253.0	463.0	30.0	-9.0	51.0	1.0
106	0.0116	205485.0	91414	77253.0	462.0	146.0	31.0	0.0	-1.0
107	0.0117	205549.0	91450	77323.0	462.0	64.0	36.0	70.0	0.0
108	0.0118	205587.0	92023	77082.0	462.0	38.0	573.0	-241.0	0.0
109	0.0119	205652.0	91539	77381.0	462.0	65.0	-484.0	299.0	0.0
110	0.012	205717.0	91501	77379.0	461.0	65.0	-38.0	-2.0	-1.0
111	0.0121	205889.0	183076	77415.0	462.0	172.0	91575.0	36.0	1.0
112	0.0122	205830.0	0	77414.0	462.0	-59.0	-183076.0	-1.0	0.0
113	0.0123	205874.0	183743	77181.0	462.0	44.0	183743.0	-233.0	0.0
114	0.0124	205924.0	0	77458.0	462.0	50.0	-183743.0	277.0	0.0
115	0.0125	205884.0	92133	77206.0	463.0	-40.0	92133.0	-252.0	1.0
116	0.0126	205904.0	91634	77477.0	463.0	20.0	-499.0	271.0	0.0
117	0.0127	205969.0	91586	77481.0	463.0	65.0	-48.0	4.0	0.0
118	0.0128	206068.0	183654	155246.0	464.0	99.0	92068.0	77765.0	1.0
119	0.0129	207112.0	92480	78127.0	466.0	1044.0	-91174.0	-77119.0	2.0
120	0.013	208282.0	92441	78313.0	466.0	1170.0	-39.0	186.0	0.0
121	0.0131	208173.0	92813	78432.0	468.0	-109.0	372.0	119.0	2.0
122	0.0132	209058.0	92751	78591.0	470.0	885.0	-62.0	159.0	2.0
123	0.0133	208814.0	93209	78230.0	469.0	-244.0	458.0	-361.0	-1.0
124	0.0134	208508.0	92616	78393.0	470.0	-306.0	-593.0	163.0	1.0
125	0.0135	208357.0	92897	78517.0	470.0	-151.0	281.0	124.0	0.0
126	0.0136	209101.0	92818	78629.0	470.0	744.0	-79.0	112.0	0.0
127	0.0137	209041.0	93148	31890.0	470.0	-60.0	330.0	-46739.0	0.0
128	0.0138	209354.0	0	46773.0	463.0	313.0	-93148.0	14883.0	-7.0
129	0.0139	205423.0	92898	77811.0	458.0	-3931.0	92898.0	31038.0	-5.0
130	0.014	203601.0	90644	122525.0	463.0	-1822.0	-2254.0	44714.0	5.0
131	0.0141	205935.0	183962	77788.0	464.0	2334.0	93318.0	-44737.0	1.0
132	0.0142	209955.0	93532	110596.0	469.0	4020.0	-90430.0	32808.0	5.0
133	0.0143	212275.0	93889	80103.0	472.0	2320.0	357.0	-30493.0	3.0
134	0.0144	214179.0	95297	80548.0	477.0	1904.0	1408.0	445.0	5.0
135	0.0145	215888.0	95534	81445.0	479.0	1709.0	237.0	897.0	2.0
136	0.0146	217443.0	96773	81748.0	484.0	1555.0	1239.0	303.0	5.0
137	0.0147	218808.0	96853	82534.0	486.0	1365.0	80.0	786.0	2.0
138	0.0148	220039.0	97926	82702.0	488.0	1231.0	1073.0	168.0	2.0
139	0.0149	443045.0	98423	83073.0	491.0	223006.0	497.0	371.0	3.0
140	0.015	222757.0	98791	83393.0	494.0	-220288.0	368.0	320.0	3.0
141	0.0151	223467.0	99143	83689.0	497.0	710.0	352.0	296.0	3.0
142	0.0152	224261.0	98912	84270.0	497.0	794.0	-231.0	581.0	0.0
143	0.0153	224890.0	99736	84267.0	497.0	629.0	824.0	-3.0	0.0
144	0.0154	225464.0	100025	84502.0	499.0	574.0	289.0	235.0	2.0
145	0.0155	226039.0	99690	85301.0	497.0	575.0	-335.0	799.0	-2.0
146	0.0156	226410.0	100448	85220.0	499.0	371.0	758.0	-81.0	2.0
147	0.0157	226747.0	100671	85050.0	504.0	337.0	223.0	-170.0	5.0
148	0.0158	227083.0	100806	85172.0	504.0	336.0	135.0	122.0	0.0
149	0.0159	227478.0	100922	85597.0	503.0	395.0	116.0	425.0	-1.0
150	0.016	227688.0	101034	85433.0	508.0	210.0	112.0	-164.0	5.0
151	0.0161	227978.0	100574	86076.0	506.0	290.0	-460.0	643.0	-2.0
152	0.0162	228217.0	101215	85924.0	506.0	239.0	641.0	-152.0	0.0
153	0.0163	228275.0	101354	85957.0	508.0	58.0	139.0	33.0	2.0
154	0.0164	228494.0	100885	86258.0	508.0	219.0	-469.0	301.0	0.0
155	0.0165	228770.0	101505	86089.0	508.0	276.0	620.0	-169.0	0.0
156	0.0166	228852.0	101602	86099.0	508.0	82.0	97.0	10.0	0.0
157	0.0167	229067.0	101106	86407.0	508.0	215.0	-496.0	308.0	0.0
158	0.0168	229227.0	101695	86204.0	508.0	160.0	589.0	-203.0	0.0
159	0.0169	229306.0	101768	86209.0	508.0	79.0	73.0	5.0	0.0
160	0.017	229261.0	101774	86220.0	508.0	-45.0	6.0	11.0	0.0
161	0.0171	230538.0	101652	86720.0	510.0	1277.0	-122.0	500.0	2.0
162	0.0172	230681.0	102212	86679.0	511.0	143.0	560.0	-41.0	1.0
163	0.0173	230604.0	102242	86665.0	508.0	-77.0	30.0	-14.0	-3.0
164	0.0174	231691.0	102102	87423.0	1579.0	1087.0	-140.0	758.0	1071.0
