	time	ins	cycle	memory	branchm	ins_d	cycle_d	memory_d	branchm_d
0	0.001	131070.0	47039	54910.0	0.0	0.0	0.0	0.0	0.0
1	0.0011	172707.0	100888	84733.0	0.0	41637.0	53849.0	29823.0	0.0
2	0.0012	243403.0	120854	65385.0	1236.0	70696.0	19966.0	-19348.0	1236.0
3	0.0013	294916.0	68955	90447.0	0.0	51513.0	-51899.0	25062.0	-1236.0
4	0.0014	164823.0	152029	86619.0	1147.0	-130093.0	83074.0	-3828.0	1147.0
5	0.0015	175864.0	82913	109355.0	0.0	11041.0	-69116.0	22736.0	-1147.0
6	0.0016	378636.0	86137	101638.0	1066.0	202772.0	3224.0	-7717.0	1066.0
7	0.0017	200944.0	89633	76811.0	0.0	-177692.0	3496.0	-24827.0	-1066.0
8	0.0018	206596.0	186403	79183.0	996.0	5652.0	96770.0	2372.0	996.0
9	0.0019	213032.0	96831	130787.0	0.0	6436.0	-89572.0	51604.0	-996.0
10	0.002	442029.0	98552	84037.0	937.0	228997.0	1721.0	-46750.0	937.0
11	0.0021	227669.0	100640	119908.0	0.0	-214360.0	2088.0	35871.0	-937.0
12	0.0022	230448.0	101933	87229.0	887.0	2779.0	1293.0	-32679.0	887.0
13	0.0023	215135.0	103603	48286.0	771.0	-15313.0	1670.0	-38943.0	-116.0
14	0.0024	210483.0	96807	112338.0	0.0	-4652.0	-6796.0	64052.0	-771.0
15	0.0025	213769.0	95000	80630.0	730.0	3286.0	-1807.0	-31708.0	730.0
16	0.0026	219329.0	96401	82385.0	0.0	5560.0	1401.0	1755.0	-730.0
17	0.0027	223026.0	98045	82886.0	707.0	3697.0	1644.0	501.0	707.0
18	0.0028	220802.0	97986	82380.0	673.0	-2224.0	-59.0	-506.0	-34.0
19	0.0029	219288.0	97353	81778.0	649.0	-1514.0	-633.0	-602.0	-24.0
20	0.003	217759.0	96726	81629.0	0.0	-1529.0	-627.0	-149.0	-649.0
21	0.0031	216658.0	96716	81262.0	625.0	-1101.0	-10.0	-367.0	625.0
22	0.0032	216937.0	96249	81006.0	604.0	279.0	-467.0	-256.0	-21.0
23	0.0033	215809.0	95735	80681.0	589.0	-1128.0	-514.0	-325.0	-15.0
24	0.0034	214816.0	95291	80577.0	0.0	-993.0	-444.0	-104.0	-589.0
25	0.0035	213808.0	95425	80359.0	571.0	-1008.0	134.0	-218.0	571.0
26	0.0036	214497.0	95085	80187.0	555.0	689.0	-340.0	-172.0	-16.0
27	0.0037	213746.0	94733	47379.0	545.0	-751.0	-352.0	-32808.0	-10.0
28	0.0038	212919.0	94369	79805.0	537.0	-827.0	-364.0	32426.0	-8.0
29	0.0039	0.0	94078	79474.0	533.0	-212919.0	-291.0	-331.0	-4.0
30	0.004	212019.0	93813	79567.0	0.0	212019.0	-265.0	93.0	-533.0
31	0.0041	211366.0	94108	79301.0	522.0	-653.0	295.0	-266.0	522.0
32	0.0042	210617.0	93887	79104.0	516.0	-749.0	-221.0	-197.0	-6.0
33	0.0043	210189.0	93655	78890.0	510.0	-428.0	-232.0	-214.0	-6.0
34	0.0044	209683.0	93440	31951.0	501.0	-506.0	-215.0	-46939.0	-9.0
35	0.0045	210757.0	93268	78882.0	497.0	1074.0	-172.0	46931.0	-4.0
36	0.0046	210370.0	93074	78813.0	493.0	-387.0	-194.0	-69.0	-4.0
37	0.0047	209995.0	92920	78571.0	492.0	-375.0	-154.0	-242.0	-1.0
38	0.0048	209418.0	92767	78489.0	490.0	-577.0	-153.0	-82.0	-2.0
39	0.0049	209100.0	92651	78291.0	487.0	-318.0	-116.0	-198.0	-3.0
40	0.005	208686.0	92549	78242.0	486.0	-414.0	-102.0	-49.0	-1.0
41	0.0051	208407.0	92459	78101.0	483.0	-279.0	-90.0	-141.0	-3.0
42	0.0052	208195.0	92387	78075.0	479.0	-212.0	-72.0	-26.0	-4.0
43	0.0053	207964.0	92299	78309.0	0.0	-231.0	-88.0	234.0	-479.0
44	0.0054	207792.0	92228	78250.0	478.0	-172.0	-71.0	-59.0	478.0
45	0.0055	207553.0	92709	78155.0	473.0	-239.0	481.0	-95.0	-5.0
46	0.0056	207482.0	92667	78079.0	473.0	-71.0	-42.0	-76.0	0.0
47	0.0057	207278.0	92566	78026.0	471.0	-204.0	-101.0	-53.0	-2.0
48	0.0058	207255.0	92489	77933.0	471.0	-23.0	-77.0	-93.0	0.0
49	0.0059	207036.0	92404	77938.0	470.0	-219.0	-85.0	5.0	-1.0
50	0.006	206984.0	92342	77817.0	470.0	-52.0	-62.0	-121.0	0.0
51	0.0061	206889.0	92288	77823.0	469.0	-95.0	-54.0	6.0	-1.0
52	0.0062	206804.0	92220	77779.0	468.0	-85.0	-68.0	-44.0	-1.0
53	0.0063	206835.0	0	77806.0	468.0	31.0	-92220.0	27.0	0.0
54	0.0064	207012.0	92290	77115.0	462.0	177.0	92290.0	-691.0	-6.0
55	0.0065	203754.0	90915	76523.0	462.0	-3258.0	-1375.0	-592.0	0.0
56	0.0066	203511.0	90833	76580.0	463.0	-243.0	-82.0	57.0	1.0
57	0.0067	203852.0	90891	76614.0	458.0	341.0	58.0	34.0	-5.0
58	0.0068	205481.0	182045	76973.0	459.0	1629.0	91154.0	359.0	1.0
59	0.0069	205668.0	0	77026.0	459.0	187.0	-182045.0	53.0	0.0
60	0.007	205832.0	182321	77079.0	460.0	164.0	182321.0	53.0	1.0
61	0.0071	205755.0	91220	77099.0	460.0	-77.0	-91101.0	20.0	0.0
62	0.0072	207214.0	91278	76884.0	460.0	1459.0	58.0	-215.0	0.0
63	0.0073	205973.0	91315	77226.0	460.0	-1241.0	37.0	342.0	0.0
64	0.0074	205886.0	91355	77211.0	460.0	-87.0	40.0	-15.0	0.0
65	0.0075	205880.0	91378	77241.0	460.0	-6.0	23.0	30.0	0.0
66	0.0076	205795.0	91394	77229.0	460.0	-85.0	16.0	-12.0	0.0
67	0.0077	205865.0	91427	77238.0	461.0	70.0	33.0	9.0	1.0
68	0.0078	205793.0	91435	77255.0	461.0	-72.0	8.0	17.0	0.0
69	0.0079	207162.0	91462	77002.0	462.0	1369.0	27.0	-253.0	1.0
70	0.008	205907.0	91482	77297.0	462.0	-1255.0	20.0	295.0	0.0
71	0.0081	205714.0	91487	77268.0	462.0	-193.0	5.0	-29.0	0.0
72	0.0082	205684.0	91490	77255.0	462.0	-30.0	3.0	-13.0	0.0
73	0.0083	205571.0	91481	77213.0	462.0	-113.0	-9.0	-42.0	0.0
74	0.0084	205607.0	91499	77214.0	462.0	36.0	18.0	1.0	0.0
75	0.0085	205654.0	91516	77288.0	462.0	47.0	17.0	74.0	0.0
76	0.0086	207090.0	91538	77022.0	463.0	1436.0	22.0	-266.0	1.0
77	0.0087	205803.0	91569	77315.0	463.0	-1287.0	31.0	293.0	0.0
78	0.0088	205699.0	91579	77307.0	465.0	-104.0	10.0	-8.0	2.0
79	0.0089	205696.0	91606	77315.0	465.0	-3.0	27.0	8.0	0.0
80	0.009	205696.0	91609	77306.0	466.0	0.0	3.0	-9.0	1.0
81	0.0091	207103.0	91631	77084.0	466.0	1407.0	22.0	-222.0	0.0
82	0.0092	205802.0	91643	77354.0	467.0	-1301.0	12.0	270.0	1.0
83	0.0093	205713.0	91663	77313.0	468.0	-89.0	20.0	-41.0	1.0
84	0.0094	205675.0	91678	77343.0	467.0	-38.0	15.0	30.0	-1.0
85	0.0095	205715.0	91687	77338.0	468.0	40.0	9.0	-5.0	1.0
86	0.0096	205756.0	91687	77327.0	466.0	41.0	0.0	-11.0	-2.0
87	0.0097	205772.0	91646	77329.0	467.0	16.0	-41.0	2.0	1.0
88	0.0098	207163.0	91639	77096.0	466.0	1391.0	-7.0	-233.0	-1.0
89	0.0099	205749.0	91629	77332.0	468.0	-1414.0	-10.0	236.0	2.0
90	0.01	207042.0	91635	77093.0	467.0	1293.0	6.0	-239.0	-1.0
91	0.0101	205684.0	91641	77329.0	0.0	-1358.0	6.0	236.0	-467.0
92	0.0102	205679.0	91647	77347.0	467.0	-5.0	6.0	18.0	467.0
93	0.0103	205727.0	0	77630.0	463.0	48.0	-91647.0	283.0	-4.0
94	0.0104	205645.0	91632	76899.0	458.0	-82.0	91632.0	-731.0	-5.0
95	0.0105	203584.0	90270	76215.0	457.0	-2061.0	-1362.0	-684.0	-1.0
96	0.0106	202345.0	90273	76558.0	455.0	-1239.0	3.0	343.0	-2.0
97	0.0107	204072.0	90955	76442.0	455.0	1727.0	682.0	-116.0	0.0
98	0.0108	203167.0	91109	76776.0	455.0	-905.0	154.0	334.0	0.0
99	0.0109	203343.0	91180	76861.0	456.0	176.0	71.0	85.0	1.0
100	0.011	205098.0	182533	76711.0	456.0	1755.0	91353.0	-150.0	0.0
101	0.0111	204055.0	0	77067.0	457.0	-1043.0	-182533.0	356.0	1.0
102	0.0112	205499.0	182699	76830.0	458.0	1444.0	182699.0	-237.0	1.0
103	0.0113	205631.0	91394	76895.0	459.0	132.0	-91305.0	65.0	1.0
104	0.0114	205616.0	91411	76892.0	461.0	-15.0	17.0	-3.0	2.0
105	0.0115	205702.0	91448	76943.0	460.0	86.0	37.0	51.0	-1.0
106	0.0116	204422.0	91473	77252.0	462.0	-1280.0	25.0	309.0	2.0
107	0.0117	204449.0	91496	77233.0	462.0	27.0	23.0	-19.0	0.0
108	0.0118	204652.0	91513	77296.0	463.0	203.0	17.0	63.0	1.0
109	0.0119	206139.0	91525	77066.0	463.0	1487.0	12.0	-230.0	0.0
110	0.012	206301.0	91552	77084.0	463.0	162.0	27.0	18.0	0.0
111	0.0121	206182.0	91562	77094.0	464.0	-119.0	10.0	10.0	1.0
112	0.0122	206197.0	91569	77082.0	464.0	15.0	7.0	-12.0	0.0
113	0.0123	204845.0	91569	77398.0	465.0	-1352.0	0.0	316.0	1.0
114	0.0124	204814.0	91578	77346.0	464.0	-31.0	9.0	-52.0	-1.0
115	0.0125	204880.0	91590	77367.0	465.0	66.0	12.0	21.0	1.0
116	0.0126	206284.0	91595	77123.0	465.0	1404.0	5.0	-244.0	0.0
117	0.0127	206365.0	91587	77107.0	465.0	81.0	-8.0	-16.0	0.0
118	0.0128	206292.0	91587	77139.0	464.0	-73.0	0.0	32.0	-1.0
119	0.0129	206326.0	91590	77128.0	464.0	34.0	3.0	-11.0	0.0
120	0.013	204960.0	91584	77408.0	464.0	-1366.0	-6.0	280.0	0.0
121	0.0131	206243.0	91591	77186.0	465.0	1283.0	7.0	-222.0	1.0
122	0.0132	206287.0	91593	77183.0	465.0	44.0	2.0	-3.0	0.0
123	0.0133	206296.0	91598	77178.0	465.0	9.0	5.0	-5.0	0.0
124	0.0134	206221.0	91609	77188.0	464.0	-75.0	11.0	10.0	-1.0
125	0.0135	205000.0	91626	77502.0	464.0	-1221.0	17.0	314.0	0.0
126	0.0136	206366.0	91643	77272.0	464.0	1366.0	17.0	-230.0	0.0
127	0.0137	205232.0	91652	77533.0	464.0	-1134.0	9.0	261.0	0.0
128	0.0138	206489.0	91647	77302.0	464.0	1257.0	-5.0	-231.0	0.0
129	0.0139	206649.0	91657	77331.0	464.0	160.0	10.0	29.0	0.0
130	0.014	206658.0	91642	77334.0	463.0	9.0	-15.0	3.0	-1.0
131	0.0141	206672.0	91645	77362.0	458.0	14.0	3.0	28.0	-5.0
132	0.0142	206604.0	91625	77881.0	458.0	-68.0	-20.0	519.0	0.0
133	0.0143	207956.0	0	77578.0	458.0	1352.0	-91625.0	-303.0	0.0
134	0.0144	207444.0	91577	76596.0	0.0	-512.0	91577.0	-982.0	-458.0
135	0.0145	202112.0	89758	75724.0	901.0	-5332.0	-1819.0	-872.0	901.0
136	0.0146	203359.0	89757	74919.0	451.0	1247.0	-1.0	-805.0	-450.0
137	0.0147	201989.0	88815	75814.0	457.0	-1370.0	-942.0	895.0	6.0
138	0.0148	204381.0	181075	76835.0	462.0	2392.0	92260.0	1021.0	5.0
139	0.0149	205455.0	92262	78093.0	472.0	1074.0	-88813.0	1258.0	10.0
140	0.015	208938.0	93753	126657.0	476.0	3483.0	1491.0	48564.0	4.0
141	0.0151	212660.0	94685	80287.0	480.0	3722.0	932.0	-46370.0	4.0
142	0.0152	430943.0	95456	80901.0	482.0	218283.0	771.0	614.0	2.0
143	0.0153	217692.0	96149	81459.0	486.0	-213251.0	693.0	558.0	4.0
144	0.0154	218883.0	96744	81941.0	487.0	1191.0	595.0	482.0	1.0
145	0.0155	220030.0	97288	82399.0	490.0	1147.0	544.0	458.0	3.0
146	0.0156	220881.0	97752	82735.0	493.0	851.0	464.0	336.0	3.0
147	0.0157	221833.0	98163	83175.0	493.0	952.0	411.0	440.0	0.0
148	0.0158	222623.0	98562	83395.0	496.0	790.0	399.0	220.0	3.0
149	0.0159	223328.0	98889	117725.0	497.0	705.0	327.0	34330.0	1.0
150	0.016	224059.0	99198	84073.0	498.0	731.0	309.0	-33652.0	1.0
151	0.0161	224614.0	99490	84335.0	500.0	555.0	292.0	262.0	2.0
152	0.0162	225205.0	99733	84538.0	500.0	591.0	243.0	203.0	0.0
153	0.0163	225612.0	99953	84661.0	501.0	407.0	220.0	123.0	1.0
154	0.0164	225867.0	100130	84853.0	504.0	255.0	177.0	192.0	3.0
155	0.0165	226224.0	100299	84918.0	504.0	357.0	169.0	65.0	0.0
156	0.0166	226518.0	100454	85029.0	504.0	294.0	155.0	111.0	0.0
157	0.0167	226753.0	100592	85196.0	507.0	235.0	138.0	167.0	3.0
158	0.0168	227114.0	100711	85253.0	507.0	361.0	119.0	57.0	0.0
159	0.0169	227283.0	100818	85330.0	507.0	169.0	107.0	77.0	0.0
160	0.017	227470.0	100919	85467.0	1556.0	187.0	101.0	137.0	1049.0
