	time	ins	cycle	memory	branchm	ins_d	cycle_d	memory_d	branchm_d
0	0.001	27647.0	28336	0.0	1571.0	0.0	0.0	0.0	0.0
1	0.0011	53894.0	61550	24049.0	0.0	26247.0	33214.0	24049.0	-1571.0
2	0.0012	65769.0	39661	49953.0	1239.0	11875.0	-21889.0	25904.0	1239.0
3	0.0013	159437.0	82037	56914.0	0.0	93668.0	42376.0	6961.0	-1239.0
4	0.0014	177142.0	94404	60497.0	0.0	17705.0	12367.0	3583.0	0.0
5	0.0015	226050.0	53132	70778.0	1178.0	48908.0	-41272.0	10281.0	1178.0
6	0.0016	128283.0	118609	67233.0	0.0	-97767.0	65477.0	-3545.0	-1178.0
7	0.0017	279461.0	64811	86171.0	1079.0	151178.0	-53798.0	18938.0	1079.0
8	0.0018	151524.0	68320	79989.0	0.0	-127937.0	3509.0	-6182.0	-1079.0
9	0.0019	158676.0	145180	60477.0	0.0	7152.0	76860.0	-19512.0	0.0
10	0.002	333049.0	76227	62490.0	995.0	174373.0	-68953.0	2013.0	995.0
11	0.0021	174791.0	78558	104256.0	0.0	-158258.0	2331.0	41766.0	-995.0
12	0.0022	178011.0	80006	94164.0	923.0	3220.0	1448.0	-10092.0	923.0
13	0.0023	182434.0	81839	68911.0	0.0	4423.0	1833.0	-25253.0	-923.0
14	0.0024	185014.0	83574	70102.0	863.0	2580.0	1735.0	1191.0	863.0
15	0.0025	188591.0	84511	71488.0	0.0	3577.0	937.0	1386.0	-863.0
16	0.0026	190595.0	172491	72708.0	807.0	2004.0	87980.0	1220.0	807.0
17	0.0027	192198.0	87747	73614.0	0.0	1603.0	-84744.0	906.0	-807.0
18	0.0028	394854.0	88228	73988.0	762.0	202656.0	481.0	374.0	762.0
19	0.0029	200465.0	89197	74677.0	721.0	-194389.0	969.0	689.0	-41.0
20	0.003	201313.0	89555	75301.0	0.0	848.0	358.0	624.0	-721.0
21	0.0031	201763.0	90377	75502.0	690.0	450.0	822.0	201.0	690.0
22	0.0032	203648.0	90604	76006.0	660.0	1885.0	227.0	504.0	-30.0
23	0.0033	204098.0	90739	76482.0	0.0	450.0	135.0	476.0	-660.0
24	0.0034	204386.0	91417	76890.0	634.0	288.0	678.0	408.0	634.0
25	0.0035	205940.0	91527	77000.0	611.0	1554.0	110.0	110.0	-23.0
26	0.0036	206054.0	91536	108544.0	0.0	114.0	9.0	31544.0	-611.0
27	0.0037	206062.0	92117	45951.0	566.0	8.0	581.0	-62593.0	566.0
28	0.0038	197806.0	88671	74015.0	542.0	-8256.0	-3446.0	28064.0	-24.0
29	0.0039	193298.0	87100	102703.0	533.0	-4508.0	-1571.0	28688.0	-9.0
30	0.004	193898.0	87358	73485.0	527.0	600.0	258.0	-29218.0	-6.0
31	0.0041	193649.0	87792	43635.0	0.0	-249.0	434.0	-29850.0	-527.0
32	0.0042	194769.0	88090	147918.0	516.0	1120.0	298.0	104283.0	516.0
33	0.0043	197431.0	88473	74823.0	504.0	2662.0	383.0	-73095.0	-12.0
34	0.0044	200018.0	88846	74892.0	500.0	2587.0	373.0	69.0	-4.0
35	0.0045	200915.0	89163	75138.0	496.0	897.0	317.0	246.0	-4.0
36	0.0046	201375.0	89410	75436.0	493.0	460.0	247.0	298.0	-3.0
37	0.0047	201923.0	89666	75571.0	490.0	548.0	256.0	135.0	-3.0
38	0.0048	202329.0	89891	75773.0	489.0	406.0	225.0	202.0	-1.0
39	0.0049	202770.0	90096	76305.0	481.0	441.0	205.0	532.0	-8.0
40	0.005	203205.0	90857	76443.0	479.0	435.0	761.0	138.0	-2.0
41	0.0051	203546.0	91033	76615.0	476.0	341.0	176.0	172.0	-3.0
42	0.0052	205330.0	91135	76669.0	472.0	1784.0	102.0	54.0	-4.0
43	0.0053	205598.0	91193	76996.0	472.0	268.0	58.0	327.0	0.0
44	0.0054	204496.0	91267	77385.0	470.0	-1102.0	74.0	389.0	-2.0
45	0.0055	206006.0	91347	77203.0	471.0	1510.0	80.0	-182.0	1.0
46	0.0056	206274.0	91401	77270.0	469.0	268.0	54.0	67.0	-2.0
47	0.0057	206360.0	91462	77267.0	469.0	86.0	61.0	-3.0	0.0
48	0.0058	206332.0	91505	77296.0	0.0	-28.0	43.0	29.0	-469.0
49	0.0059	206310.0	91532	77306.0	468.0	-22.0	27.0	10.0	468.0
50	0.006	206316.0	91553	77286.0	468.0	6.0	21.0	-20.0	0.0
51	0.0061	206240.0	91567	77375.0	466.0	-76.0	14.0	89.0	-2.0
52	0.0062	206270.0	91567	77303.0	467.0	30.0	0.0	-72.0	1.0
53	0.0063	206170.0	91577	77338.0	465.0	-100.0	10.0	35.0	-2.0
54	0.0064	206179.0	91567	77290.0	466.0	9.0	-10.0	-48.0	1.0
55	0.0065	206072.0	91573	77291.0	466.0	-107.0	6.0	1.0	0.0
56	0.0066	206027.0	91576	77292.0	467.0	-45.0	3.0	1.0	1.0
57	0.0067	206026.0	91594	77287.0	465.0	-1.0	18.0	-5.0	-2.0
58	0.0068	204833.0	91593	77620.0	465.0	-1193.0	-1.0	333.0	0.0
59	0.0069	206298.0	91617	77390.0	465.0	1465.0	24.0	-230.0	0.0
60	0.007	206415.0	91642	77416.0	465.0	117.0	25.0	26.0	0.0
61	0.0071	206405.0	91662	77376.0	464.0	-10.0	20.0	-40.0	-1.0
62	0.0072	206387.0	91681	77406.0	465.0	-18.0	19.0	30.0	1.0
63	0.0073	206384.0	91690	77426.0	465.0	-3.0	9.0	20.0	0.0
64	0.0074	206496.0	91709	77437.0	465.0	112.0	19.0	11.0	0.0
65	0.0075	206474.0	91733	77531.0	464.0	-22.0	24.0	94.0	-1.0
66	0.0076	206576.0	91742	77489.0	465.0	102.0	9.0	-42.0	1.0
67	0.0077	206597.0	91759	77528.0	461.0	21.0	17.0	39.0	-4.0
68	0.0078	206531.0	92203	76897.0	452.0	-66.0	444.0	-631.0	-9.0
69	0.0079	202803.0	90666	76353.0	452.0	-3728.0	-1537.0	-544.0	0.0
70	0.008	202836.0	90590	76422.0	453.0	33.0	-76.0	69.0	1.0
71	0.0081	203233.0	90709	76493.0	454.0	397.0	119.0	71.0	1.0
72	0.0082	203538.0	90822	76701.0	454.0	305.0	113.0	208.0	0.0
73	0.0083	203936.0	90929	76756.0	456.0	398.0	107.0	55.0	2.0
74	0.0084	204215.0	91031	76856.0	457.0	279.0	102.0	100.0	1.0
75	0.0085	204444.0	91119	76915.0	459.0	229.0	88.0	59.0	2.0
76	0.0086	204552.0	91197	76923.0	460.0	108.0	78.0	8.0	1.0
77	0.0087	204770.0	91258	77081.0	460.0	218.0	61.0	158.0	0.0
78	0.0088	205022.0	91333	77097.0	461.0	252.0	75.0	16.0	1.0
79	0.0089	205182.0	91391	77171.0	460.0	160.0	58.0	74.0	-1.0
80	0.009	205353.0	91439	77211.0	461.0	171.0	48.0	40.0	1.0
81	0.0091	205488.0	91494	77227.0	461.0	135.0	55.0	16.0	0.0
82	0.0092	205664.0	91531	77357.0	462.0	176.0	37.0	130.0	1.0
83	0.0093	205770.0	91590	77307.0	462.0	106.0	59.0	-50.0	0.0
84	0.0094	205812.0	91619	77388.0	462.0	42.0	29.0	81.0	0.0
85	0.0095	205980.0	91650	77391.0	459.0	168.0	31.0	3.0	-3.0
86	0.0096	207501.0	91676	77431.0	457.0	1521.0	26.0	40.0	-2.0
87	0.0097	207580.0	91696	77680.0	461.0	79.0	20.0	249.0	4.0
88	0.0098	207476.0	91719	77454.0	460.0	-104.0	23.0	-226.0	-1.0
89	0.0099	207341.0	91730	77747.0	468.0	-135.0	11.0	293.0	8.0
90	0.01	205980.0	91757	77495.0	468.0	-1361.0	27.0	-252.0	0.0
91	0.0101	205953.0	91775	77552.0	469.0	-27.0	18.0	57.0	1.0
92	0.0102	206014.0	91795	77533.0	466.0	61.0	20.0	-19.0	-3.0
93	0.0103	207567.0	91817	77575.0	464.0	1553.0	22.0	42.0	-2.0
94	0.0104	207690.0	91834	77784.0	463.0	123.0	17.0	209.0	-1.0
95	0.0105	207585.0	91833	77795.0	463.0	-105.0	-1.0	11.0	0.0
96	0.0106	207552.0	91842	77823.0	462.0	-33.0	9.0	28.0	-1.0
97	0.0107	207460.0	91850	77748.0	463.0	-92.0	8.0	-75.0	1.0
98	0.0108	207403.0	91850	77808.0	463.0	-57.0	0.0	60.0	0.0
99	0.0109	207309.0	91850	77722.0	463.0	-94.0	0.0	-86.0	0.0
100	0.011	207211.0	91850	77765.0	462.0	-98.0	0.0	43.0	-1.0
101	0.0111	207174.0	91855	77699.0	462.0	-37.0	5.0	-66.0	0.0
102	0.0112	207132.0	91837	77712.0	462.0	-42.0	-18.0	13.0	0.0
103	0.0113	207046.0	91834	77666.0	462.0	-86.0	-3.0	-46.0	0.0
104	0.0114	207011.0	91828	77666.0	462.0	-35.0	-6.0	0.0	0.0
105	0.0115	206920.0	91836	77679.0	462.0	-91.0	8.0	13.0	0.0
106	0.0116	206862.0	91834	77586.0	464.0	-58.0	-2.0	-93.0	2.0
107	0.0117	206743.0	91836	77605.0	0.0	-119.0	2.0	19.0	-464.0
108	0.0118	206480.0	91783	76619.0	464.0	-263.0	-53.0	-986.0	464.0
109	0.0119	202531.0	90143	76056.0	456.0	-3949.0	-1640.0	-563.0	-8.0
110	0.012	202537.0	90070	45263.0	454.0	6.0	-73.0	-30793.0	-2.0
111	0.0121	200176.0	90214	106346.0	451.0	-2361.0	144.0	61083.0	-3.0
112	0.0122	202533.0	89891	76499.0	455.0	2357.0	-323.0	-29847.0	4.0
113	0.0123	205341.0	90966	77379.0	925.0	2808.0	1075.0	880.0	470.0
114	0.0124	207624.0	92094	78285.0	469.0	2283.0	1128.0	906.0	-456.0
115	0.0125	209815.0	93112	79011.0	475.0	2191.0	1018.0	726.0	6.0
116	0.0126	211647.0	93992	79676.0	477.0	1832.0	880.0	665.0	2.0
117	0.0127	213272.0	94801	80319.0	482.0	1625.0	809.0	643.0	5.0
118	0.0128	214953.0	191662	80869.0	484.0	1681.0	96861.0	550.0	2.0
119	0.0129	216287.0	96752	81409.0	487.0	1334.0	-94910.0	540.0	3.0
120	0.013	217688.0	97287	81887.0	490.0	1401.0	535.0	478.0	3.0
121	0.0131	218756.0	97734	82262.0	492.0	1068.0	447.0	375.0	2.0
122	0.0132	440392.0	98145	82646.0	495.0	221636.0	411.0	384.0	3.0
123	0.0133	221560.0	98527	82969.0	495.0	-218832.0	382.0	323.0	0.0
124	0.0134	222370.0	98856	83343.0	497.0	810.0	329.0	374.0	2.0
125	0.0135	223034.0	99155	83553.0	499.0	664.0	299.0	210.0	2.0
126	0.0136	223750.0	99435	83845.0	499.0	716.0	280.0	292.0	0.0
127	0.0137	224268.0	99684	84106.0	502.0	518.0	249.0	261.0	3.0
128	0.0138	224710.0	99901	84250.0	503.0	442.0	217.0	144.0	1.0
129	0.0139	225248.0	100088	84507.0	503.0	538.0	187.0	257.0	0.0
130	0.014	225482.0	100241	84613.0	507.0	234.0	153.0	106.0	4.0
131	0.0141	225720.0	100377	84677.0	508.0	238.0	136.0	64.0	1.0
132	0.0142	226152.0	100524	84850.0	509.0	432.0	147.0	173.0	1.0
133	0.0143	226363.0	100646	84942.0	510.0	211.0	122.0	92.0	1.0
134	0.0144	226590.0	100747	85007.0	510.0	227.0	101.0	65.0	0.0
135	0.0145	226907.0	100828	85156.0	509.0	317.0	81.0	149.0	-1.0
136	0.0146	227070.0	100915	85223.0	511.0	163.0	87.0	67.0	2.0
137	0.0147	227259.0	100986	85259.0	511.0	189.0	71.0	36.0	0.0
138	0.0148	227580.0	101066	85412.0	511.0	321.0	80.0	153.0	0.0
139	0.0149	227722.0	101132	136338.0	511.0	142.0	66.0	50926.0	0.0
140	0.015	227841.0	101185	85575.0	511.0	119.0	53.0	-50763.0	0.0
141	0.0151	228188.0	101243	85706.0	512.0	347.0	58.0	131.0	1.0
142	0.0152	228237.0	101309	85690.0	512.0	49.0	66.0	-16.0	0.0
143	0.0153	228283.0	101333	85711.0	512.0	46.0	24.0	21.0	0.0
144	0.0154	228461.0	101383	85838.0	513.0	178.0	50.0	127.0	1.0
145	0.0155	228592.0	101430	85811.0	513.0	131.0	47.0	-27.0	0.0
146	0.0156	228612.0	101464	85830.0	512.0	20.0	34.0	19.0	-1.0
147	0.0157	228828.0	101491	34804.0	507.0	216.0	27.0	-51026.0	-5.0
148	0.0158	228454.0	101810	86029.0	501.0	-374.0	319.0	51225.0	-6.0
149	0.0159	225268.0	100458	84847.0	501.0	-3186.0	-1352.0	-1182.0	0.0
150	0.016	225406.0	100457	84879.0	501.0	138.0	-1.0	32.0	0.0
151	0.0161	225899.0	100594	135794.0	503.0	493.0	137.0	50915.0	2.0
152	0.0162	226296.0	100738	85196.0	504.0	397.0	144.0	-50598.0	1.0
153	0.0163	226692.0	100870	85374.0	504.0	396.0	132.0	178.0	0.0
154	0.0164	227084.0	100974	85501.0	506.0	392.0	104.0	127.0	2.0
155	0.0165	227419.0	101078	85534.0	508.0	335.0	104.0	33.0	2.0
156	0.0166	227641.0	101164	85676.0	508.0	222.0	86.0	142.0	0.0
157	0.0167	227966.0	101232	85767.0	509.0	325.0	68.0	91.0	1.0
158	0.0168	228155.0	101311	85784.0	509.0	189.0	79.0	17.0	0.0
159	0.0169	228383.0	101374	85887.0	509.0	228.0	63.0	103.0	0.0
160	0.017	228615.0	101422	86313.0	508.0	232.0	48.0	426.0	-1.0
161	0.0171	228827.0	100933	121139.0	505.0	212.0	-489.0	34826.0	-3.0
162	0.0172	230556.0	100983	86163.0	510.0	1729.0	50.0	-34976.0	5.0
