	time	ins	cycle	memory	branchm	ins_d	cycle_d	memory_d	branchm_d
0	0.001	55758.0	57431	7723.0	1696.0	0.0	0.0	0.0	0.0
1	0.0011	29367.0	68409	18209.0	0.0	-26391.0	10978.0	10486.0	-1696.0
2	0.0012	108050.0	38509	50425.0	0.0	78683.0	-29900.0	32216.0	0.0
3	0.0013	121945.0	83073	58544.0	1167.0	13895.0	44564.0	8119.0	1167.0
4	0.0014	179312.0	46012	75778.0	0.0	57367.0	-37061.0	17234.0	-1167.0
5	0.0015	222711.0	104605	61662.0	1077.0	43399.0	58593.0	-14116.0	1077.0
6	0.0016	126889.0	59132	80992.0	0.0	-95822.0	-45473.0	19330.0	-1077.0
7	0.0017	279032.0	129382	53930.0	0.0	152143.0	70250.0	-27062.0	0.0
8	0.0018	150330.0	69439	79465.0	991.0	-128702.0	-59943.0	25535.0	991.0
9	0.0019	157594.0	72482	97575.0	0.0	7264.0	3043.0	18110.0	-991.0
10	0.002	333031.0	75233	63351.0	918.0	175437.0	2751.0	-34224.0	918.0
11	0.0021	175864.0	155616	65341.0	0.0	-157167.0	80383.0	1990.0	-918.0
12	0.0022	179065.0	79884	93824.0	857.0	3201.0	-75732.0	28483.0	857.0
13	0.0023	183295.0	81730	68874.0	0.0	4230.0	1846.0	-24950.0	-857.0
14	0.0024	187375.0	83456	70072.0	802.0	4080.0	1726.0	1198.0	802.0
15	0.0025	189452.0	84412	71204.0	0.0	2077.0	956.0	1132.0	-802.0
16	0.0026	386591.0	85794	115482.0	758.0	197139.0	1382.0	44278.0	758.0
17	0.0027	196523.0	86464	73128.0	722.0	-190068.0	670.0	-42354.0	-36.0
18	0.0028	197665.0	87030	73858.0	0.0	1142.0	566.0	730.0	-722.0
19	0.0029	198450.0	88097	74480.0	689.0	785.0	1067.0	622.0	689.0
20	0.003	200463.0	88526	30126.0	0.0	2013.0	429.0	-44354.0	-689.0
21	0.0031	0.0	89422	112827.0	615.0	-200463.0	896.0	82701.0	615.0
22	0.0032	371052.0	84678	69725.0	585.0	371052.0	-4744.0	-43102.0	-30.0
23	0.0033	185924.0	82566	69407.0	567.0	-185128.0	-2112.0	-318.0	-18.0
24	0.0034	187910.0	83734	70587.0	554.0	1986.0	1168.0	1180.0	-13.0
25	0.0035	189701.0	169939	71300.0	0.0	1791.0	86205.0	713.0	-554.0
26	0.0036	192888.0	86029	101158.0	542.0	3187.0	-83910.0	29858.0	542.0
27	0.0037	194411.0	87203	43339.0	529.0	1523.0	1174.0	-57819.0	-13.0
28	0.0038	0.0	88271	29594.0	521.0	-194411.0	1068.0	-13745.0	-8.0
29	0.0039	192751.0	88054	71405.0	524.0	192751.0	-217.0	41811.0	3.0
30	0.004	183408.0	88176	67956.0	515.0	-9343.0	122.0	-3449.0	-9.0
31	0.0041	178179.0	89381	67611.0	507.0	-5229.0	1205.0	-345.0	-8.0
32	0.0042	183204.0	89183	68375.0	497.0	5025.0	-198.0	764.0	-10.0
33	0.0043	185656.0	89340	69683.0	0.0	2452.0	157.0	1308.0	-497.0
34	0.0044	187603.0	89538	113294.0	492.0	1947.0	198.0	43611.0	492.0
35	0.0045	189312.0	89740	71742.0	489.0	1709.0	202.0	-41552.0	-3.0
36	0.0046	190848.0	89928	72304.0	488.0	1536.0	188.0	562.0	-1.0
37	0.0047	385822.0	90086	73140.0	486.0	194974.0	158.0	836.0	-2.0
38	0.0048	196234.0	89717	73552.0	479.0	-189588.0	-369.0	412.0	-7.0
39	0.0049	197387.0	89857	74115.0	477.0	1153.0	140.0	563.0	-2.0
40	0.005	198251.0	90043	74494.0	474.0	864.0	186.0	379.0	-3.0
41	0.0051	198982.0	90192	75086.0	471.0	731.0	149.0	592.0	-3.0
42	0.0052	199560.0	90301	75276.0	469.0	578.0	109.0	190.0	-2.0
43	0.0053	200155.0	90428	75495.0	470.0	595.0	127.0	219.0	1.0
44	0.0054	200651.0	90523	75657.0	467.0	496.0	95.0	162.0	-3.0
45	0.0055	201151.0	91191	75787.0	467.0	500.0	668.0	130.0	0.0
46	0.0056	201591.0	91294	75968.0	466.0	440.0	103.0	181.0	-1.0
47	0.0057	201981.0	91304	76074.0	467.0	390.0	10.0	106.0	1.0
48	0.0058	202305.0	91314	76152.0	466.0	324.0	10.0	78.0	-1.0
49	0.0059	202564.0	91341	76302.0	468.0	259.0	27.0	150.0	2.0
50	0.006	202832.0	91352	107206.0	467.0	268.0	11.0	30904.0	-1.0
51	0.0061	203043.0	91372	76419.0	467.0	211.0	20.0	-30787.0	0.0
52	0.0062	203228.0	91357	76479.0	463.0	185.0	-15.0	60.0	-4.0
53	0.0063	204929.0	91365	76604.0	463.0	1701.0	8.0	125.0	0.0
54	0.0064	205126.0	91376	76594.0	463.0	197.0	11.0	-10.0	0.0
55	0.0065	205200.0	91376	76693.0	461.0	74.0	0.0	99.0	-2.0
56	0.0066	205227.0	91401	76942.0	461.0	27.0	25.0	249.0	0.0
57	0.0067	205186.0	91390	76953.0	461.0	-41.0	-11.0	11.0	0.0
58	0.0068	205200.0	91404	77026.0	460.0	14.0	14.0	73.0	-1.0
59	0.0069	205216.0	91419	76984.0	460.0	16.0	15.0	-42.0	0.0
60	0.007	205277.0	91418	77043.0	0.0	61.0	-1.0	59.0	-460.0
61	0.0071	204216.0	91309	45507.0	460.0	-1061.0	-109.0	-31536.0	460.0
62	0.0072	201003.0	89985	75917.0	453.0	-3213.0	-1324.0	30410.0	-7.0
63	0.0073	201019.0	89942	75411.0	455.0	16.0	-43.0	-506.0	2.0
64	0.0074	201261.0	90043	75549.0	455.0	242.0	101.0	138.0	0.0
65	0.0075	201706.0	90179	75643.0	455.0	445.0	136.0	94.0	0.0
66	0.0076	202069.0	90325	75811.0	455.0	363.0	146.0	168.0	0.0
67	0.0077	202371.0	90441	106726.0	455.0	302.0	116.0	30915.0	0.0
68	0.0078	202659.0	90538	76124.0	455.0	288.0	97.0	-30602.0	0.0
69	0.0079	202918.0	90656	76183.0	455.0	259.0	118.0	59.0	0.0
70	0.008	203199.0	90744	76280.0	457.0	281.0	88.0	97.0	2.0
71	0.0081	203355.0	90825	76335.0	457.0	156.0	81.0	55.0	0.0
72	0.0082	203485.0	90871	76356.0	458.0	130.0	46.0	21.0	1.0
73	0.0083	203592.0	90919	76475.0	458.0	107.0	48.0	119.0	0.0
74	0.0084	203829.0	90981	76512.0	458.0	237.0	62.0	37.0	0.0
75	0.0085	203960.0	91017	76905.0	456.0	131.0	36.0	393.0	-2.0
76	0.0086	204060.0	91062	76943.0	456.0	100.0	45.0	38.0	0.0
77	0.0087	204145.0	91102	76627.0	461.0	85.0	40.0	-316.0	5.0
78	0.0088	204219.0	91141	76693.0	461.0	74.0	39.0	66.0	0.0
79	0.0089	204369.0	91187	77024.0	459.0	150.0	46.0	331.0	-2.0
80	0.009	204495.0	91217	77079.0	459.0	126.0	30.0	55.0	0.0
81	0.0091	204545.0	91239	77084.0	459.0	50.0	22.0	5.0	0.0
82	0.0092	204534.0	91238	77014.0	459.0	-11.0	-1.0	-70.0	0.0
83	0.0093	204632.0	91252	77093.0	459.0	98.0	14.0	79.0	0.0
84	0.0094	204664.0	91274	77060.0	460.0	32.0	22.0	-33.0	1.0
85	0.0095	204773.0	91291	77075.0	459.0	109.0	17.0	15.0	-1.0
86	0.0096	204788.0	91295	77067.0	460.0	15.0	4.0	-8.0	1.0
87	0.0097	204770.0	91302	77016.0	460.0	-18.0	7.0	-51.0	0.0
88	0.0098	204820.0	91312	77092.0	460.0	50.0	10.0	76.0	0.0
89	0.0099	204856.0	91319	77024.0	460.0	36.0	7.0	-68.0	0.0
90	0.01	204866.0	91330	77050.0	461.0	10.0	11.0	26.0	1.0
91	0.0101	204847.0	91349	77027.0	461.0	-19.0	19.0	-23.0	0.0
92	0.0102	204958.0	91366	77052.0	461.0	111.0	17.0	25.0	0.0
93	0.0103	204965.0	91380	77079.0	463.0	7.0	14.0	27.0	2.0
94	0.0104	204935.0	91388	77022.0	462.0	-30.0	8.0	-57.0	-1.0
95	0.0105	204990.0	91377	77060.0	463.0	55.0	-11.0	38.0	1.0
96	0.0106	204987.0	91393	77040.0	462.0	-3.0	16.0	-20.0	-1.0
97	0.0107	205079.0	91394	77058.0	462.0	92.0	1.0	18.0	0.0
98	0.0108	205042.0	91400	77056.0	462.0	-37.0	6.0	-2.0	0.0
99	0.0109	205044.0	91391	77025.0	460.0	2.0	-9.0	-31.0	-2.0
100	0.011	205161.0	91956	77100.0	459.0	117.0	565.0	75.0	-1.0
101	0.0111	205106.0	91855	45841.0	453.0	-55.0	-101.0	-31259.0	-6.0
102	0.0112	201981.0	90505	76331.0	453.0	-3125.0	-1350.0	30490.0	0.0
103	0.0113	201876.0	90429	75853.0	453.0	-105.0	-76.0	-478.0	0.0
104	0.0114	202149.0	90525	75915.0	454.0	273.0	96.0	62.0	1.0
105	0.0115	202476.0	90626	75975.0	454.0	327.0	101.0	60.0	0.0
106	0.0116	202748.0	90706	76153.0	456.0	272.0	80.0	178.0	2.0
107	0.0117	202858.0	90781	107046.0	456.0	110.0	75.0	30893.0	0.0
108	0.0118	203075.0	90835	45360.0	456.0	217.0	54.0	-61686.0	0.0
109	0.0119	203276.0	90906	107284.0	457.0	201.0	71.0	61924.0	1.0
110	0.012	203523.0	90976	76464.0	457.0	247.0	70.0	-30820.0	0.0
111	0.0121	203779.0	91033	76552.0	457.0	256.0	57.0	88.0	0.0
112	0.0122	203986.0	91105	76604.0	457.0	207.0	72.0	52.0	0.0
113	0.0123	204117.0	91147	76683.0	458.0	131.0	42.0	79.0	1.0
114	0.0124	204255.0	91181	76698.0	456.0	138.0	34.0	15.0	-2.0
115	0.0125	205804.0	91211	76780.0	456.0	1549.0	30.0	82.0	0.0
116	0.0126	205927.0	91232	76804.0	456.0	123.0	21.0	24.0	0.0
117	0.0127	205908.0	91254	76840.0	456.0	-19.0	22.0	36.0	0.0
118	0.0128	205833.0	91279	76874.0	457.0	-75.0	25.0	34.0	1.0
119	0.0129	205729.0	91291	76852.0	457.0	-104.0	12.0	-22.0	0.0
120	0.013	205703.0	91301	76936.0	458.0	-26.0	10.0	84.0	1.0
121	0.0131	205677.0	91320	76923.0	455.0	-26.0	19.0	-13.0	-3.0
122	0.0132	205675.0	91323	77177.0	459.0	-2.0	3.0	254.0	4.0
123	0.0133	205691.0	91335	77018.0	460.0	16.0	12.0	-159.0	1.0
124	0.0134	205646.0	91366	76983.0	458.0	-45.0	31.0	-35.0	-2.0
125	0.0135	205635.0	91383	77296.0	458.0	-11.0	17.0	313.0	0.0
126	0.0136	205675.0	91402	77239.0	458.0	40.0	19.0	-57.0	0.0
127	0.0137	205625.0	91419	77271.0	463.0	-50.0	17.0	32.0	5.0
128	0.0138	205580.0	91444	77032.0	463.0	-45.0	25.0	-239.0	0.0
129	0.0139	205565.0	91446	77038.0	461.0	-15.0	2.0	6.0	-2.0
130	0.014	205501.0	91431	77255.0	461.0	-64.0	-15.0	217.0	0.0
131	0.0141	205470.0	91416	77214.0	461.0	-31.0	-15.0	-41.0	0.0
132	0.0142	205437.0	91416	77262.0	461.0	-33.0	0.0	48.0	0.0
133	0.0143	205334.0	91393	77157.0	461.0	-103.0	-23.0	-105.0	0.0
134	0.0144	205318.0	91387	77194.0	461.0	-16.0	-6.0	37.0	0.0
135	0.0145	205357.0	91404	77155.0	461.0	39.0	17.0	-39.0	0.0
136	0.0146	205320.0	91414	77149.0	0.0	-37.0	10.0	-6.0	-461.0
137	0.0147	205346.0	91431	77165.0	462.0	26.0	17.0	16.0	462.0
138	0.0148	205319.0	91430	77142.0	461.0	-27.0	-1.0	-23.0	-1.0
139	0.0149	205476.0	91444	77245.0	461.0	157.0	14.0	103.0	0.0
140	0.015	205486.0	91459	77184.0	460.0	10.0	15.0	-61.0	-1.0
141	0.0151	205334.0	91404	45833.0	461.0	-152.0	-55.0	-31351.0	1.0
142	0.0152	201193.0	89692	76210.0	452.0	-4141.0	-1712.0	30377.0	-9.0
143	0.0153	201107.0	89642	75570.0	452.0	-86.0	-50.0	-640.0	0.0
144	0.0154	201515.0	89795	75620.0	452.0	408.0	153.0	50.0	0.0
145	0.0155	201845.0	89962	75267.0	448.0	330.0	167.0	-353.0	-4.0
146	0.0156	200568.0	89369	75833.0	452.0	-1277.0	-593.0	566.0	4.0
147	0.0157	203026.0	90446	107600.0	453.0	2458.0	1077.0	31767.0	1.0
148	0.0158	205462.0	91581	77865.0	459.0	2436.0	1135.0	-29735.0	6.0
149	0.0159	207792.0	92626	78734.0	939.0	2330.0	1045.0	869.0	480.0
150	0.016	209949.0	93588	79113.0	478.0	2157.0	962.0	379.0	-461.0
151	0.0161	211848.0	94426	79803.0	478.0	1899.0	838.0	690.0	0.0
152	0.0162	213616.0	95182	80744.0	482.0	1768.0	756.0	941.0	4.0
153	0.0163	215211.0	95857	81330.0	484.0	1595.0	675.0	586.0	2.0
154	0.0164	216586.0	96462	81813.0	486.0	1375.0	605.0	483.0	2.0
155	0.0165	217837.0	96995	131176.0	495.0	1251.0	533.0	49363.0	9.0
156	0.0166	218942.0	97490	82763.0	494.0	1105.0	495.0	-48413.0	-1.0
157	0.0167	219949.0	97916	83222.0	495.0	1007.0	426.0	459.0	1.0
158	0.0168	220861.0	98300	83408.0	498.0	912.0	384.0	186.0	3.0
159	0.0169	221715.0	197585	83698.0	498.0	854.0	99285.0	290.0	0.0
160	0.017	445277.0	99197	83574.0	505.0	223562.0	-98388.0	-124.0	7.0
161	0.0171	223546.0	99437	84086.0	504.0	-221731.0	240.0	512.0	-1.0
162	0.0172	223912.0	99644	84360.0	504.0	366.0	207.0	274.0	0.0
163	0.0173	224461.0	99838	84437.0	505.0	549.0	194.0	77.0	1.0
164	0.0174	224881.0	100009	84583.0	505.0	420.0	171.0	146.0	0.0
165	0.0175	225231.0	100161	84769.0	505.0	350.0	152.0	186.0	0.0
166	0.0176	225684.0	100309	84821.0	505.0	453.0	148.0	52.0	0.0
167	0.0177	225996.0	100430	84961.0	506.0	312.0	121.0	140.0	1.0
168	0.0178	226143.0	100532	34420.0	1988.0	147.0	102.0	-50541.0	1482.0
169	0.0179	0.0	100624	34409.0	7157.0	-226143.0	92.0	-11.0	5169.0
