	time	ins	cycle	memory	branchm	ins_d	cycle_d	memory_d	branchm_d
0	0.001	24005.0	55693	8020.0	867.0	0.0	0.0	0.0	0.0
1	0.0011	52065.0	34476	40285.0	1079.0	28060.0	-21217.0	32265.0	212.0
2	0.0012	112086.0	81433	35925.0	0.0	60021.0	46957.0	-4360.0	-1079.0
3	0.0013	145448.0	43230	69781.0	0.0	33362.0	-38203.0	33856.0	0.0
4	0.0014	194450.0	97782	79049.0	1074.0	49002.0	54552.0	9268.0	1074.0
5	0.0015	241779.0	55181	45296.0	0.0	47329.0	-42601.0	-33753.0	-1074.0
6	0.0016	134297.0	119936	101159.0	989.0	-107482.0	64755.0	55863.0	989.0
7	0.0017	292099.0	65715	55373.0	0.0	157802.0	-54221.0	-45786.0	-989.0
8	0.0018	156692.0	68419	81555.0	916.0	-135407.0	2704.0	26182.0	916.0
9	0.0019	163004.0	145805	98618.0	0.0	6312.0	77386.0	17063.0	-916.0
10	0.002	167417.0	76217	64015.0	856.0	4413.0	-69588.0	-34603.0	856.0
11	0.0021	350902.0	78490	65940.0	0.0	183485.0	2273.0	1925.0	-856.0
12	0.0022	180862.0	80568	94797.0	801.0	-170040.0	2078.0	28857.0	801.0
13	0.0023	183380.0	81822	70054.0	0.0	2518.0	1254.0	-24743.0	-801.0
14	0.0024	185604.0	82885	70949.0	756.0	2224.0	1063.0	895.0	756.0
15	0.0025	189112.0	169064	72174.0	0.0	3508.0	86179.0	1225.0	-756.0
16	0.0026	192595.0	86011	72522.0	717.0	3483.0	-83053.0	348.0	717.0
17	0.0027	195738.0	87224	73530.0	682.0	3143.0	1213.0	1008.0	-35.0
18	0.0028	197060.0	87802	118490.0	0.0	1322.0	578.0	44960.0	-682.0
19	0.0029	197993.0	88213	74938.0	657.0	933.0	411.0	-43552.0	657.0
20	0.003	200420.0	89170	75414.0	629.0	2427.0	957.0	476.0	-28.0
21	0.0031	201153.0	89500	75688.0	611.0	733.0	330.0	274.0	-18.0
22	0.0032	201694.0	89752	76226.0	0.0	541.0	252.0	538.0	-611.0
23	0.0033	203738.0	90541	76578.0	589.0	2044.0	789.0	352.0	589.0
24	0.0034	408335.0	90729	76711.0	575.0	204597.0	188.0	133.0	-14.0
25	0.0035	0.0	91258	74608.0	536.0	-408335.0	529.0	-2103.0	-39.0
26	0.0036	207152.0	87555	74475.0	0.0	207152.0	-3703.0	-133.0	-536.0
27	0.0037	195576.0	86402	73429.0	516.0	-11576.0	-1153.0	-1046.0	516.0
28	0.0038	192880.0	86796	72967.0	510.0	-2696.0	394.0	-462.0	-6.0
29	0.0039	193833.0	87289	73350.0	506.0	953.0	493.0	383.0	-4.0
30	0.004	391041.0	87724	73758.0	501.0	197208.0	435.0	408.0	-5.0
31	0.0041	198670.0	88136	74106.0	492.0	-192371.0	412.0	348.0	-9.0
32	0.0042	199625.0	88534	74687.0	490.0	955.0	398.0	581.0	-2.0
33	0.0043	200322.0	88871	75383.0	482.0	697.0	337.0	696.0	-8.0
34	0.0044	200987.0	89759	75582.0	480.0	665.0	888.0	199.0	-2.0
35	0.0045	201413.0	90032	75768.0	480.0	426.0	273.0	186.0	0.0
36	0.0046	201883.0	90216	75945.0	479.0	470.0	184.0	177.0	-1.0
37	0.0047	202223.0	90371	76020.0	478.0	340.0	155.0	75.0	-1.0
38	0.0048	202532.0	90503	76160.0	475.0	309.0	132.0	140.0	-3.0
39	0.0049	202907.0	90608	76261.0	475.0	375.0	105.0	101.0	0.0
40	0.005	203144.0	90705	76347.0	473.0	237.0	97.0	86.0	-2.0
41	0.0051	203430.0	90809	107467.0	0.0	286.0	104.0	31120.0	-473.0
42	0.0052	203819.0	90885	76624.0	473.0	389.0	76.0	-30843.0	473.0
43	0.0053	205445.0	90995	76949.0	467.0	1626.0	110.0	325.0	-6.0
44	0.0054	205773.0	91075	76992.0	466.0	328.0	80.0	43.0	-1.0
45	0.0055	205838.0	91159	77110.0	466.0	65.0	84.0	118.0	0.0
46	0.0056	205875.0	91225	77090.0	466.0	37.0	66.0	-20.0	0.0
47	0.0057	205995.0	91288	77159.0	466.0	120.0	63.0	69.0	0.0
48	0.0058	205912.0	91339	77159.0	466.0	-83.0	51.0	0.0	0.0
49	0.0059	206070.0	91384	77203.0	466.0	158.0	45.0	44.0	0.0
50	0.006	206067.0	91436	77599.0	463.0	-3.0	52.0	396.0	-3.0
51	0.0061	206039.0	91460	77531.0	463.0	-28.0	24.0	-68.0	0.0
52	0.0062	206073.0	91499	77608.0	464.0	34.0	39.0	77.0	1.0
53	0.0063	206075.0	91529	77545.0	461.0	2.0	30.0	-63.0	-3.0
54	0.0064	206277.0	92111	77610.0	461.0	202.0	582.0	65.0	0.0
55	0.0065	206245.0	92151	77591.0	461.0	-32.0	40.0	-19.0	0.0
56	0.0066	206283.0	92109	77534.0	462.0	38.0	-42.0	-57.0	1.0
57	0.0067	206187.0	92058	77569.0	461.0	-96.0	-51.0	35.0	-1.0
58	0.0068	206066.0	92009	77447.0	462.0	-121.0	-49.0	-122.0	1.0
59	0.0069	206083.0	91955	77520.0	461.0	17.0	-54.0	73.0	-1.0
60	0.007	206174.0	91933	77490.0	462.0	91.0	-22.0	-30.0	1.0
61	0.0071	206197.0	91916	77506.0	462.0	23.0	-17.0	16.0	0.0
62	0.0072	206141.0	91906	77482.0	462.0	-56.0	-10.0	-24.0	0.0
63	0.0073	206201.0	91877	77449.0	462.0	60.0	-29.0	-33.0	0.0
64	0.0074	206091.0	91854	77491.0	462.0	-110.0	-23.0	42.0	0.0
65	0.0075	206056.0	91821	77387.0	462.0	-35.0	-33.0	-104.0	0.0
66	0.0076	205908.0	91804	46030.0	455.0	-148.0	-17.0	-31357.0	-7.0
67	0.0077	202417.0	91680	76584.0	456.0	-3491.0	-124.0	30554.0	1.0
68	0.0078	202283.0	90166	76013.0	458.0	-134.0	-1514.0	-571.0	2.0
69	0.0079	202477.0	90170	76050.0	459.0	194.0	4.0	37.0	1.0
70	0.008	202880.0	90300	76150.0	459.0	403.0	130.0	100.0	0.0
71	0.0081	203044.0	90409	76228.0	459.0	164.0	109.0	78.0	0.0
72	0.0082	203305.0	90542	76366.0	460.0	261.0	133.0	138.0	1.0
73	0.0083	203668.0	90659	76436.0	459.0	363.0	117.0	70.0	-1.0
74	0.0084	203783.0	90779	76538.0	461.0	115.0	120.0	102.0	2.0
75	0.0085	204023.0	90864	107652.0	460.0	240.0	85.0	31114.0	-1.0
76	0.0086	204226.0	90955	45630.0	461.0	203.0	91.0	-62022.0	1.0
77	0.0087	204337.0	91027	107857.0	461.0	111.0	72.0	62227.0	0.0
78	0.0088	204587.0	91088	76821.0	462.0	250.0	61.0	-31036.0	1.0
79	0.0089	204565.0	91146	45700.0	461.0	-22.0	58.0	-31121.0	-1.0
80	0.009	204685.0	91173	107992.0	462.0	120.0	27.0	62292.0	1.0
81	0.0091	204723.0	91221	76935.0	463.0	38.0	48.0	-31057.0	1.0
82	0.0092	204744.0	91264	76894.0	463.0	21.0	43.0	-41.0	0.0
83	0.0093	204848.0	91291	76933.0	464.0	104.0	27.0	39.0	1.0
84	0.0094	204864.0	91325	76948.0	464.0	16.0	34.0	15.0	0.0
85	0.0095	204884.0	91347	76913.0	465.0	20.0	22.0	-35.0	1.0
86	0.0096	204917.0	91353	77023.0	464.0	33.0	6.0	110.0	-1.0
87	0.0097	204978.0	91373	76962.0	465.0	61.0	20.0	-61.0	1.0
88	0.0098	205090.0	91395	77038.0	465.0	112.0	22.0	76.0	0.0
89	0.0099	205109.0	91427	77050.0	465.0	19.0	32.0	12.0	0.0
90	0.01	205280.0	91453	77047.0	464.0	171.0	26.0	-3.0	-1.0
91	0.0101	205314.0	91475	77153.0	465.0	34.0	22.0	106.0	1.0
92	0.0102	205374.0	91507	77099.0	464.0	60.0	32.0	-54.0	-1.0
93	0.0103	205481.0	91518	77208.0	0.0	107.0	11.0	109.0	-464.0
94	0.0104	207019.0	91549	77211.0	462.0	1538.0	31.0	3.0	462.0
95	0.0105	207205.0	91560	77262.0	461.0	186.0	11.0	51.0	-1.0
96	0.0106	207045.0	91589	77297.0	462.0	-160.0	29.0	35.0	1.0
97	0.0107	206998.0	91606	77261.0	462.0	-47.0	17.0	-36.0	0.0
98	0.0108	206902.0	91627	77593.0	460.0	-96.0	21.0	332.0	-2.0
99	0.0109	206756.0	91639	77293.0	466.0	-146.0	12.0	-300.0	6.0
100	0.011	206622.0	91639	77325.0	466.0	-134.0	0.0	32.0	0.0
101	0.0111	206579.0	91656	77292.0	467.0	-43.0	17.0	-33.0	1.0
102	0.0112	206613.0	91659	77556.0	464.0	34.0	3.0	264.0	-3.0
103	0.0113	206585.0	91686	77606.0	464.0	-28.0	27.0	50.0	0.0
104	0.0114	206651.0	91686	77562.0	463.0	66.0	0.0	-44.0	-1.0
105	0.0115	206587.0	91699	77629.0	463.0	-64.0	13.0	67.0	0.0
106	0.0116	206276.0	91641	45976.0	463.0	-311.0	-58.0	-31653.0	0.0
107	0.0117	202014.0	89849	76499.0	455.0	-4262.0	-1792.0	30523.0	-8.0
108	0.0118	201950.0	89821	75880.0	456.0	-64.0	-28.0	-619.0	1.0
109	0.0119	202430.0	90001	75934.0	456.0	480.0	180.0	54.0	0.0
110	0.012	202826.0	90209	76114.0	457.0	396.0	208.0	180.0	1.0
111	0.0121	200482.0	90378	76017.0	451.0	-2344.0	169.0	-97.0	-6.0
112	0.0122	203084.0	89806	76230.0	453.0	2602.0	-572.0	213.0	2.0
113	0.0123	205809.0	91501	108674.0	458.0	2725.0	1695.0	32444.0	5.0
114	0.0124	208367.0	92676	78536.0	465.0	2558.0	1175.0	-30138.0	7.0
115	0.0125	210483.0	93679	79365.0	474.0	2116.0	1003.0	829.0	9.0
116	0.0126	212474.0	188816	80009.0	478.0	1991.0	95137.0	644.0	4.0
117	0.0127	214401.0	96179	80811.0	479.0	1927.0	-92637.0	802.0	1.0
118	0.0128	216084.0	96864	130068.0	481.0	1683.0	685.0	49257.0	2.0
119	0.0129	217541.0	97377	82168.0	969.0	1457.0	513.0	-47900.0	488.0
120	0.013	218786.0	97864	82549.0	488.0	1245.0	487.0	381.0	-481.0
121	0.0131	219889.0	98286	82935.0	492.0	1103.0	422.0	386.0	4.0
122	0.0132	220935.0	98692	83270.0	493.0	1046.0	406.0	335.0	1.0
123	0.0133	221785.0	99032	83569.0	495.0	850.0	340.0	299.0	2.0
124	0.0134	222602.0	99337	83889.0	498.0	817.0	305.0	320.0	3.0
125	0.0135	223323.0	99621	84066.0	498.0	721.0	284.0	177.0	0.0
126	0.0136	223955.0	99845	84315.0	501.0	632.0	224.0	249.0	3.0
127	0.0137	224623.0	100075	84543.0	502.0	668.0	230.0	228.0	1.0
128	0.0138	225088.0	100255	84678.0	502.0	465.0	180.0	135.0	0.0
129	0.0139	451593.0	100412	84881.0	502.0	226505.0	157.0	203.0	0.0
130	0.014	226395.0	100568	85014.0	503.0	-225198.0	156.0	133.0	1.0
131	0.0141	226708.0	100695	85109.0	503.0	313.0	127.0	95.0	0.0
132	0.0142	226963.0	100802	85242.0	505.0	255.0	107.0	133.0	2.0
133	0.0143	227080.0	100902	85284.0	506.0	117.0	100.0	42.0	1.0
134	0.0144	227265.0	100987	85332.0	506.0	185.0	85.0	48.0	0.0
135	0.0145	227567.0	101054	85445.0	506.0	302.0	67.0	113.0	0.0
136	0.0146	227671.0	101134	85500.0	507.0	104.0	80.0	55.0	1.0
137	0.0147	227860.0	101193	85533.0	508.0	189.0	59.0	33.0	1.0
138	0.0148	228075.0	101251	85647.0	508.0	215.0	58.0	114.0	0.0
139	0.0149	228155.0	101313	85691.0	508.0	80.0	62.0	44.0	0.0
140	0.015	228268.0	101356	85693.0	509.0	113.0	43.0	2.0	1.0
141	0.0151	228440.0	101383	85772.0	509.0	172.0	27.0	79.0	0.0
142	0.0152	228540.0	101430	85830.0	508.0	100.0	47.0	58.0	-1.0
143	0.0153	228569.0	101449	85794.0	509.0	29.0	19.0	-36.0	1.0
144	0.0154	228588.0	101446	85833.0	510.0	19.0	-3.0	39.0	1.0
145	0.0155	228632.0	101469	85740.0	0.0	44.0	23.0	-93.0	-510.0
146	0.0156	0.0	101215	84936.0	509.0	-228632.0	-254.0	-804.0	509.0
147	0.0157	228006.0	99950	84501.0	504.0	228006.0	-1265.0	-435.0	-5.0
148	0.0158	224978.0	99982	84635.0	505.0	-3028.0	32.0	134.0	1.0
149	0.0159	225037.0	100140	84716.0	1010.0	59.0	158.0	81.0	505.0
150	0.016	451164.0	100293	84843.0	508.0	226127.0	153.0	127.0	-502.0
151	0.0161	226133.0	100441	84997.0	508.0	-225031.0	148.0	154.0	0.0
152	0.0162	226364.0	100575	85047.0	508.0	231.0	134.0	50.0	0.0
153	0.0163	226622.0	100691	85142.0	510.0	258.0	116.0	95.0	2.0
154	0.0164	226876.0	100798	85255.0	510.0	254.0	107.0	113.0	0.0
155	0.0165	226982.0	100881	85262.0	510.0	106.0	83.0	7.0	0.0
156	0.0166	227271.0	100961	85351.0	510.0	289.0	80.0	89.0	0.0
157	0.0167	227430.0	101040	85453.0	0.0	159.0	79.0	102.0	-510.0
158	0.0168	227538.0	101085	85468.0	510.0	108.0	45.0	15.0	510.0
159	0.0169	227687.0	101143	85515.0	510.0	149.0	58.0	47.0	0.0
160	0.017	227830.0	101199	85612.0	511.0	143.0	56.0	97.0	1.0
161	0.0171	227899.0	101245	85590.0	511.0	69.0	46.0	-22.0	0.0
162	0.0172	228002.0	101265	85629.0	511.0	103.0	20.0	39.0	0.0
