	time	ins	cycle	memory	branchm	ins_d	cycle_d	memory_d	branchm_d
0	0.001	38940.0	54287.0	6120.0	708	0.0	0.0	0.0	0.0
1	0.0011	46647.0	66354.0	28119.0	855	7707.0	12067.0	21999.0	147.0
2	0.0012	102492.0	42331.0	53382.0	0	55845.0	-24023.0	25263.0	-855.0
3	0.0013	212445.0	86620.0	60263.0	858	109953.0	44289.0	6881.0	858.0
4	0.0014	100739.0	48177.0	50041.0	0	-111706.0	-38443.0	-10222.0	-858.0
5	0.0015	225959.0	108641.0	87336.0	800	125220.0	60464.0	37295.0	800.0
6	0.0016	127821.0	60883.0	49297.0	0	-98138.0	-47758.0	-38039.0	-800.0
7	0.0017	278917.0	130306.0	109256.0	749	151096.0	69423.0	59959.0	749.0
8	0.0018	151459.0	69446.0	58416.0	0	-127458.0	-60860.0	-50840.0	-749.0
9	0.0019	156850.0	71778.0	61071.0	710	5391.0	2332.0	2655.0	710.0
10	0.002	331195.0	74517.0	88193.0	676	174345.0	2739.0	27122.0	-34.0
11	0.0021	175141.0	154399.0	105188.0	0	-156054.0	79882.0	16995.0	-676.0
12	0.0022	178574.0	79410.0	67629.0	645	3433.0	-74989.0	-37559.0	645.0
13	0.0023	182977.0	81337.0	68595.0	618	4403.0	1927.0	966.0	-27.0
14	0.0024	185505.0	82528.0	70073.0	0	2528.0	1191.0	1478.0	-618.0
15	0.0025	187770.0	83549.0	71178.0	596	2265.0	1021.0	1105.0	596.0
16	0.0026	191277.0	85028.0	71878.0	577	3507.0	1479.0	700.0	-19.0
17	0.0027	192826.0	85777.0	72824.0	565	1549.0	749.0	946.0	-12.0
18	0.0028	194261.0	86425.0	103188.0	546	1435.0	648.0	30364.0	-19.0
19	0.0029	395254.0	87607.0	74277.0	537	200993.0	1182.0	-28911.0	-9.0
20	0.003	198874.0	88115.0	44172.0	0	-196380.0	508.0	-30105.0	-537.0
21	0.0031	199593.0	88503.0	105286.0	530	719.0	388.0	61114.0	530.0
22	0.0032	200311.0	88864.0	75786.0	519	718.0	361.0	-29500.0	-11.0
23	0.0033	202429.0	89191.0	75969.0	509	2118.0	327.0	183.0	-10.0
24	0.0034	203037.0	90049.0	76221.0	504	608.0	858.0	252.0	-5.0
25	0.0035	203394.0	90323.0	76363.0	500	357.0	274.0	142.0	-4.0
26	0.0036	203647.0	181090.0	76529.0	496	253.0	90767.0	166.0	-4.0
27	0.0037	203938.0	90746.0	76650.0	492	291.0	-90344.0	121.0	-4.0
28	0.0038	204266.0	90866.0	76726.0	490	328.0	120.0	76.0	-2.0
29	0.0039	204513.0	90981.0	76910.0	0	247.0	115.0	184.0	-490.0
30	0.004	204693.0	91079.0	77499.0	483	180.0	98.0	589.0	483.0
31	0.0041	206422.0	91177.0	77651.0	479	1729.0	98.0	152.0	-4.0
32	0.0042	206618.0	91831.0	77705.0	476	196.0	654.0	54.0	-3.0
33	0.0043	206653.0	91894.0	77701.0	475	35.0	63.0	-4.0	-1.0
34	0.0044	206656.0	91910.0	77666.0	475	3.0	16.0	-35.0	0.0
35	0.0045	206577.0	91896.0	77644.0	473	-79.0	-14.0	-22.0	-2.0
36	0.0046	206587.0	91885.0	77690.0	473	10.0	-11.0	46.0	0.0
37	0.0047	206550.0	0.0	77663.0	470	-37.0	-91885.0	-27.0	-3.0
38	0.0048	203052.0	90797.0	76374.0	463	-3498.0	90797.0	-1289.0	-7.0
39	0.0049	198786.0	178755.0	74861.0	464	-4266.0	87958.0	-1513.0	1.0
40	0.005	198934.0	0.0	75297.0	465	148.0	-178755.0	436.0	1.0
41	0.0051	200993.0	180301.0	75469.0	464	2059.0	180301.0	172.0	-1.0
42	0.0052	201702.0	90109.0	75738.0	464	709.0	-90192.0	269.0	0.0
43	0.0053	202093.0	90274.0	75862.0	464	391.0	165.0	124.0	0.0
44	0.0054	202547.0	90438.0	76027.0	464	454.0	164.0	165.0	0.0
45	0.0055	202802.0	90556.0	76143.0	464	255.0	118.0	116.0	0.0
46	0.0056	203138.0	90679.0	76295.0	464	336.0	123.0	152.0	0.0
47	0.0057	203496.0	90793.0	76482.0	464	358.0	114.0	187.0	0.0
48	0.0058	203699.0	90879.0	76553.0	464	203.0	86.0	71.0	0.0
49	0.0059	203924.0	90966.0	76608.0	465	225.0	87.0	55.0	1.0
50	0.006	204092.0	91054.0	76732.0	464	168.0	88.0	124.0	-1.0
51	0.0061	204383.0	91136.0	76746.0	465	291.0	82.0	14.0	1.0
52	0.0062	204622.0	91228.0	76872.0	464	239.0	92.0	126.0	-1.0
53	0.0063	204764.0	91281.0	76926.0	464	142.0	53.0	54.0	0.0
54	0.0064	204944.0	91359.0	76967.0	464	180.0	78.0	41.0	0.0
55	0.0065	205013.0	91419.0	77062.0	464	69.0	60.0	95.0	0.0
56	0.0066	205158.0	91445.0	122895.0	463	145.0	26.0	45833.0	-1.0
57	0.0067	205318.0	91499.0	77495.0	462	160.0	54.0	-45400.0	-1.0
58	0.0068	205517.0	91541.0	77526.0	460	199.0	42.0	31.0	-2.0
59	0.0069	205695.0	91600.0	77762.0	460	178.0	59.0	236.0	0.0
60	0.007	205762.0	91625.0	31559.0	464	67.0	25.0	-46203.0	4.0
61	0.0071	205842.0	91666.0	123483.0	462	80.0	41.0	91924.0	-2.0
62	0.0072	205906.0	91692.0	78128.0	462	64.0	26.0	-45355.0	0.0
63	0.0073	206121.0	91733.0	77921.0	459	215.0	41.0	-207.0	-3.0
64	0.0074	207686.0	91763.0	77952.0	0	1565.0	30.0	31.0	-459.0
65	0.0075	207702.0	91777.0	77885.0	919	16.0	14.0	-67.0	919.0
66	0.0076	207640.0	92361.0	77886.0	462	-62.0	584.0	1.0	-457.0
67	0.0077	207569.0	91864.0	77868.0	462	-71.0	-497.0	-18.0	0.0
68	0.0078	207536.0	91850.0	77848.0	0	-33.0	-14.0	-20.0	-462.0
69	0.0079	207462.0	91848.0	77868.0	463	-74.0	-2.0	20.0	463.0
70	0.008	208789.0	92390.0	77592.0	460	1327.0	542.0	-276.0	-3.0
71	0.0081	207472.0	92401.0	77885.0	460	-1317.0	11.0	293.0	0.0
72	0.0082	207236.0	92344.0	77791.0	460	-236.0	-57.0	-94.0	0.0
73	0.0083	207157.0	92308.0	77825.0	461	-79.0	-36.0	34.0	1.0
74	0.0084	207112.0	92263.0	77788.0	461	-45.0	-45.0	-37.0	0.0
75	0.0085	207114.0	92232.0	77767.0	924	2.0	-31.0	-21.0	463.0
76	0.0086	206983.0	92189.0	77732.0	467	-131.0	-43.0	-35.0	-457.0
77	0.0087	206883.0	92064.0	31507.0	0	-100.0	-125.0	-46225.0	-467.0
78	0.0088	207556.0	91925.0	77988.0	468	673.0	-139.0	46481.0	468.0
79	0.0089	205884.0	91176.0	76738.0	460	-1672.0	-749.0	-1250.0	-8.0
80	0.009	204553.0	91179.0	77004.0	460	-1331.0	3.0	266.0	0.0
81	0.0091	204608.0	91230.0	77007.0	460	55.0	51.0	3.0	0.0
82	0.0092	204828.0	91317.0	77105.0	461	220.0	87.0	98.0	1.0
83	0.0093	204990.0	91367.0	77144.0	461	162.0	50.0	39.0	0.0
84	0.0094	206278.0	91842.0	77172.0	463	1288.0	475.0	28.0	2.0
85	0.0095	206273.0	91870.0	77639.0	464	-5.0	28.0	467.0	1.0
86	0.0096	207718.0	91861.0	77390.0	464	1445.0	-9.0	-249.0	0.0
87	0.0097	206376.0	91875.0	77651.0	465	-1342.0	14.0	261.0	1.0
88	0.0098	206199.0	91861.0	77601.0	465	-177.0	-14.0	-50.0	0.0
89	0.0099	206211.0	91875.0	77604.0	465	12.0	14.0	3.0	0.0
90	0.01	207617.0	91884.0	77397.0	464	1406.0	9.0	-207.0	-1.0
91	0.0101	207814.0	91884.0	77437.0	464	197.0	0.0	40.0	0.0
92	0.0102	206379.0	91885.0	77677.0	464	-1435.0	1.0	240.0	0.0
93	0.0103	207639.0	91869.0	77418.0	464	1260.0	-16.0	-259.0	0.0
94	0.0104	206282.0	91853.0	77678.0	463	-1357.0	-16.0	260.0	-1.0
95	0.0105	206152.0	91833.0	77623.0	463	-130.0	-20.0	-55.0	0.0
96	0.0106	206176.0	91831.0	77653.0	463	24.0	-2.0	30.0	0.0
97	0.0107	206222.0	91822.0	77613.0	463	46.0	-9.0	-40.0	0.0
98	0.0108	207646.0	91817.0	77423.0	463	1424.0	-5.0	-190.0	0.0
99	0.0109	206376.0	91802.0	77638.0	463	-1270.0	-15.0	215.0	0.0
100	0.011	207581.0	91774.0	77381.0	463	1205.0	-28.0	-257.0	0.0
101	0.0111	206217.0	91763.0	123706.0	463	-1364.0	-11.0	46325.0	0.0
102	0.0112	207238.0	92156.0	77819.0	464	1021.0	393.0	-45887.0	1.0
103	0.0113	207148.0	92157.0	77992.0	464	-90.0	1.0	173.0	0.0
104	0.0114	208406.0	92110.0	77751.0	464	1258.0	-47.0	-241.0	0.0
105	0.0115	208380.0	92077.0	77710.0	464	-26.0	-33.0	-41.0	0.0
106	0.0116	206919.0	92026.0	31658.0	464	-1461.0	-51.0	-46052.0	0.0
107	0.0117	206664.0	91993.0	124035.0	464	-255.0	-33.0	92377.0	0.0
108	0.0118	206535.0	91962.0	31638.0	465	-129.0	-31.0	-92397.0	1.0
109	0.0119	207832.0	91936.0	77511.0	463	1297.0	-26.0	45873.0	-2.0
110	0.012	206565.0	91933.0	77804.0	464	-1267.0	-3.0	293.0	1.0
111	0.0121	207750.0	91922.0	77526.0	464	1185.0	-11.0	-278.0	0.0
112	0.0122	206499.0	91912.0	77769.0	464	-1251.0	-10.0	243.0	0.0
113	0.0123	207754.0	91901.0	77540.0	464	1255.0	-11.0	-229.0	0.0
114	0.0124	207801.0	91876.0	77540.0	464	47.0	-25.0	0.0	0.0
115	0.0125	206360.0	91865.0	77767.0	464	-1441.0	-11.0	227.0	0.0
116	0.0126	207651.0	92429.0	77359.0	465	1291.0	564.0	-408.0	1.0
117	0.0127	205241.0	92436.0	77884.0	465	-2410.0	7.0	525.0	0.0
118	0.0128	206268.0	92315.0	46124.0	460	1027.0	-121.0	-31760.0	-5.0
119	0.0129	200741.0	90528.0	76616.0	457	-5527.0	-1787.0	30492.0	-3.0
120	0.013	204259.0	91422.0	152973.0	462	3518.0	894.0	76357.0	5.0
121	0.0131	207991.0	92517.0	78134.0	472	3732.0	1095.0	-74839.0	10.0
122	0.0132	211797.0	93368.0	79001.0	476	3806.0	851.0	867.0	4.0
123	0.0133	213844.0	94254.0	79716.0	481	2047.0	886.0	715.0	5.0
124	0.0134	212894.0	95089.0	81014.0	482	-950.0	835.0	1298.0	1.0
125	0.0135	214491.0	95821.0	81575.0	484	1597.0	732.0	561.0	2.0
126	0.0136	216049.0	96499.0	82152.0	487	1558.0	678.0	577.0	3.0
127	0.0137	220780.0	97079.0	82176.0	488	4731.0	580.0	24.0	1.0
128	0.0138	222111.0	97613.0	82575.0	490	1331.0	534.0	399.0	2.0
129	0.0139	222956.0	98065.0	83322.0	489	845.0	452.0	747.0	-1.0
130	0.014	222394.0	99064.0	83697.0	492	-562.0	999.0	375.0	3.0
131	0.0141	221827.0	98928.0	84527.0	494	-567.0	-136.0	830.0	2.0
132	0.0142	222647.0	99207.0	84735.0	494	820.0	279.0	208.0	0.0
133	0.0143	224597.0	99518.0	85243.0	499	1950.0	311.0	508.0	5.0
134	0.0144	228403.0	99655.0	85377.0	501	3806.0	137.0	134.0	2.0
135	0.0145	228987.0	100455.0	85227.0	501	584.0	800.0	-150.0	0.0
136	0.0146	456502.0	101291.0	85785.0	505	227515.0	836.0	558.0	4.0
137	0.0147	230868.0	101273.0	86404.0	507	-225634.0	-18.0	619.0	2.0
138	0.0148	0.0	101339.0	86043.0	507	-230868.0	66.0	-361.0	0.0
139	0.0149	231048.0	101417.0	86101.0	509	231048.0	78.0	58.0	2.0
140	0.015	457135.0	101497.0	86654.0	510	226087.0	80.0	553.0	1.0
141	0.0151	229987.0	102131.0	86450.0	509	-227148.0	634.0	-204.0	-1.0
142	0.0152	230118.0	102159.0	86197.0	511	131.0	28.0	-253.0	2.0
143	0.0153	231232.0	102127.0	85910.0	516	1114.0	-32.0	-287.0	5.0
144	0.0154	232675.0	102102.0	86677.0	516	1443.0	-25.0	767.0	0.0
145	0.0155	232521.0	101943.0	86698.0	515	-154.0	-159.0	21.0	-1.0
146	0.0156	230700.0	101927.0	86697.0	516	-1821.0	-16.0	-1.0	1.0
147	0.0157	230531.0	102382.0	87411.0	518	-169.0	455.0	714.0	2.0
148	0.0158	231801.0	102925.0	87295.0	518	1270.0	543.0	-116.0	0.0
149	0.0159	231735.0	102876.0	86985.0	517	-66.0	-49.0	-310.0	-1.0
150	0.016	231576.0	102784.0	86915.0	517	-159.0	-92.0	-70.0	0.0
151	0.0161	232535.0	102683.0	86859.0	519	959.0	-101.0	-56.0	2.0
152	0.0162	233737.0	102604.0	87161.0	519	1202.0	-79.0	302.0	0.0
153	0.0163	231134.0	102399.0	87172.0	515	-2603.0	-205.0	11.0	-4.0
154	0.0164	232298.0	102343.0	87936.0	510	1164.0	-56.0	764.0	-5.0
155	0.0165	235198.0	102868.0	87819.0	513	2900.0	525.0	-117.0	3.0
156	0.0166	235005.0	102828.0	87131.0	513	-193.0	-40.0	-688.0	0.0
157	0.0167	0.0	102743.0	87030.0	513	-235005.0	-85.0	-101.0	0.0
158	0.0168	232648.0	103000.0	86828.0	509	232648.0	257.0	-202.0	-4.0
159	0.0169	228115.0	101576.0	85608.0	510	-4533.0	-1424.0	-1220.0	1.0
160	0.017	227932.0	101440.0	85549.0	504	-183.0	-136.0	-59.0	-6.0
161	0.0171	229546.0	101472.0	85879.0	504	1614.0	32.0	330.0	0.0
162	0.0172	229763.0	101510.0	86008.0	505	217.0	38.0	129.0	1.0
163	0.0173	229931.0	101562.0	86042.0	3320	168.0	52.0	34.0	2815.0
