	time	ins	cycle	memory	branchm	ins_d	cycle_d	memory_d	branchm_d
0	0.001	132214	39984.0	64250.0	0.0	0.0	0.0	0.0	0.0
1	0.0011	157725	88695.0	85979.0	1189.0	25511.0	48711.0	21729.0	1189.0
2	0.0012	217117	108498.0	45350.0	0.0	59392.0	19803.0	-40629.0	-1189.0
3	0.0013	266357	61148.0	102991.0	0.0	49240.0	-47350.0	57641.0	0.0
4	0.0014	149670	136657.0	80831.0	1099.0	-116687.0	75509.0	-22160.0	1099.0
5	0.0015	325678	74703.0	62285.0	0.0	176008.0	-61954.0	-18546.0	-1099.0
6	0.0016	174215	77597.0	104834.0	1017.0	-151463.0	2894.0	42549.0	1017.0
7	0.0017	181619	164710.0	68862.0	0.0	7404.0	87113.0	-35972.0	-1017.0
8	0.0018	186603	85843.0	99775.0	947.0	4984.0	-78867.0	30913.0	947.0
9	0.0019	192425	88191.0	73759.0	0.0	5822.0	2348.0	-26016.0	-947.0
10	0.002	197982	0.0	0.0	0.0	5557.0	-88191.0	-73759.0	0.0
11	0.0021	0	0.0	0.0	0.0	-197982.0	0.0	0.0	0.0
12	0.0022	183136	82274.0	105681.0	805.0	183136.0	82274.0	105681.0	805.0
13	0.0023	168426	153633.0	63627.0	0.0	-14710.0	71359.0	-42054.0	-805.0
14	0.0024	171997	80262.0	92795.0	732.0	3571.0	-73371.0	29168.0	732.0
15	0.0025	179005	83145.0	68746.0	698.0	7008.0	2883.0	-24049.0	-34.0
16	0.0026	184063	83777.0	69375.0	0.0	5058.0	632.0	629.0	-698.0
17	0.0027	372944	85020.0	70580.0	664.0	188881.0	1243.0	1205.0	664.0
18	0.0028	191284	86337.0	71898.0	635.0	-181660.0	1317.0	1318.0	-29.0
19	0.0029	192777	86953.0	72401.0	0.0	1493.0	616.0	503.0	-635.0
20	0.003	194041	88015.0	116871.0	611.0	1264.0	1062.0	44470.0	611.0
21	0.0031	196510	88453.0	74019.0	591.0	2469.0	438.0	-42852.0	-20.0
22	0.0032	197530	88803.0	74367.0	575.0	1020.0	350.0	348.0	-16.0
23	0.0033	198266	89672.0	74873.0	558.0	736.0	869.0	506.0	-17.0
24	0.0034	198858	89892.0	75335.0	0.0	592.0	220.0	462.0	-558.0
25	0.0035	200873	90056.0	75528.0	546.0	2015.0	164.0	193.0	546.0
26	0.0036	201299	90209.0	75576.0	538.0	426.0	153.0	48.0	-8.0
27	0.0037	201610	90331.0	75713.0	525.0	311.0	122.0	137.0	-13.0
28	0.0038	201877	91013.0	76344.0	516.0	267.0	682.0	631.0	-9.0
29	0.0039	202129	91118.0	76409.0	509.0	252.0	105.0	65.0	-7.0
30	0.004	202455	91146.0	76525.0	502.0	326.0	28.0	116.0	-7.0
31	0.0041	204100	91212.0	76539.0	0.0	1645.0	66.0	14.0	-502.0
32	0.0042	204328	91233.0	76583.0	499.0	228.0	21.0	44.0	499.0
33	0.0043	204346	91260.0	76631.0	495.0	18.0	27.0	48.0	-4.0
34	0.0044	204342	182571.0	76619.0	493.0	-4.0	91311.0	-12.0	-2.0
35	0.0045	204460	91903.0	76693.0	488.0	118.0	-90668.0	74.0	-5.0
36	0.0046	204428	91913.0	76682.0	482.0	-32.0	10.0	-11.0	-6.0
37	0.0047	204533	91878.0	76936.0	482.0	105.0	-35.0	254.0	0.0
38	0.0048	204517	91839.0	77295.0	477.0	-16.0	-39.0	359.0	-5.0
39	0.0049	204663	91817.0	77262.0	476.0	146.0	-22.0	-33.0	-1.0
40	0.005	204750	91816.0	77287.0	476.0	87.0	-1.0	25.0	0.0
41	0.0051	204717	91785.0	77245.0	475.0	-33.0	-31.0	-42.0	-1.0
42	0.0052	204837	91778.0	77250.0	471.0	120.0	-7.0	5.0	-4.0
43	0.0053	206283	91761.0	77234.0	469.0	1446.0	-17.0	-16.0	-2.0
44	0.0054	206422	91685.0	77176.0	469.0	139.0	-76.0	-58.0	0.0
45	0.0055	206105	91649.0	77191.0	468.0	-317.0	-36.0	15.0	-1.0
46	0.0056	205946	91635.0	77103.0	468.0	-159.0	-14.0	-88.0	0.0
47	0.0057	205912	91631.0	77128.0	467.0	-34.0	-4.0	25.0	-1.0
48	0.0058	205745	91624.0	77057.0	467.0	-167.0	-7.0	-71.0	0.0
49	0.0059	205620	91604.0	76810.0	0.0	-125.0	-20.0	-247.0	-467.0
50	0.006	204363	0.0	76109.0	464.0	-1257.0	-91604.0	-701.0	464.0
51	0.0061	201150	91128.0	75896.0	459.0	-3213.0	91128.0	-213.0	-5.0
52	0.0062	201102	89758.0	75518.0	457.0	-48.0	-1370.0	-378.0	-2.0
53	0.0063	201408	89774.0	75557.0	457.0	306.0	16.0	39.0	0.0
54	0.0064	201801	89921.0	75706.0	457.0	393.0	147.0	149.0	0.0
55	0.0065	202078	90084.0	75821.0	459.0	277.0	163.0	115.0	2.0
56	0.0066	202123	90240.0	75836.0	460.0	45.0	156.0	15.0	1.0
57	0.0067	202395	90309.0	75989.0	460.0	272.0	69.0	153.0	0.0
58	0.0068	202631	90438.0	76065.0	461.0	236.0	129.0	76.0	1.0
59	0.0069	202998	181793.0	76154.0	458.0	367.0	91355.0	89.0	-3.0
60	0.007	203180	91334.0	76308.0	458.0	182.0	-90459.0	154.0	0.0
61	0.0071	203304	91349.0	76333.0	459.0	124.0	15.0	25.0	1.0
62	0.0072	203499	91363.0	76404.0	459.0	195.0	14.0	71.0	0.0
63	0.0073	203662	91393.0	76496.0	456.0	163.0	30.0	92.0	-3.0
64	0.0074	204026	91440.0	76747.0	456.0	364.0	47.0	251.0	0.0
65	0.0075	204160	91477.0	76869.0	457.0	134.0	37.0	122.0	1.0
66	0.0076	204209	91489.0	76883.0	457.0	49.0	12.0	14.0	0.0
67	0.0077	204406	91508.0	76908.0	458.0	197.0	19.0	25.0	1.0
68	0.0078	204396	91510.0	76904.0	458.0	-10.0	2.0	-4.0	0.0
69	0.0079	204543	91539.0	76890.0	458.0	147.0	29.0	-14.0	0.0
70	0.008	204577	91546.0	76993.0	458.0	34.0	7.0	103.0	0.0
71	0.0081	204636	91558.0	76930.0	458.0	59.0	12.0	-63.0	0.0
72	0.0082	204739	91567.0	76998.0	458.0	103.0	9.0	68.0	0.0
73	0.0083	204719	91566.0	76941.0	458.0	-20.0	-1.0	-57.0	0.0
74	0.0084	204765	91523.0	76940.0	459.0	46.0	-43.0	-1.0	1.0
75	0.0085	204633	91504.0	76958.0	459.0	-132.0	-19.0	18.0	0.0
76	0.0086	204788	91512.0	76907.0	460.0	155.0	8.0	-51.0	1.0
77	0.0087	204769	91517.0	76985.0	460.0	-19.0	5.0	78.0	0.0
78	0.0088	204754	91524.0	76944.0	461.0	-15.0	7.0	-41.0	1.0
79	0.0089	204923	91546.0	76969.0	462.0	169.0	22.0	25.0	1.0
80	0.009	204888	91557.0	76985.0	462.0	-35.0	11.0	16.0	0.0
81	0.0091	204955	91581.0	76952.0	463.0	67.0	24.0	-33.0	1.0
82	0.0092	204956	91598.0	77367.0	460.0	1.0	17.0	415.0	-3.0
83	0.0093	204983	91606.0	77309.0	461.0	27.0	8.0	-58.0	1.0
84	0.0094	205042	91607.0	77342.0	461.0	59.0	1.0	33.0	0.0
85	0.0095	205004	91613.0	77273.0	461.0	-38.0	6.0	-69.0	0.0
86	0.0096	205139	91613.0	77263.0	461.0	135.0	0.0	-10.0	0.0
87	0.0097	205079	91616.0	77273.0	461.0	-60.0	3.0	10.0	0.0
88	0.0098	205110	91604.0	77191.0	462.0	31.0	-12.0	-82.0	1.0
89	0.0099	205113	91609.0	77247.0	460.0	3.0	5.0	56.0	-2.0
90	0.01	205030	0.0	77177.0	454.0	-83.0	-91609.0	-70.0	-6.0
91	0.0101	201800	91565.0	76404.0	454.0	-3230.0	91565.0	-773.0	0.0
92	0.0102	201675	90115.0	75848.0	454.0	-125.0	-1450.0	-556.0	0.0
93	0.0103	201834	90103.0	75819.0	451.0	159.0	-12.0	-29.0	-3.0
94	0.0104	203493	90149.0	75948.0	451.0	1659.0	46.0	129.0	0.0
95	0.0105	203500	90225.0	75943.0	451.0	7.0	76.0	-5.0	0.0
96	0.0106	203644	90236.0	76044.0	452.0	144.0	11.0	101.0	1.0
97	0.0107	203838	90422.0	76195.0	452.0	194.0	186.0	151.0	0.0
98	0.0108	203967	90487.0	76229.0	452.0	129.0	65.0	34.0	0.0
99	0.0109	204056	90580.0	76287.0	453.0	89.0	93.0	58.0	1.0
100	0.011	203760	90585.0	76226.0	453.0	-296.0	5.0	-61.0	0.0
101	0.0111	203862	90671.0	76256.0	455.0	102.0	86.0	30.0	2.0
102	0.0112	203755	90622.0	76331.0	456.0	-107.0	-49.0	75.0	1.0
103	0.0113	203733	90702.0	76301.0	456.0	-22.0	80.0	-30.0	0.0
104	0.0114	203862	90762.0	76388.0	457.0	129.0	60.0	87.0	1.0
105	0.0115	203918	90857.0	76407.0	457.0	56.0	95.0	19.0	0.0
106	0.0116	204034	90919.0	76444.0	457.0	116.0	62.0	37.0	0.0
107	0.0117	204119	90969.0	76539.0	458.0	85.0	50.0	95.0	1.0
108	0.0118	204132	91024.0	76538.0	458.0	13.0	55.0	-1.0	0.0
109	0.0119	204310	91077.0	76623.0	458.0	178.0	53.0	85.0	0.0
110	0.012	204353	91133.0	76650.0	457.0	43.0	56.0	27.0	-1.0
111	0.0121	204522	91175.0	76669.0	459.0	169.0	42.0	19.0	2.0
112	0.0122	204515	91221.0	76738.0	459.0	-7.0	46.0	69.0	0.0
113	0.0123	204393	91211.0	76692.0	459.0	-122.0	-10.0	-46.0	0.0
114	0.0124	204461	91229.0	76721.0	459.0	68.0	18.0	29.0	0.0
115	0.0125	204363	91238.0	76703.0	459.0	-98.0	9.0	-18.0	0.0
116	0.0126	204475	91257.0	76707.0	459.0	112.0	19.0	4.0	0.0
117	0.0127	204488	91273.0	76794.0	459.0	13.0	16.0	87.0	0.0
118	0.0128	204470	91294.0	76747.0	459.0	-18.0	21.0	-47.0	0.0
119	0.0129	204610	91306.0	76814.0	459.0	140.0	12.0	67.0	0.0
120	0.013	204574	91344.0	76784.0	460.0	-36.0	38.0	-30.0	1.0
121	0.0131	204568	91349.0	76772.0	460.0	-6.0	5.0	-12.0	0.0
122	0.0132	204497	91360.0	76811.0	0.0	-71.0	11.0	39.0	-460.0
123	0.0133	204498	91380.0	76758.0	460.0	1.0	20.0	-53.0	460.0
124	0.0134	204577	91380.0	76828.0	921.0	79.0	0.0	70.0	461.0
125	0.0135	204551	91403.0	76781.0	463.0	-26.0	23.0	-47.0	-458.0
126	0.0136	204559	91413.0	76777.0	463.0	8.0	10.0	-4.0	0.0
127	0.0137	204474	91422.0	76802.0	0.0	-85.0	9.0	25.0	-463.0
128	0.0138	204576	91431.0	76786.0	463.0	102.0	9.0	-16.0	463.0
129	0.0139	204648	91450.0	76841.0	461.0	72.0	19.0	55.0	-2.0
130	0.014	204536	91465.0	75954.0	461.0	-112.0	15.0	-887.0	0.0
131	0.0141	200660	91408.0	31122.0	453.0	-3876.0	-57.0	-44832.0	-8.0
132	0.0142	200697	89739.0	119721.0	453.0	37.0	-1669.0	88599.0	0.0
133	0.0143	198912	89749.0	75417.0	448.0	-1785.0	10.0	-44304.0	-5.0
134	0.0144	201510	180679.0	76000.0	453.0	2598.0	90930.0	583.0	5.0
135	0.0145	204188	92029.0	76901.0	459.0	2678.0	-88650.0	901.0	6.0
136	0.0146	206769	93063.0	77815.0	929.0	2581.0	1034.0	914.0	470.0
137	0.0147	208976	93995.0	110861.0	474.0	2207.0	932.0	33046.0	-455.0
138	0.0148	210830	94801.0	79701.0	479.0	1854.0	806.0	-31160.0	5.0
139	0.0149	212735	95547.0	80274.0	483.0	1905.0	746.0	573.0	4.0
140	0.015	214271	96195.0	80879.0	486.0	1536.0	648.0	605.0	3.0
141	0.0151	215798	96794.0	81340.0	488.0	1527.0	599.0	461.0	2.0
142	0.0152	435290	97307.0	81857.0	492.0	219492.0	513.0	517.0	4.0
143	0.0153	219310	97782.0	82203.0	493.0	-215980.0	475.0	346.0	1.0
144	0.0154	220290	98187.0	82679.0	497.0	980.0	405.0	476.0	4.0
145	0.0155	221187	98567.0	82907.0	498.0	897.0	380.0	228.0	1.0
146	0.0156	221754	98901.0	83216.0	500.0	567.0	334.0	309.0	2.0
147	0.0157	222519	99155.0	83475.0	502.0	765.0	254.0	259.0	2.0
148	0.0158	223084	99428.0	83678.0	500.0	565.0	273.0	203.0	-2.0
149	0.0159	223627	99648.0	84192.0	501.0	543.0	220.0	514.0	1.0
150	0.016	224233	99866.0	84321.0	502.0	606.0	218.0	129.0	1.0
151	0.0161	224602	100059.0	84510.0	502.0	369.0	193.0	189.0	0.0
152	0.0162	225024	100205.0	84668.0	502.0	422.0	146.0	158.0	0.0
153	0.0163	225520	100354.0	84749.0	504.0	496.0	149.0	81.0	2.0
154	0.0164	225695	100486.0	84877.0	504.0	175.0	132.0	128.0	0.0
155	0.0165	226009	100599.0	84996.0	504.0	314.0	113.0	119.0	0.0
156	0.0166	226359	100698.0	85025.0	504.0	350.0	99.0	29.0	0.0
157	0.0167	226568	100811.0	135794.0	505.0	209.0	113.0	50769.0	1.0
158	0.0168	226788	100902.0	85640.0	503.0	220.0	91.0	-50154.0	-2.0
159	0.0169	227088	100995.0	85662.0	504.0	300.0	93.0	22.0	1.0
160	0.017	227222	101075.0	85717.0	505.0	134.0	80.0	55.0	1.0
161	0.0171	227477	101142.0	85771.0	505.0	255.0	67.0	54.0	0.0
162	0.0172	227646	101188.0	85746.0	506.0	169.0	46.0	-25.0	1.0
163	0.0173	227694	101249.0	85451.0	510.0	48.0	61.0	-295.0	4.0
164	0.0174	227650	101250.0	85491.0	1018.0	-44.0	1.0	40.0	508.0
