	time	ins	cycle	memory	branchm	ins_d	cycle_d	memory_d	branchm_d
0	0.001	66812	38418	34918.0	1448	0.0	0.0	0.0	0.0
1	0.0011	141402	40750	46476.0	0	74590.0	2332.0	11558.0	-1448.0
2	0.0012	154518	87293	64568.0	0	13116.0	46543.0	18092.0	0.0
3	0.0013	206786	103535	82620.0	1385	52268.0	16242.0	18052.0	1385.0
4	0.0014	119859	58201	47350.0	0	-86927.0	-45334.0	-35270.0	-1385.0
5	0.0015	271846	125581	104234.0	0	151987.0	67380.0	56884.0	0.0
6	0.0016	146001	67403	57156.0	0	-125845.0	-58178.0	-47078.0	0.0
7	0.0017	318179	70668	59560.0	1261	172178.0	3265.0	2404.0	1261.0
8	0.0018	168719	73609	125795.0	0	-149460.0	2941.0	66235.0	-1261.0
9	0.0019	172560	153488	65591.0	1153	3841.0	79879.0	-60204.0	1153.0
10	0.002	177555	80067	67401.0	0	4995.0	-73421.0	1810.0	-1153.0
11	0.0021	182080	82010	68675.0	0	4525.0	1943.0	1274.0	0.0
12	0.0022	184619	83113	69862.0	1063	2539.0	1103.0	1187.0	1063.0
13	0.0023	379857	84597	71169.0	0	195238.0	1484.0	1307.0	-1063.0
14	0.0024	193347	86011	101433.0	984	-186510.0	1414.0	30264.0	984.0
15	0.0025	194686	86701	43658.0	0	1339.0	690.0	-57775.0	-984.0
16	0.0026	197322	87841	148587.0	918	2636.0	1140.0	104929.0	918.0
17	0.0027	199919	88313	75396.0	0	2597.0	472.0	-73191.0	-918.0
18	0.0028	200723	89260	75727.0	859	804.0	947.0	331.0	859.0
19	0.0029	202705	179993	76371.0	0	1982.0	90733.0	644.0	-859.0
20	0.003	203185	90607	76516.0	809	480.0	-89386.0	145.0	809.0
21	0.0031	204808	91307	77192.0	0	1623.0	700.0	676.0	-809.0
22	0.0032	205048	91402	77181.0	764	240.0	95.0	-11.0	764.0
23	0.0033	206598	92005	77459.0	726	1550.0	603.0	278.0	-38.0
24	0.0034	206619	92013	77752.0	0	21.0	8.0	293.0	-726.0
25	0.0035	208041	92551	77985.0	689	1422.0	538.0	233.0	689.0
26	0.0036	207921	92517	78261.0	662	-120.0	-34.0	276.0	-27.0
27	0.0037	207759	92425	78135.0	0	-162.0	-92.0	-126.0	-662.0
28	0.0038	208860	92895	78340.0	635	1101.0	470.0	205.0	635.0
29	0.0039	208767	92830	78538.0	614	-93.0	-65.0	198.0	-21.0
30	0.004	208540	92723	78495.0	0	-227.0	-107.0	-43.0	-614.0
31	0.0041	209652	92608	78563.0	594	1112.0	-115.0	68.0	594.0
32	0.0042	209483	93073	78501.0	577	-169.0	465.0	-62.0	-17.0
33	0.0043	209142	92976	78679.0	564	-341.0	-97.0	178.0	-13.0
34	0.0044	209954	93258	79013.0	0	812.0	282.0	334.0	-564.0
35	0.0045	211037	93131	78167.0	540	1083.0	-127.0	-846.0	540.0
36	0.0046	206873	92251	76606.0	522	-4164.0	-880.0	-1561.0	-18.0
37	0.0047	202392	90368	75881.0	515	-4481.0	-1883.0	-725.0	-7.0
38	0.0048	202211	90298	75901.0	509	-181.0	-70.0	20.0	-6.0
39	0.0049	202426	90424	76089.0	506	215.0	126.0	188.0	-3.0
40	0.005	202829	90560	76476.0	500	403.0	136.0	387.0	-6.0
41	0.0051	203104	90679	76624.0	496	275.0	119.0	148.0	-4.0
42	0.0052	203375	90788	76684.0	488	271.0	109.0	60.0	-8.0
43	0.0053	205048	90850	76883.0	488	1673.0	62.0	199.0	0.0
44	0.0054	205136	90930	76977.0	486	88.0	80.0	94.0	-2.0
45	0.0055	205146	91001	76950.0	0	10.0	71.0	-27.0	-486.0
46	0.0056	205245	91633	77019.0	482	99.0	632.0	69.0	482.0
47	0.0057	205262	91676	77005.0	479	17.0	43.0	-14.0	-3.0
48	0.0058	205300	91663	77017.0	478	38.0	-13.0	12.0	-1.0
49	0.0059	205312	91659	77097.0	476	12.0	-4.0	80.0	-2.0
50	0.006	205358	91653	77053.0	474	46.0	-6.0	-44.0	-2.0
51	0.0061	205387	91670	77129.0	474	29.0	17.0	76.0	0.0
52	0.0062	205424	91664	77080.0	473	37.0	-6.0	-49.0	-1.0
53	0.0063	205479	91661	77128.0	473	55.0	-3.0	48.0	0.0
54	0.0064	205360	91639	77102.0	472	-119.0	-22.0	-26.0	-1.0
55	0.0065	205396	91637	77408.0	469	36.0	-2.0	306.0	-3.0
56	0.0066	205539	91648	77542.0	467	143.0	11.0	134.0	-2.0
57	0.0067	205616	91660	77456.0	468	77.0	12.0	-86.0	1.0
58	0.0068	205585	91653	77475.0	467	-31.0	-7.0	19.0	-1.0
59	0.0069	205600	91654	77419.0	467	15.0	1.0	-56.0	0.0
60	0.007	205612	91654	77398.0	467	12.0	0.0	-21.0	0.0
61	0.0071	205545	91660	77401.0	467	-67.0	6.0	3.0	0.0
62	0.0072	205630	91652	77343.0	463	85.0	-8.0	-58.0	-4.0
63	0.0073	207059	91672	77430.0	464	1429.0	20.0	87.0	1.0
64	0.0074	207129	91678	77407.0	460	70.0	6.0	-23.0	-4.0
65	0.0075	207134	91687	77647.0	464	5.0	9.0	240.0	4.0
66	0.0076	206983	91687	77424.0	464	-151.0	0.0	-223.0	0.0
67	0.0077	206902	91676	77397.0	462	-81.0	-11.0	-27.0	-2.0
68	0.0078	206757	91666	77614.0	462	-145.0	-10.0	217.0	0.0
69	0.0079	206603	91666	77539.0	462	-154.0	0.0	-75.0	0.0
70	0.008	206556	91676	77584.0	463	-47.0	10.0	45.0	1.0
71	0.0081	206480	91674	77515.0	462	-76.0	-2.0	-69.0	-1.0
72	0.0082	206464	91683	77548.0	464	-16.0	9.0	33.0	2.0
73	0.0083	206370	91662	77467.0	464	-94.0	-21.0	-81.0	0.0
74	0.0084	206351	91671	77481.0	465	-19.0	9.0	14.0	1.0
75	0.0085	206314	91629	77447.0	465	-37.0	-42.0	-34.0	0.0
76	0.0086	206069	90441	76713.0	460	-245.0	-1188.0	-734.0	-5.0
77	0.0087	203175	90410	76332.0	460	-2894.0	-31.0	-381.0	0.0
78	0.0088	203176	90519	76312.0	461	1.0	109.0	-20.0	1.0
79	0.0089	203366	90650	76443.0	462	190.0	131.0	131.0	1.0
80	0.009	203621	90758	76498.0	462	255.0	108.0	55.0	0.0
81	0.0091	203841	90868	76573.0	462	220.0	110.0	75.0	0.0
82	0.0092	204073	90942	76720.0	462	232.0	74.0	147.0	0.0
83	0.0093	204167	91437	76915.0	462	94.0	495.0	195.0	0.0
84	0.0094	205430	92059	77215.0	462	1263.0	622.0	300.0	0.0
85	0.0095	205635	92096	77206.0	463	205.0	37.0	-9.0	1.0
86	0.0096	205694	92054	77207.0	463	59.0	-42.0	1.0	0.0
87	0.0097	205620	92016	77250.0	463	-74.0	-38.0	43.0	0.0
88	0.0098	205649	91972	77224.0	463	29.0	-44.0	-26.0	0.0
89	0.0099	205827	91955	77333.0	0	178.0	-17.0	109.0	-463.0
90	0.01	205812	91913	77274.0	463	-15.0	-42.0	-59.0	463.0
91	0.0101	205802	91885	77282.0	463	-10.0	-28.0	8.0	0.0
92	0.0102	205725	91855	77246.0	463	-77.0	-30.0	-36.0	0.0
93	0.0103	205696	91821	77215.0	463	-29.0	-34.0	-31.0	0.0
94	0.0104	205622	91806	77276.0	463	-74.0	-15.0	61.0	0.0
95	0.0105	205637	91785	77179.0	464	15.0	-21.0	-97.0	1.0
96	0.0106	205587	91772	77245.0	463	-50.0	-13.0	66.0	-1.0
97	0.0107	205624	91748	77195.0	463	37.0	-24.0	-50.0	0.0
98	0.0108	205638	91731	77207.0	463	14.0	-17.0	12.0	0.0
99	0.0109	205549	91695	77191.0	463	-89.0	-36.0	-16.0	0.0
100	0.011	205521	91675	77131.0	463	-28.0	-20.0	-60.0	0.0
101	0.0111	205419	91650	77191.0	463	-102.0	-25.0	60.0	0.0
102	0.0112	205391	91626	77112.0	463	-28.0	-24.0	-79.0	0.0
103	0.0113	205454	91624	77167.0	463	63.0	-2.0	55.0	0.0
104	0.0114	205373	91615	77091.0	464	-81.0	-9.0	-76.0	1.0
105	0.0115	205328	91611	77087.0	464	-45.0	-4.0	-4.0	0.0
106	0.0116	205239	91608	77097.0	465	-89.0	-3.0	10.0	1.0
107	0.0117	205237	91614	77042.0	465	-2.0	6.0	-55.0	0.0
108	0.0118	205276	91622	77126.0	465	39.0	8.0	84.0	0.0
109	0.0119	205276	91613	77083.0	465	0.0	-9.0	-43.0	0.0
110	0.012	205338	91626	77103.0	465	62.0	13.0	20.0	0.0
111	0.0121	205227	91621	77081.0	466	-111.0	-5.0	-22.0	1.0
112	0.0122	205273	91633	77061.0	466	46.0	12.0	-20.0	0.0
113	0.0123	205257	91639	77145.0	468	-16.0	6.0	84.0	2.0
114	0.0124	205242	91642	77051.0	468	-15.0	3.0	-94.0	0.0
115	0.0125	205242	0	31265.0	469	0.0	-91642.0	-45786.0	1.0
116	0.0126	205215	91626	121612.0	456	-27.0	91626.0	90347.0	-13.0
117	0.0127	199720	89930	75420.0	460	-5495.0	-1696.0	-46192.0	4.0
118	0.0128	201704	179775	76356.0	465	1984.0	89845.0	936.0	5.0
119	0.0129	204410	91618	77274.0	469	2706.0	-88157.0	918.0	4.0
120	0.013	206998	92696	78264.0	475	2588.0	1078.0	990.0	6.0
121	0.0131	209297	93671	79392.0	475	2299.0	975.0	1128.0	0.0
122	0.0132	211447	94536	80147.0	479	2150.0	865.0	755.0	4.0
123	0.0133	213290	95324	80788.0	482	1843.0	788.0	641.0	3.0
124	0.0134	214931	96008	81321.0	486	1641.0	684.0	533.0	4.0
125	0.0135	216459	96641	81848.0	488	1528.0	633.0	527.0	2.0
126	0.0136	217815	97184	82301.0	488	1356.0	543.0	453.0	0.0
127	0.0137	439307	97688	82704.0	491	221492.0	504.0	403.0	3.0
128	0.0138	221126	98127	83095.0	986	-218181.0	439.0	391.0	495.0
129	0.0139	222019	98509	83374.0	0	893.0	382.0	279.0	-986.0
130	0.014	222771	98873	83727.0	497	752.0	364.0	353.0	497.0
131	0.0141	224954	99164	83922.0	992	2183.0	291.0	195.0	495.0
132	0.0142	225640	99456	84176.0	502	686.0	292.0	254.0	-490.0
133	0.0143	224754	99714	84406.0	500	-886.0	258.0	230.0	-2.0
134	0.0144	226638	99935	84590.0	501	1884.0	221.0	184.0	1.0
135	0.0145	227139	100132	84809.0	0	501.0	197.0	219.0	-501.0
136	0.0146	227407	100314	119345.0	502	268.0	182.0	34536.0	502.0
137	0.0147	227642	100463	85413.0	500	235.0	149.0	-33932.0	-2.0
138	0.0148	227875	100597	85460.0	500	233.0	134.0	47.0	0.0
139	0.0149	228079	100731	85556.0	501	204.0	134.0	96.0	1.0
140	0.015	228229	100839	85678.0	502	150.0	108.0	122.0	1.0
141	0.0151	228413	100929	85703.0	502	184.0	90.0	25.0	0.0
142	0.0152	228612	101027	85774.0	502	199.0	98.0	71.0	0.0
143	0.0153	228664	101098	85847.0	1008	52.0	71.0	73.0	506.0
144	0.0154	228751	101174	85871.0	509	87.0	76.0	24.0	-499.0
145	0.0155	228864	101240	85653.0	0	113.0	66.0	-218.0	-509.0
146	0.0156	228864	101267	85730.0	510	0.0	27.0	77.0	510.0
147	0.0157	228957	101312	86030.0	507	93.0	45.0	300.0	-3.0
148	0.0158	229021	101345	86017.0	507	64.0	33.0	-13.0	0.0
149	0.0159	229002	101375	86043.0	509	-19.0	30.0	26.0	2.0
150	0.016	228907	101396	86063.0	509	-95.0	21.0	20.0	0.0
151	0.0161	228947	101410	85982.0	509	40.0	14.0	-81.0	0.0
152	0.0162	228988	101440	85996.0	509	41.0	30.0	14.0	0.0
153	0.0163	229079	101468	86071.0	509	91.0	28.0	75.0	0.0
154	0.0164	229152	101489	137224.0	509	73.0	21.0	51153.0	0.0
155	0.0165	228717	101511	0.0	510	-435.0	22.0	-137224.0	1.0
156	0.0166	225623	101394	85896.0	505	-3094.0	-117.0	85896.0	-5.0
157	0.0167	225625	100075	84717.0	505	2.0	-1319.0	-1179.0	0.0
158	0.0168	225938	100098	84773.0	505	313.0	23.0	56.0	0.0
159	0.0169	226292	100256	84862.0	505	354.0	158.0	89.0	0.0
160	0.017	226610	100413	84999.0	506	318.0	157.0	137.0	1.0
161	0.0171	226857	100530	85147.0	504	247.0	117.0	148.0	-2.0
162	0.0172	227112	101226	119793.0	5599	255.0	696.0	34646.0	5095.0
