	time	ins	cycle	memory	branchm	ins_d	cycle_d	memory_d	branchm_d
0	0.001	172021.0	94968.0	57177.0	1458	0.0	0.0	0.0	0.0
1	0.0011	210052.0	52999.0	95702.0	0	38031.0	-41969.0	38525.0	-1458.0
2	0.0012	270851.0	120022.0	84483.0	0	60799.0	67023.0	-11219.0	0.0
3	0.0013	155426.0	143632.0	81261.0	1360	-115425.0	23610.0	-3222.0	1360.0
4	0.0014	341465.0	79469.0	106135.0	0	186039.0	-64163.0	24874.0	-1360.0
5	0.0015	184288.0	83085.0	98621.0	0	-157177.0	3616.0	-7514.0	0.0
6	0.0016	193265.0	177442.0	74777.0	1250	8977.0	94357.0	-23844.0	1250.0
7	0.0017	410341.0	92921.0	77304.0	0	217076.0	-84521.0	2527.0	-1250.0
8	0.0018	215478.0	95694.0	160910.0	1158	-194863.0	2773.0	83606.0	1158.0
9	0.0019	219658.0	98202.0	83679.0	0	4180.0	2508.0	-77231.0	-1158.0
10	0.002	224778.0	99798.0	85025.0	1078	5120.0	1596.0	1346.0	1078.0
11	0.0021	227904.0	101768.0	86699.0	0	3126.0	1970.0	1674.0	-1078.0
12	0.0022	232311.0	102968.0	87761.0	1013	4407.0	1200.0	1062.0	1013.0
13	0.0023	236356.0	210062.0	88792.0	0	4045.0	107094.0	1031.0	-1013.0
14	0.0024	238377.0	106798.0	89889.0	954	2021.0	-103264.0	1097.0	954.0
15	0.0025	239953.0	107419.0	90978.0	902	1576.0	621.0	1089.0	-52.0
16	0.0026	488678.0	108526.0	91561.0	0	248725.0	1107.0	583.0	-902.0
17	0.0027	246764.0	108953.0	92169.0	856	-241914.0	427.0	608.0	856.0
18	0.0028	249053.0	109889.0	92889.0	815	2289.0	936.0	720.0	-41.0
19	0.0029	249636.0	110173.0	93424.0	0	583.0	284.0	535.0	-815.0
20	0.003	248616.0	110347.0	131865.0	786	-1020.0	174.0	38441.0	786.0
21	0.0031	0.0	105338.0	52749.0	707	-248616.0	-5009.0	-79116.0	-79.0
22	0.0032	235696.0	102840.0	87736.0	0	235696.0	-2498.0	34987.0	-707.0
23	0.0033	462859.0	103375.0	87139.0	677	227163.0	535.0	-597.0	677.0
24	0.0034	235135.0	104875.0	87928.0	660	-227724.0	1500.0	789.0	-17.0
25	0.0035	238696.0	105710.0	124800.0	644	3561.0	835.0	36872.0	-16.0
26	0.0036	240374.0	106391.0	53441.0	0	1678.0	681.0	-71359.0	-644.0
27	0.0037	0.0	104680.0	88916.0	626	-240374.0	-1711.0	35475.0	626.0
28	0.0038	235157.0	0.0	87404.0	606	235157.0	-104680.0	-1512.0	-20.0
29	0.0039	232031.0	103757.0	86617.0	589	-3126.0	103757.0	-787.0	-17.0
30	0.004	229355.0	102490.0	85705.0	0	-2676.0	-1267.0	-912.0	-589.0
31	0.0041	228350.0	101338.0	85115.0	570	-1005.0	-1152.0	-590.0	570.0
32	0.0042	226217.0	100312.0	84337.0	557	-2133.0	-1026.0	-778.0	-13.0
33	0.0043	224196.0	99367.0	83579.0	547	-2021.0	-945.0	-758.0	-10.0
34	0.0044	222279.0	98525.0	82983.0	539	-1917.0	-842.0	-596.0	-8.0
35	0.0045	219451.0	97800.0	82966.0	526	-2828.0	-725.0	-17.0	-13.0
36	0.0046	219504.0	97707.0	82300.0	0	53.0	-93.0	-666.0	-526.0
37	0.0047	217117.0	97150.0	82071.0	520	-2387.0	-557.0	-229.0	520.0
38	0.0048	218864.0	96604.0	33169.0	510	1747.0	-546.0	-48902.0	-10.0
39	0.0049	217822.0	96096.0	81431.0	507	-1042.0	-508.0	48262.0	-3.0
40	0.005	216623.0	95636.0	81000.0	503	-1199.0	-460.0	-431.0	-4.0
41	0.0051	215648.0	95232.0	47968.0	499	-975.0	-404.0	-33032.0	-4.0
42	0.0052	214707.0	94882.0	80486.0	496	-941.0	-350.0	32518.0	-3.0
43	0.0053	213866.0	94541.0	80192.0	494	-841.0	-341.0	-294.0	-2.0
44	0.0054	211752.0	94238.0	79868.0	491	-2114.0	-303.0	-324.0	-3.0
45	0.0055	212412.0	93961.0	79857.0	490	660.0	-277.0	-11.0	-1.0
46	0.0056	211581.0	93718.0	79395.0	489	-831.0	-243.0	-462.0	-1.0
47	0.0057	212362.0	93897.0	79658.0	487	781.0	179.0	263.0	-2.0
48	0.0058	211890.0	93721.0	79390.0	485	-472.0	-176.0	-268.0	-2.0
49	0.0059	211436.0	93524.0	79269.0	481	-454.0	-197.0	-121.0	-4.0
50	0.006	209749.0	93342.0	79066.0	479	-1687.0	-182.0	-203.0	-2.0
51	0.0061	210909.0	93198.0	79222.0	0	1160.0	-144.0	156.0	-479.0
52	0.0062	210604.0	93074.0	78891.0	478	-305.0	-124.0	-331.0	478.0
53	0.0063	210312.0	93512.0	79114.0	471	-292.0	438.0	223.0	-7.0
54	0.0064	0.0	93404.0	78971.0	471	-210312.0	-108.0	-143.0	0.0
55	0.0065	419525.0	93243.0	78882.0	469	419525.0	-161.0	-89.0	-2.0
56	0.0066	0.0	93079.0	78714.0	470	-419525.0	-164.0	-168.0	1.0
57	0.0067	209466.0	93005.0	78699.0	468	209466.0	-74.0	-15.0	-2.0
58	0.0068	209210.0	92899.0	78579.0	468	-256.0	-106.0	-120.0	0.0
59	0.0069	209013.0	92773.0	78505.0	468	-197.0	-126.0	-74.0	0.0
60	0.007	208730.0	92688.0	78406.0	469	-283.0	-85.0	-99.0	1.0
61	0.0071	208504.0	0.0	78423.0	468	-226.0	-92688.0	17.0	-1.0
62	0.0072	207800.0	92828.0	77870.0	461	-704.0	92828.0	-553.0	-7.0
63	0.0073	205141.0	91257.0	77079.0	455	-2659.0	-1571.0	-791.0	-6.0
64	0.0074	205068.0	91118.0	77629.0	454	-73.0	-139.0	550.0	-1.0
65	0.0075	204309.0	91199.0	76509.0	452	-759.0	81.0	-1120.0	-2.0
66	0.0076	204485.0	90302.0	76768.0	457	176.0	-897.0	259.0	5.0
67	0.0077	204731.0	90375.0	76634.0	457	246.0	73.0	-134.0	0.0
68	0.0078	204909.0	90514.0	76728.0	456	178.0	139.0	94.0	-1.0
69	0.0079	205080.0	90665.0	77049.0	460	171.0	151.0	321.0	4.0
70	0.008	205276.0	90795.0	76883.0	458	196.0	130.0	-166.0	-2.0
71	0.0081	205363.0	90909.0	77238.0	462	87.0	114.0	355.0	4.0
72	0.0082	205536.0	91015.0	77057.0	459	173.0	106.0	-181.0	-3.0
73	0.0083	205663.0	91112.0	77368.0	459	127.0	97.0	311.0	0.0
74	0.0084	205789.0	91203.0	77357.0	459	126.0	91.0	-11.0	0.0
75	0.0085	205820.0	91234.0	77391.0	460	31.0	31.0	34.0	1.0
76	0.0086	205870.0	91304.0	77399.0	460	50.0	70.0	8.0	0.0
77	0.0087	205894.0	91348.0	77357.0	461	24.0	44.0	-42.0	1.0
78	0.0088	205896.0	91403.0	77447.0	461	2.0	55.0	90.0	0.0
79	0.0089	205950.0	91448.0	77362.0	461	54.0	45.0	-85.0	0.0
80	0.009	205945.0	91482.0	77427.0	461	-5.0	34.0	65.0	0.0
81	0.0091	205915.0	91516.0	77354.0	461	-30.0	34.0	-73.0	0.0
82	0.0092	205990.0	91516.0	77389.0	462	75.0	0.0	35.0	1.0
83	0.0093	205979.0	91551.0	77396.0	461	-11.0	35.0	7.0	-1.0
84	0.0094	205976.0	91544.0	77351.0	462	-3.0	-7.0	-45.0	1.0
85	0.0095	206022.0	91571.0	77436.0	462	46.0	27.0	85.0	0.0
86	0.0096	205950.0	91590.0	77336.0	463	-72.0	19.0	-100.0	1.0
87	0.0097	205972.0	91595.0	77394.0	463	22.0	5.0	58.0	0.0
88	0.0098	205902.0	91616.0	77331.0	463	-70.0	21.0	-63.0	0.0
89	0.0099	205945.0	91619.0	77329.0	463	43.0	3.0	-2.0	0.0
90	0.01	205836.0	91625.0	77330.0	463	-109.0	6.0	1.0	0.0
91	0.0101	205874.0	91631.0	77300.0	462	38.0	6.0	-30.0	-1.0
92	0.0102	205863.0	91649.0	77387.0	463	-11.0	18.0	87.0	1.0
93	0.0103	205843.0	91651.0	77278.0	464	-20.0	2.0	-109.0	1.0
94	0.0104	205821.0	91652.0	77315.0	464	-22.0	1.0	37.0	0.0
95	0.0105	205729.0	183328.0	77260.0	464	-92.0	91676.0	-55.0	0.0
96	0.0106	205790.0	91677.0	77282.0	463	61.0	-91651.0	22.0	-1.0
97	0.0107	205780.0	91675.0	77307.0	464	-10.0	-2.0	25.0	1.0
98	0.0108	205808.0	91694.0	77252.0	463	28.0	19.0	-55.0	-1.0
99	0.0109	205815.0	91704.0	77350.0	465	7.0	10.0	98.0	2.0
100	0.011	205771.0	91709.0	77260.0	0	-44.0	5.0	-90.0	-465.0
101	0.0111	205800.0	0.0	77314.0	464	29.0	-91709.0	54.0	464.0
102	0.0112	202642.0	91683.0	76087.0	459	-3158.0	91683.0	-1227.0	-5.0
103	0.0113	202629.0	90316.0	76069.0	459	-13.0	-1367.0	-18.0	0.0
104	0.0114	202771.0	90299.0	76176.0	461	142.0	-17.0	107.0	2.0
105	0.0115	202959.0	90428.0	76192.0	464	188.0	129.0	16.0	3.0
106	0.0116	203210.0	90562.0	76350.0	464	251.0	134.0	158.0	0.0
107	0.0117	203444.0	90696.0	76421.0	464	234.0	134.0	71.0	0.0
108	0.0118	203765.0	90805.0	76515.0	463	321.0	109.0	94.0	-1.0
109	0.0119	204005.0	90913.0	76678.0	463	240.0	108.0	163.0	0.0
110	0.012	204192.0	182542.0	76907.0	463	187.0	91629.0	229.0	0.0
111	0.0121	205520.0	92144.0	77210.0	463	1328.0	-90398.0	303.0	0.0
112	0.0122	205678.0	92171.0	77236.0	462	158.0	27.0	26.0	-1.0
113	0.0123	205820.0	92149.0	77256.0	463	142.0	-22.0	20.0	1.0
114	0.0124	205818.0	92106.0	77633.0	460	-2.0	-43.0	377.0	-3.0
115	0.0125	205976.0	92095.0	77613.0	460	158.0	-11.0	-20.0	0.0
116	0.0126	206058.0	92078.0	77714.0	460	82.0	-17.0	101.0	0.0
117	0.0127	206098.0	92038.0	77621.0	461	40.0	-40.0	-93.0	1.0
118	0.0128	206107.0	92000.0	77615.0	461	9.0	-38.0	-6.0	0.0
119	0.0129	206051.0	91980.0	77603.0	461	-56.0	-20.0	-12.0	0.0
120	0.013	206131.0	0.0	77587.0	461	80.0	-91980.0	-16.0	0.0
121	0.0131	206126.0	183888.0	77616.0	461	-5.0	183888.0	29.0	0.0
122	0.0132	206143.0	91924.0	77529.0	462	17.0	-91964.0	-87.0	1.0
123	0.0133	206130.0	0.0	77585.0	462	-13.0	-91924.0	56.0	0.0
124	0.0134	206144.0	91917.0	77534.0	463	14.0	91917.0	-51.0	1.0
125	0.0135	206144.0	91902.0	77533.0	462	0.0	-15.0	-1.0	-1.0
126	0.0136	206131.0	91884.0	77514.0	463	-13.0	-18.0	-19.0	1.0
127	0.0137	206223.0	91873.0	77512.0	460	92.0	-11.0	-2.0	-3.0
128	0.0138	207629.0	91877.0	77556.0	461	1406.0	4.0	44.0	1.0
129	0.0139	207654.0	91877.0	77506.0	460	25.0	0.0	-50.0	-1.0
130	0.014	207594.0	91881.0	77581.0	460	-60.0	4.0	75.0	0.0
131	0.0141	207480.0	91884.0	77503.0	460	-114.0	3.0	-78.0	0.0
132	0.0142	207312.0	91868.0	77531.0	460	-168.0	-16.0	28.0	0.0
133	0.0143	207208.0	91868.0	77519.0	461	-104.0	0.0	-12.0	1.0
134	0.0144	207167.0	91862.0	77542.0	460	-41.0	-6.0	23.0	-1.0
135	0.0145	207137.0	91875.0	77572.0	461	-30.0	13.0	30.0	1.0
136	0.0146	207091.0	91871.0	77500.0	461	-46.0	-4.0	-72.0	0.0
137	0.0147	206971.0	91862.0	77570.0	462	-120.0	-9.0	70.0	1.0
138	0.0148	206885.0	91870.0	77487.0	458	-86.0	8.0	-83.0	-4.0
139	0.0149	206868.0	91861.0	77788.0	458	-17.0	-9.0	301.0	0.0
140	0.015	206848.0	91870.0	77738.0	458	-20.0	9.0	-50.0	0.0
141	0.0151	206680.0	91852.0	77666.0	452	-168.0	-18.0	-72.0	-6.0
142	0.0152	203030.0	91831.0	76276.0	455	-3650.0	-21.0	-1390.0	3.0
143	0.0153	202904.0	90253.0	76039.0	453	-126.0	-1578.0	-237.0	-2.0
144	0.0154	203244.0	90259.0	76475.0	458	340.0	6.0	436.0	5.0
145	0.0155	203541.0	90416.0	75764.0	452	297.0	157.0	-711.0	-6.0
146	0.0156	201547.0	90557.0	76197.0	458	-1994.0	141.0	433.0	6.0
147	0.0157	203848.0	181730.0	77159.0	463	2301.0	91173.0	962.0	5.0
148	0.0158	206447.0	92491.0	78042.0	467	2599.0	-89239.0	883.0	4.0
149	0.0159	208842.0	93495.0	78967.0	472	2395.0	1004.0	925.0	5.0
150	0.016	423860.0	94379.0	79632.0	475	215018.0	884.0	665.0	3.0
151	0.0161	214507.0	95181.0	80358.0	480	-209353.0	802.0	726.0	5.0
152	0.0162	216133.0	95903.0	80893.0	484	1626.0	722.0	535.0	4.0
153	0.0163	217459.0	96555.0	81499.0	487	1326.0	652.0	606.0	3.0
154	0.0164	218772.0	97110.0	130970.0	489	1313.0	555.0	49471.0	2.0
155	0.0165	219819.0	97608.0	82676.0	491	1047.0	498.0	-48294.0	2.0
156	0.0166	220883.0	98060.0	82964.0	493	1064.0	452.0	288.0	2.0
157	0.0167	221763.0	98456.0	117127.0	494	880.0	396.0	34163.0	1.0
158	0.0168	222474.0	98814.0	83688.0	994	711.0	358.0	-33439.0	500.0
