	time	ins	cycle	memory	branchm	ins_d	cycle_d	memory_d	branchm_d
0	0.001	52368.0	28500.0	7724.0	1093.0	0.0	0.0	0.0	0.0
1	0.0011	26635.0	63111.0	18663.0	0.0	-25733.0	34611.0	10939.0	-1093.0
2	0.0012	100453.0	39300.0	54732.0	1311.0	73818.0	-23811.0	36069.0	1311.0
3	0.0013	120103.0	82377.0	58894.0	0.0	19650.0	43077.0	4162.0	-1311.0
4	0.0014	175235.0	94463.0	48882.0	0.0	55132.0	12086.0	-10012.0	0.0
5	0.0015	221516.0	53929.0	86301.0	1215.0	46281.0	-40534.0	37419.0	1215.0
6	0.0016	126262.0	120280.0	68962.0	0.0	-95254.0	66351.0	-17339.0	-1215.0
7	0.0017	278074.0	65552.0	87150.0	0.0	151812.0	-54728.0	18188.0	0.0
8	0.0018	149978.0	68274.0	54190.0	994.0	-128096.0	2722.0	-32960.0	994.0
9	0.0019	141730.0	71340.0	55324.0	0.0	-8248.0	3066.0	1134.0	-994.0
10	0.002	288632.0	67596.0	77075.0	0.0	146902.0	-3744.0	21751.0	0.0
11	0.0021	153947.0	136801.0	93406.0	914.0	-134685.0	69205.0	16331.0	914.0
12	0.0022	160717.0	72726.0	61072.0	0.0	6770.0	-64075.0	-32334.0	-914.0
13	0.0023	165169.0	74723.0	88639.0	852.0	4452.0	1997.0	27567.0	852.0
14	0.0024	346771.0	77116.0	65459.0	0.0	181602.0	2393.0	-23180.0	-852.0
15	0.0025	178997.0	160054.0	66968.0	797.0	-167774.0	82938.0	1509.0	797.0
16	0.0026	183197.0	82477.0	110092.0	753.0	4200.0	-77577.0	43124.0	-44.0
17	0.0027	185630.0	83516.0	70336.0	0.0	2433.0	1039.0	-39756.0	-753.0
18	0.0028	190889.0	84379.0	71336.0	714.0	5259.0	863.0	1000.0	714.0
19	0.0029	192838.0	85146.0	72009.0	684.0	1949.0	767.0	673.0	-30.0
20	0.003	194198.0	85850.0	73119.0	0.0	1360.0	704.0	1110.0	-684.0
21	0.0031	196939.0	87065.0	73592.0	655.0	2741.0	1215.0	473.0	655.0
22	0.0032	196640.0	88209.0	74268.0	626.0	-299.0	1144.0	676.0	-29.0
23	0.0033	198911.0	89223.0	105457.0	0.0	2271.0	1014.0	31189.0	-626.0
24	0.0034	200838.0	89574.0	75645.0	609.0	1927.0	351.0	-29812.0	609.0
25	0.0035	408122.0	89649.0	76478.0	584.0	207284.0	75.0	833.0	-25.0
26	0.0036	205321.0	90402.0	76598.0	571.0	-202801.0	753.0	120.0	-13.0
27	0.0037	205393.0	90587.0	76677.0	0.0	72.0	185.0	79.0	-571.0
28	0.0038	205330.0	90697.0	76984.0	557.0	-63.0	110.0	307.0	557.0
29	0.0039	206945.0	90786.0	77030.0	543.0	1615.0	89.0	46.0	-14.0
30	0.004	206752.0	91471.0	77694.0	534.0	-193.0	685.0	664.0	-9.0
31	0.0041	207765.0	92153.0	78125.0	528.0	1013.0	682.0	431.0	-6.0
32	0.0042	209123.0	92602.0	78262.0	521.0	1358.0	449.0	137.0	-7.0
33	0.0043	208948.0	92400.0	78194.0	512.0	-175.0	-202.0	-68.0	-9.0
34	0.0044	208740.0	92317.0	78347.0	508.0	-208.0	-83.0	153.0	-4.0
35	0.0045	208216.0	92279.0	78554.0	0.0	-524.0	-38.0	207.0	-508.0
36	0.0046	209071.0	185962.0	78833.0	508.0	855.0	93683.0	279.0	508.0
37	0.0047	211919.0	93481.0	79300.0	498.0	2848.0	-92481.0	467.0	-10.0
38	0.0048	211693.0	0.0	79120.0	494.0	-226.0	-93481.0	-180.0	-4.0
39	0.0049	211132.0	93346.0	78995.0	492.0	-561.0	93346.0	-125.0	-2.0
40	0.005	210620.0	186183.0	78782.0	489.0	-512.0	92837.0	-213.0	-3.0
41	0.0051	209829.0	93410.0	78886.0	488.0	-791.0	-92773.0	104.0	-1.0
42	0.0052	209359.0	0.0	78865.0	488.0	-470.0	-93410.0	-21.0	0.0
43	0.0053	210469.0	93674.0	78802.0	485.0	1110.0	93674.0	-63.0	-3.0
44	0.0054	210180.0	92997.0	78636.0	485.0	-289.0	-677.0	-166.0	0.0
45	0.0055	209817.0	92825.0	78528.0	483.0	-363.0	-172.0	-108.0	-2.0
46	0.0056	208134.0	92678.0	78383.0	481.0	-1683.0	-147.0	-145.0	-2.0
47	0.0057	207911.0	93139.0	78320.0	480.0	-223.0	461.0	-63.0	-1.0
48	0.0058	208783.0	93052.0	78473.0	477.0	872.0	-87.0	153.0	-3.0
49	0.0059	0.0	92925.0	78595.0	469.0	-208783.0	-127.0	122.0	-8.0
50	0.006	209547.0	92518.0	77334.0	469.0	209547.0	-407.0	-1261.0	0.0
51	0.0061	411512.0	91302.0	77538.0	471.0	201965.0	-1216.0	204.0	2.0
52	0.0062	207504.0	91633.0	77773.0	470.0	-204008.0	331.0	235.0	-1.0
53	0.0063	0.0	91507.0	77720.0	470.0	-207504.0	-126.0	-53.0	0.0
54	0.0064	207597.0	91527.0	77718.0	470.0	207597.0	20.0	-2.0	0.0
55	0.0065	206172.0	92108.0	77668.0	470.0	-1425.0	581.0	-50.0	0.0
56	0.0066	206045.0	92132.0	77654.0	469.0	-127.0	24.0	-14.0	-1.0
57	0.0067	412139.0	92074.0	77623.0	469.0	206094.0	-58.0	-31.0	0.0
58	0.0068	207608.0	92041.0	77633.0	467.0	-204531.0	-33.0	10.0	-2.0
59	0.0069	207610.0	91518.0	77649.0	0.0	2.0	-523.0	16.0	-467.0
60	0.007	207552.0	91497.0	77624.0	467.0	-58.0	-21.0	-25.0	467.0
61	0.0071	208965.0	91520.0	78009.0	459.0	1413.0	23.0	385.0	-8.0
62	0.0072	208659.0	92122.0	78233.0	461.0	-306.0	602.0	224.0	2.0
63	0.0073	207207.0	92739.0	79044.0	461.0	-1452.0	617.0	811.0	0.0
64	0.0074	207131.0	92555.0	78983.0	462.0	-76.0	-184.0	-61.0	1.0
65	0.0075	209984.0	92479.0	78341.0	462.0	2853.0	-76.0	-642.0	0.0
66	0.0076	209894.0	92422.0	78198.0	462.0	-90.0	-57.0	-143.0	0.0
67	0.0077	209576.0	92350.0	78125.0	462.0	-318.0	-72.0	-73.0	0.0
68	0.0078	207989.0	92283.0	78101.0	462.0	-1587.0	-67.0	-24.0	0.0
69	0.0079	207678.0	92797.0	77972.0	462.0	-311.0	514.0	-129.0	0.0
70	0.008	207552.0	92725.0	77985.0	462.0	-126.0	-72.0	13.0	0.0
71	0.0081	207329.0	92616.0	77858.0	462.0	-223.0	-109.0	-127.0	0.0
72	0.0082	207185.0	92504.0	77828.0	462.0	-144.0	-112.0	-30.0	0.0
73	0.0083	208184.0	92394.0	78015.0	464.0	999.0	-110.0	187.0	2.0
74	0.0084	209532.0	92346.0	78141.0	464.0	1348.0	-48.0	126.0	0.0
75	0.0085	209317.0	92115.0	78094.0	464.0	-215.0	-231.0	-47.0	0.0
76	0.0086	208738.0	92049.0	78255.0	465.0	-579.0	-66.0	161.0	1.0
77	0.0087	208404.0	92587.0	78386.0	465.0	-334.0	538.0	131.0	0.0
78	0.0088	208217.0	92946.0	78266.0	465.0	-187.0	359.0	-120.0	0.0
79	0.0089	207915.0	92856.0	78220.0	465.0	-302.0	-90.0	-46.0	0.0
80	0.009	208808.0	92716.0	78339.0	467.0	893.0	-140.0	119.0	2.0
81	0.0091	210052.0	92619.0	78468.0	467.0	1244.0	-97.0	129.0	0.0
82	0.0092	209805.0	92361.0	78344.0	466.0	-247.0	-258.0	-124.0	-1.0
83	0.0093	209122.0	92264.0	78495.0	467.0	-683.0	-97.0	151.0	1.0
84	0.0094	208674.0	92752.0	78533.0	467.0	-448.0	488.0	38.0	0.0
85	0.0095	208423.0	93102.0	78409.0	467.0	-251.0	350.0	-124.0	0.0
86	0.0096	208113.0	92996.0	78305.0	466.0	-310.0	-106.0	-104.0	-1.0
87	0.0097	209039.0	92841.0	78435.0	467.0	926.0	-155.0	130.0	1.0
88	0.0098	210215.0	92713.0	78556.0	467.0	1176.0	-128.0	121.0	0.0
89	0.0099	0.0	92449.0	78370.0	461.0	-210215.0	-264.0	-186.0	-6.0
90	0.01	209718.0	92315.0	77287.0	461.0	209718.0	-134.0	-1083.0	0.0
91	0.0101	205530.0	91532.0	77140.0	461.0	-4188.0	-783.0	-147.0	0.0
92	0.0102	205272.0	91453.0	77196.0	461.0	-258.0	-79.0	56.0	0.0
93	0.0103	205300.0	91464.0	77204.0	462.0	28.0	11.0	8.0	1.0
94	0.0104	205395.0	91489.0	77235.0	462.0	95.0	25.0	31.0	0.0
95	0.0105	205522.0	91507.0	77226.0	463.0	127.0	18.0	-9.0	1.0
96	0.0106	205428.0	91518.0	77197.0	462.0	-94.0	11.0	-29.0	-1.0
97	0.0107	205505.0	91507.0	77290.0	463.0	77.0	-11.0	93.0	1.0
98	0.0108	205562.0	91529.0	77231.0	460.0	57.0	22.0	-59.0	-3.0
99	0.0109	205551.0	91530.0	77520.0	464.0	-11.0	1.0	289.0	4.0
100	0.011	205698.0	91553.0	77307.0	462.0	147.0	23.0	-213.0	-2.0
101	0.0111	412617.0	91555.0	77772.0	464.0	206919.0	2.0	465.0	2.0
102	0.0112	208280.0	91570.0	77973.0	463.0	-204337.0	15.0	201.0	-1.0
103	0.0113	0.0	91445.0	77944.0	464.0	-208280.0	-125.0	-29.0	1.0
104	0.0114	208416.0	91464.0	77943.0	464.0	208416.0	19.0	-1.0	0.0
105	0.0115	206877.0	92056.0	77828.0	464.0	-1539.0	592.0	-115.0	0.0
106	0.0116	206673.0	92077.0	77857.0	464.0	-204.0	21.0	29.0	0.0
107	0.0117	206631.0	92030.0	77752.0	465.0	-42.0	-47.0	-105.0	1.0
108	0.0118	206554.0	91998.0	77744.0	465.0	-77.0	-32.0	-8.0	0.0
109	0.0119	206504.0	91957.0	77673.0	464.0	-50.0	-41.0	-71.0	-1.0
110	0.012	206428.0	91920.0	77655.0	464.0	-76.0	-37.0	-18.0	0.0
111	0.0121	206409.0	91870.0	77608.0	464.0	-19.0	-50.0	-47.0	0.0
112	0.0122	206305.0	91852.0	77580.0	465.0	-104.0	-18.0	-28.0	1.0
113	0.0123	206306.0	91832.0	77601.0	464.0	1.0	-20.0	21.0	-1.0
114	0.0124	206287.0	91827.0	77554.0	465.0	-19.0	-5.0	-47.0	1.0
115	0.0125	206406.0	91834.0	77589.0	464.0	119.0	7.0	35.0	-1.0
116	0.0126	206307.0	91798.0	77507.0	465.0	-99.0	-36.0	-82.0	1.0
117	0.0127	206183.0	91774.0	77515.0	464.0	-124.0	-24.0	8.0	-1.0
118	0.0128	206193.0	91757.0	77448.0	464.0	10.0	-17.0	-67.0	0.0
119	0.0129	206081.0	91740.0	77463.0	463.0	-112.0	-17.0	15.0	-1.0
120	0.013	206141.0	91722.0	77492.0	0.0	60.0	-18.0	29.0	-463.0
121	0.0131	412478.0	91722.0	77464.0	464.0	206337.0	0.0	-28.0	464.0
122	0.0132	209274.0	91730.0	77544.0	459.0	-203204.0	8.0	80.0	-5.0
123	0.0133	209313.0	91726.0	77823.0	457.0	39.0	-4.0	279.0	-2.0
124	0.0134	0.0	91737.0	78133.0	458.0	-209313.0	11.0	310.0	1.0
125	0.0135	208876.0	92301.0	78555.0	459.0	208876.0	564.0	422.0	1.0
126	0.0136	207357.0	92713.0	78521.0	459.0	-1519.0	412.0	-34.0	0.0
127	0.0137	207190.0	92658.0	78135.0	460.0	-167.0	-55.0	-386.0	1.0
128	0.0138	208354.0	92554.0	77722.0	468.0	1164.0	-104.0	-413.0	8.0
129	0.0139	207024.0	92460.0	46128.0	465.0	-1330.0	-94.0	-31594.0	-3.0
130	0.014	207971.0	92303.0	76804.0	460.0	947.0	-157.0	30676.0	-5.0
131	0.0141	203004.0	90520.0	107374.0	455.0	-4967.0	-1783.0	30570.0	-5.0
132	0.0142	204206.0	90457.0	76843.0	457.0	1202.0	-63.0	-30531.0	2.0
133	0.0143	205736.0	90601.0	77106.0	457.0	1530.0	144.0	263.0	0.0
134	0.0144	207412.0	90569.0	45935.0	458.0	1676.0	-32.0	-31171.0	1.0
135	0.0145	206083.0	91251.0	107543.0	454.0	-1329.0	682.0	61608.0	-4.0
136	0.0146	203893.0	90508.0	77177.0	459.0	-2190.0	-743.0	-30366.0	5.0
137	0.0147	414340.0	91473.0	78032.0	464.0	210447.0	965.0	855.0	5.0
138	0.0148	210541.0	186058.0	78879.0	468.0	-203799.0	94585.0	847.0	4.0
139	0.0149	212418.0	94391.0	79631.0	472.0	1877.0	-91667.0	752.0	4.0
140	0.015	214145.0	95172.0	80267.0	476.0	1727.0	781.0	636.0	4.0
141	0.0151	215668.0	95872.0	80884.0	963.0	1523.0	700.0	617.0	487.0
142	0.0152	217177.0	96489.0	130177.0	486.0	1509.0	617.0	49293.0	-477.0
143	0.0153	218373.0	97058.0	82203.0	489.0	1196.0	569.0	-47974.0	3.0
144	0.0154	219603.0	97560.0	82947.0	491.0	1230.0	502.0	744.0	2.0
145	0.0155	220428.0	98016.0	83265.0	495.0	825.0	456.0	318.0	4.0
146	0.0156	222825.0	98837.0	83764.0	496.0	2397.0	821.0	499.0	1.0
147	0.0157	223663.0	99180.0	83946.0	496.0	838.0	343.0	182.0	0.0
148	0.0158	224144.0	99440.0	84242.0	498.0	481.0	260.0	296.0	2.0
149	0.0159	224714.0	99653.0	84382.0	499.0	570.0	213.0	140.0	1.0
150	0.016	225146.0	99869.0	84536.0	499.0	432.0	216.0	154.0	0.0
151	0.0161	225561.0	100049.0	84765.0	502.0	415.0	180.0	229.0	3.0
152	0.0162	225953.0	100192.0	84812.0	502.0	392.0	143.0	47.0	0.0
153	0.0163	226241.0	100342.0	84943.0	502.0	288.0	150.0	131.0	0.0
154	0.0164	226505.0	100451.0	85126.0	504.0	264.0	109.0	183.0	2.0
155	0.0165	226890.0	100583.0	85167.0	504.0	385.0	132.0	41.0	0.0
156	0.0166	227062.0	100693.0	85271.0	504.0	172.0	110.0	104.0	0.0
157	0.0167	227327.0	100793.0	85406.0	507.0	265.0	100.0	135.0	3.0
158	0.0168	227571.0	100883.0	85397.0	507.0	244.0	90.0	-9.0	0.0
159	0.0169	227661.0	100956.0	85461.0	507.0	90.0	73.0	64.0	0.0
160	0.017	227747.0	101003.0	85586.0	507.0	86.0	47.0	125.0	0.0
161	0.0171	227957.0	101049.0	85589.0	508.0	210.0	46.0	3.0	1.0
162	0.0172	228083.0	101113.0	85625.0	508.0	126.0	64.0	36.0	0.0
163	0.0173	228082.0	101158.0	85734.0	508.0	-1.0	45.0	109.0	0.0
164	0.0174	228256.0	101188.0	85726.0	1019.0	174.0	30.0	-8.0	511.0
