	time	ins	cycle	memory	branchm	ins_d	cycle_d	memory_d	branchm_d
0	0.001	50798.0	61835	9832.0	971.0	0.0	0.0	0.0	0.0
1	0.0011	30090.0	34472	36777.0	0.0	-20708.0	-27363.0	26945.0	-971.0
2	0.0012	121437.0	79155	46053.0	1181.0	91347.0	44683.0	9276.0	1181.0
3	0.0013	141648.0	42319	63445.0	0.0	20211.0	-36836.0	17392.0	-1181.0
4	0.0014	188634.0	95367	79837.0	0.0	46986.0	53048.0	16392.0	0.0
5	0.0015	232949.0	111743	64427.0	1095.0	44315.0	16376.0	-15410.0	1095.0
6	0.0016	131318.0	62282	84003.0	0.0	-101631.0	-49461.0	19576.0	-1095.0
7	0.0017	287118.0	65333	77870.0	1008.0	155800.0	3051.0	-6133.0	1008.0
8	0.0018	156402.0	139125	59287.0	0.0	-130716.0	73792.0	-18583.0	-1008.0
9	0.0019	163001.0	73983	61303.0	0.0	6599.0	-65142.0	2016.0	0.0
10	0.002	340349.0	75911	128653.0	934.0	177348.0	1928.0	67350.0	934.0
11	0.0021	177986.0	78191	66912.0	0.0	-162363.0	2280.0	-61741.0	-934.0
12	0.0022	180968.0	79686	68324.0	870.0	2982.0	1495.0	1412.0	870.0
13	0.0023	184982.0	164865	69456.0	0.0	4014.0	85179.0	1132.0	-870.0
14	0.0024	187139.0	84258	70560.0	816.0	2157.0	-80607.0	1104.0	816.0
15	0.0025	190452.0	85635	71473.0	770.0	3313.0	1377.0	913.0	-46.0
16	0.0026	192063.0	86324	72379.0	0.0	1611.0	689.0	906.0	-770.0
17	0.0027	194950.0	87497	73173.0	729.0	2887.0	1173.0	794.0	729.0
18	0.0028	196269.0	88004	73980.0	0.0	1319.0	507.0	807.0	-729.0
19	0.0029	198647.0	88971	74524.0	692.0	2378.0	967.0	544.0	692.0
20	0.003	199528.0	89339	105791.0	660.0	881.0	368.0	31267.0	-32.0
21	0.0031	201741.0	89600	75768.0	0.0	2213.0	261.0	-30023.0	-660.0
22	0.0032	189697.0	85533	42281.0	596.0	-12044.0	-4067.0	-33487.0	596.0
23	0.0033	183871.0	82950	70001.0	563.0	-5826.0	-2583.0	27720.0	-33.0
24	0.0034	186439.0	83504	69597.0	0.0	2568.0	554.0	-404.0	-563.0
25	0.0035	188813.0	85111	70202.0	549.0	2374.0	1607.0	605.0	549.0
26	0.0036	381858.0	85825	143222.0	535.0	193045.0	714.0	73020.0	-14.0
27	0.0037	194581.0	86448	72628.0	522.0	-187277.0	623.0	-70594.0	-13.0
28	0.0038	195897.0	87576	73090.0	516.0	1316.0	1128.0	462.0	-6.0
29	0.0039	196759.0	88067	73434.0	512.0	862.0	491.0	344.0	-4.0
30	0.004	197545.0	88440	74117.0	502.0	786.0	373.0	683.0	-10.0
31	0.0041	198413.0	88779	74720.0	495.0	868.0	339.0	603.0	-7.0
32	0.0042	200408.0	89081	74939.0	0.0	1995.0	302.0	219.0	-495.0
33	0.0043	201088.0	89356	75165.0	492.0	680.0	275.0	226.0	492.0
34	0.0044	201717.0	89606	75435.0	487.0	629.0	250.0	270.0	-5.0
35	0.0045	201951.0	90398	75558.0	485.0	234.0	792.0	123.0	-2.0
36	0.0046	202265.0	90568	75667.0	485.0	314.0	170.0	109.0	0.0
37	0.0047	202473.0	90702	75817.0	482.0	208.0	134.0	150.0	-3.0
38	0.0048	202697.0	90779	75908.0	481.0	224.0	77.0	91.0	-1.0
39	0.0049	203139.0	90855	76391.0	477.0	442.0	76.0	483.0	-4.0
40	0.005	203285.0	90947	76493.0	477.0	146.0	92.0	102.0	0.0
41	0.0051	203505.0	91017	76520.0	473.0	220.0	70.0	27.0	-4.0
42	0.0052	203646.0	91087	76861.0	472.0	141.0	70.0	341.0	-1.0
43	0.0053	203686.0	91115	76829.0	472.0	40.0	28.0	-32.0	0.0
44	0.0054	203866.0	91161	76848.0	471.0	180.0	46.0	19.0	-1.0
45	0.0055	203985.0	91217	76878.0	471.0	119.0	56.0	30.0	0.0
46	0.0056	204053.0	91265	76853.0	471.0	68.0	48.0	-25.0	0.0
47	0.0057	204251.0	91303	76959.0	468.0	198.0	38.0	106.0	-3.0
48	0.0058	205747.0	91356	76919.0	468.0	1496.0	53.0	-40.0	0.0
49	0.0059	205931.0	91393	76975.0	468.0	184.0	37.0	56.0	0.0
50	0.006	205777.0	91434	76967.0	468.0	-154.0	41.0	-8.0	0.0
51	0.0061	205682.0	91462	76943.0	466.0	-95.0	28.0	-24.0	-2.0
52	0.0062	205708.0	91479	76976.0	466.0	26.0	17.0	33.0	0.0
53	0.0063	205524.0	91489	76938.0	466.0	-184.0	10.0	-38.0	0.0
54	0.0064	205664.0	91489	77022.0	467.0	140.0	0.0	84.0	1.0
55	0.0065	205579.0	91527	77030.0	466.0	-85.0	38.0	8.0	-1.0
56	0.0066	205624.0	91535	77025.0	467.0	45.0	8.0	-5.0	1.0
57	0.0067	205528.0	183116	77057.0	464.0	-96.0	91581.0	32.0	-3.0
58	0.0068	205489.0	92125	77008.0	464.0	-39.0	-90991.0	-49.0	0.0
59	0.0069	205541.0	92135	77112.0	464.0	52.0	10.0	104.0	0.0
60	0.007	205487.0	92085	77066.0	0.0	-54.0	-50.0	-46.0	-464.0
61	0.0071	205602.0	92053	77037.0	464.0	115.0	-32.0	-29.0	464.0
62	0.0072	205195.0	0	76348.0	464.0	-407.0	-92053.0	-689.0	0.0
63	0.0073	202223.0	91841	75844.0	459.0	-2972.0	91841.0	-504.0	-5.0
64	0.0074	202178.0	90570	75937.0	459.0	-45.0	-1271.0	93.0	0.0
65	0.0075	202374.0	90529	75983.0	459.0	196.0	-41.0	46.0	0.0
66	0.0076	202737.0	90619	76121.0	460.0	363.0	90.0	138.0	1.0
67	0.0077	202859.0	90727	76211.0	459.0	122.0	108.0	90.0	-1.0
68	0.0078	203210.0	90795	76288.0	460.0	351.0	68.0	77.0	1.0
69	0.0079	203500.0	90903	76446.0	459.0	290.0	108.0	158.0	-1.0
70	0.008	203612.0	90992	76475.0	459.0	112.0	89.0	29.0	0.0
71	0.0081	203890.0	91047	76525.0	459.0	278.0	55.0	50.0	0.0
72	0.0082	203911.0	91115	76579.0	460.0	21.0	68.0	54.0	1.0
73	0.0083	204015.0	91143	76596.0	459.0	104.0	28.0	17.0	-1.0
74	0.0084	204330.0	91188	77073.0	457.0	315.0	45.0	477.0	-2.0
75	0.0085	204472.0	91250	77100.0	457.0	142.0	62.0	27.0	0.0
76	0.0086	204642.0	91293	77115.0	457.0	170.0	43.0	15.0	0.0
77	0.0087	204642.0	91340	77122.0	457.0	0.0	47.0	7.0	0.0
78	0.0088	204752.0	91357	77104.0	455.0	110.0	17.0	-18.0	-2.0
79	0.0089	204893.0	91380	77424.0	459.0	141.0	23.0	320.0	4.0
80	0.009	204909.0	91393	77173.0	456.0	16.0	13.0	-251.0	-3.0
81	0.0091	205057.0	91397	77413.0	457.0	148.0	4.0	240.0	1.0
82	0.0092	205045.0	91429	77404.0	456.0	-12.0	32.0	-9.0	-1.0
83	0.0093	205175.0	91429	77380.0	457.0	130.0	0.0	-24.0	1.0
84	0.0094	205222.0	91461	77412.0	457.0	47.0	32.0	32.0	0.0
85	0.0095	205268.0	91477	77339.0	457.0	46.0	16.0	-73.0	0.0
86	0.0096	205341.0	91511	77401.0	457.0	73.0	34.0	62.0	0.0
87	0.0097	205285.0	91525	77324.0	457.0	-56.0	14.0	-77.0	0.0
88	0.0098	205417.0	91541	77354.0	457.0	132.0	16.0	30.0	0.0
89	0.0099	205447.0	91567	77341.0	457.0	30.0	26.0	-13.0	0.0
90	0.01	205474.0	91581	77309.0	456.0	27.0	14.0	-32.0	-1.0
91	0.0101	205543.0	91581	77341.0	456.0	69.0	0.0	32.0	0.0
92	0.0102	205573.0	91581	77308.0	456.0	30.0	0.0	-33.0	0.0
93	0.0103	205741.0	91588	77381.0	456.0	168.0	7.0	73.0	0.0
94	0.0104	205586.0	91595	77303.0	458.0	-155.0	7.0	-78.0	2.0
95	0.0105	205596.0	91593	77301.0	458.0	10.0	-2.0	-2.0	0.0
96	0.0106	205487.0	91599	77247.0	459.0	-109.0	6.0	-54.0	1.0
97	0.0107	205385.0	91598	77205.0	459.0	-102.0	-1.0	-42.0	0.0
98	0.0108	205365.0	91591	77215.0	459.0	-20.0	-7.0	10.0	0.0
99	0.0109	205391.0	91592	77164.0	457.0	26.0	1.0	-51.0	-2.0
100	0.011	206905.0	91595	77238.0	457.0	1514.0	3.0	74.0	0.0
101	0.0111	206828.0	91616	77178.0	462.0	-77.0	21.0	-60.0	5.0
102	0.0112	205413.0	91596	76284.0	453.0	-1415.0	-20.0	-894.0	-9.0
103	0.0113	201157.0	91569	75612.0	454.0	-4256.0	-27.0	-672.0	1.0
104	0.0114	201050.0	89823	75642.0	455.0	-107.0	-1746.0	30.0	1.0
105	0.0115	201541.0	89823	75844.0	453.0	491.0	0.0	202.0	-2.0
106	0.0116	203276.0	90014	75934.0	454.0	1735.0	191.0	90.0	1.0
107	0.0117	203758.0	90194	76095.0	454.0	482.0	180.0	161.0	0.0
108	0.0118	203996.0	90352	76236.0	456.0	238.0	158.0	141.0	2.0
109	0.0119	204132.0	90496	76273.0	456.0	136.0	144.0	37.0	0.0
110	0.012	204274.0	90601	76386.0	457.0	142.0	105.0	113.0	1.0
111	0.0121	204274.0	90707	76434.0	458.0	0.0	106.0	48.0	1.0
112	0.0122	204346.0	90799	76481.0	457.0	72.0	92.0	47.0	-1.0
113	0.0123	204460.0	90877	76557.0	459.0	114.0	78.0	76.0	2.0
114	0.0124	204483.0	90951	76575.0	459.0	23.0	74.0	18.0	0.0
115	0.0125	204696.0	91012	76658.0	459.0	213.0	61.0	83.0	0.0
116	0.0126	204651.0	91071	76672.0	459.0	-45.0	59.0	14.0	0.0
117	0.0127	204715.0	91128	76718.0	459.0	64.0	57.0	46.0	0.0
118	0.0128	204787.0	91188	76784.0	459.0	72.0	60.0	66.0	0.0
119	0.0129	204786.0	91242	76780.0	0.0	-1.0	54.0	-4.0	-459.0
120	0.013	205005.0	182640	76892.0	459.0	219.0	91398.0	112.0	459.0
121	0.0131	205067.0	91958	76937.0	914.0	62.0	-90682.0	45.0	455.0
122	0.0132	205184.0	92001	76963.0	0.0	117.0	43.0	26.0	-914.0
123	0.0133	205187.0	0	77014.0	459.0	3.0	-92001.0	51.0	459.0
124	0.0134	205268.0	91968	77010.0	459.0	81.0	91968.0	-4.0	0.0
125	0.0135	205450.0	91944	77121.0	460.0	182.0	-24.0	111.0	1.0
126	0.0136	205348.0	91923	77089.0	460.0	-102.0	-21.0	-32.0	0.0
127	0.0137	205518.0	91883	77127.0	461.0	170.0	-40.0	38.0	1.0
128	0.0138	205514.0	91881	77132.0	460.0	-4.0	-2.0	5.0	-1.0
129	0.0139	205466.0	91854	77101.0	460.0	-48.0	-27.0	-31.0	0.0
130	0.014	205467.0	91835	77138.0	460.0	1.0	-19.0	37.0	0.0
131	0.0141	205372.0	91808	77078.0	460.0	-95.0	-27.0	-60.0	0.0
132	0.0142	205488.0	91782	77115.0	460.0	116.0	-26.0	37.0	0.0
133	0.0143	205361.0	91781	77114.0	460.0	-127.0	-1.0	-1.0	0.0
134	0.0144	205392.0	91768	77120.0	460.0	31.0	-13.0	6.0	0.0
135	0.0145	205478.0	91767	77143.0	460.0	86.0	-1.0	23.0	0.0
136	0.0146	205423.0	91764	77094.0	461.0	-55.0	-3.0	-49.0	1.0
137	0.0147	205493.0	91753	77167.0	460.0	70.0	-11.0	73.0	-1.0
138	0.0148	205376.0	91751	77092.0	461.0	-117.0	-2.0	-75.0	1.0
139	0.0149	205369.0	91735	77117.0	461.0	-7.0	-16.0	25.0	0.0
140	0.015	205384.0	91735	77093.0	462.0	15.0	0.0	-24.0	1.0
141	0.0151	205358.0	91734	77073.0	462.0	-26.0	-1.0	-20.0	0.0
142	0.0152	205281.0	91720	76218.0	454.0	-77.0	-14.0	-855.0	-8.0
143	0.0153	201163.0	91659	75508.0	455.0	-4118.0	-61.0	-710.0	1.0
144	0.0154	201180.0	89946	75599.0	454.0	17.0	-1713.0	91.0	-1.0
145	0.0155	201369.0	89922	75681.0	456.0	189.0	-24.0	82.0	2.0
146	0.0156	199580.0	90047	75456.0	451.0	-1789.0	125.0	-225.0	-5.0
147	0.0157	202201.0	89422	76467.0	455.0	2621.0	-625.0	1011.0	4.0
148	0.0158	204808.0	182192	77369.0	460.0	2607.0	92770.0	902.0	5.0
149	0.0159	207260.0	92715	78211.0	464.0	2452.0	-89477.0	842.0	4.0
150	0.016	209296.0	93630	78979.0	468.0	2036.0	915.0	768.0	4.0
151	0.0161	211266.0	94496	79653.0	472.0	1970.0	866.0	674.0	4.0
152	0.0162	213134.0	95264	80374.0	478.0	1868.0	768.0	721.0	6.0
153	0.0163	214713.0	95946	80854.0	964.0	1579.0	682.0	480.0	486.0
154	0.0164	216192.0	96546	81454.0	487.0	1479.0	600.0	600.0	-477.0
155	0.0165	217489.0	97107	81846.0	490.0	1297.0	561.0	392.0	3.0
156	0.0166	218627.0	97587	82321.0	493.0	1138.0	480.0	475.0	3.0
157	0.0167	219671.0	98018	82633.0	494.0	1044.0	431.0	312.0	1.0
158	0.0168	220452.0	98393	132532.0	496.0	781.0	375.0	49899.0	2.0
159	0.0169	221373.0	98754	117203.0	494.0	921.0	361.0	-15329.0	-2.0
160	0.017	222036.0	99037	84073.0	495.0	663.0	283.0	-33130.0	1.0
161	0.0171	446268.0	99311	84230.0	501.0	224232.0	274.0	157.0	6.0
162	0.0172	223939.0	99565	84200.0	499.0	-222329.0	254.0	-30.0	-2.0
163	0.0173	224579.0	99788	84648.0	501.0	640.0	223.0	448.0	2.0
164	0.0174	224988.0	99994	84732.0	502.0	409.0	206.0	84.0	1.0
165	0.0175	225342.0	100175	84890.0	502.0	354.0	181.0	158.0	0.0
166	0.0176	225875.0	100337	85062.0	502.0	533.0	162.0	172.0	0.0
