	time	ins	cycle	memory	branchm	ins_d	cycle_d	memory_d	branchm_d
0	0.001	28984.0	34147	35289.0	0.0	0.0	0.0	0.0	0.0
1	0.0011	107233.0	79745	32755.0	1180.0	78249.0	45598.0	-2534.0	1180.0
2	0.0012	205616.0	87110	61327.0	0.0	98383.0	7365.0	28572.0	-1180.0
3	0.0013	212268.0	50137	77427.0	0.0	6652.0	-36973.0	16100.0	0.0
4	0.0014	124231.0	112258	63638.0	1102.0	-88037.0	62121.0	-13789.0	1102.0
5	0.0015	270426.0	62485	104648.0	0.0	146195.0	-49773.0	41010.0	-1102.0
6	0.0016	146603.0	134390	56519.0	1015.0	-123823.0	71905.0	-48129.0	1015.0
7	0.0017	156218.0	71979	58890.0	0.0	9615.0	-62411.0	2371.0	-1015.0
8	0.0018	329010.0	74097	98782.0	941.0	172792.0	2118.0	39892.0	941.0
9	0.0019	171327.0	76577	90781.0	0.0	-157683.0	2480.0	-8001.0	-941.0
10	0.002	175030.0	78876	66607.0	877.0	3703.0	2299.0	-24174.0	877.0
11	0.0021	179719.0	162472	68294.0	0.0	4689.0	83596.0	1687.0	-877.0
12	0.0022	184065.0	83224	69532.0	821.0	4346.0	-79248.0	1238.0	821.0
13	0.0023	186447.0	84734	70649.0	0.0	2382.0	1510.0	1117.0	-821.0
14	0.0024	386109.0	85962	71551.0	775.0	199662.0	1228.0	902.0	775.0
15	0.0025	197360.0	87194	116442.0	0.0	-188749.0	1232.0	44891.0	-775.0
16	0.0026	197158.0	87750	104190.0	734.0	-202.0	556.0	-12252.0	734.0
17	0.0027	199411.0	88777	75066.0	696.0	2253.0	1027.0	-29124.0	-38.0
18	0.0028	200294.0	89148	75658.0	0.0	883.0	371.0	592.0	-696.0
19	0.0029	200971.0	90008	75959.0	665.0	677.0	860.0	301.0	665.0
20	0.003	202960.0	90266	76550.0	639.0	1989.0	258.0	591.0	-26.0
21	0.0031	204668.0	90867	77541.0	0.0	1708.0	601.0	991.0	-639.0
22	0.0032	206412.0	90981	77920.0	613.0	1744.0	114.0	379.0	613.0
23	0.0033	208114.0	91083	77382.0	596.0	1702.0	102.0	-538.0	-17.0
24	0.0034	206802.0	91717	77959.0	578.0	-1312.0	634.0	577.0	-18.0
25	0.0035	206659.0	92363	77925.0	0.0	-143.0	646.0	-34.0	-578.0
26	0.0036	208096.0	92376	78152.0	561.0	1437.0	13.0	227.0	561.0
27	0.0037	209507.0	92325	77897.0	551.0	1411.0	-51.0	-255.0	-10.0
28	0.0038	209348.0	92224	78501.0	537.0	-159.0	-101.0	604.0	-14.0
29	0.0039	207695.0	92140	78672.0	529.0	-1653.0	-84.0	171.0	-8.0
30	0.004	207459.0	92091	78252.0	522.0	-236.0	-49.0	-420.0	-7.0
31	0.0041	207272.0	92611	78195.0	0.0	-187.0	520.0	-57.0	-522.0
32	0.0042	210284.0	92567	78066.0	512.0	3012.0	-44.0	-129.0	512.0
33	0.0043	208846.0	92491	78307.0	507.0	-1438.0	-76.0	241.0	-5.0
34	0.0044	203829.0	92411	76424.0	498.0	-5017.0	-80.0	-1883.0	-9.0
35	0.0045	199560.0	90901	74874.0	485.0	-4269.0	-1510.0	-1550.0	-13.0
36	0.0046	199710.0	89101	75229.0	478.0	150.0	-1800.0	355.0	-7.0
37	0.0047	201843.0	89723	75277.0	477.0	2133.0	622.0	48.0	-1.0
38	0.0048	201053.0	89962	75754.0	475.0	-790.0	239.0	477.0	-2.0
39	0.0049	201456.0	90133	75869.0	475.0	403.0	171.0	115.0	0.0
40	0.005	201930.0	90308	76365.0	475.0	474.0	175.0	496.0	0.0
41	0.0051	203447.0	90340	76934.0	476.0	1517.0	32.0	569.0	1.0
42	0.0052	205297.0	90449	76785.0	471.0	1850.0	109.0	-149.0	-5.0
43	0.0053	204284.0	90574	77372.0	471.0	-1013.0	125.0	587.0	0.0
44	0.0054	206933.0	91108	77820.0	469.0	2649.0	534.0	448.0	-2.0
45	0.0055	208707.0	91195	77665.0	472.0	1774.0	87.0	-155.0	3.0
46	0.0056	209710.0	91708	78035.0	472.0	1003.0	513.0	370.0	0.0
47	0.0057	210501.0	92158	78054.0	472.0	791.0	450.0	19.0	0.0
48	0.0058	208838.0	92700	78260.0	471.0	-1663.0	542.0	206.0	-1.0
49	0.0059	208459.0	92631	78445.0	472.0	-379.0	-69.0	185.0	1.0
50	0.006	209223.0	92423	78874.0	472.0	764.0	-208.0	429.0	0.0
51	0.0061	210509.0	92298	78523.0	471.0	1286.0	-125.0	-351.0	-1.0
52	0.0062	208940.0	92227	78663.0	472.0	-1569.0	-71.0	140.0	1.0
53	0.0063	209637.0	92607	78901.0	473.0	697.0	380.0	238.0	1.0
54	0.0064	210399.0	92959	79225.0	474.0	762.0	352.0	324.0	1.0
55	0.0065	212665.0	93304	79266.0	475.0	2266.0	345.0	41.0	1.0
56	0.0066	212029.0	93149	79574.0	475.0	-636.0	-155.0	308.0	0.0
57	0.0067	211427.0	93407	79565.0	473.0	-602.0	258.0	-9.0	-2.0
58	0.0068	210940.0	93271	79119.0	0.0	-487.0	-136.0	-446.0	-473.0
59	0.0069	211865.0	93641	78740.0	473.0	925.0	370.0	-379.0	473.0
60	0.007	211412.0	93489	78577.0	472.0	-453.0	-152.0	-163.0	-1.0
61	0.0071	210929.0	93292	78768.0	472.0	-483.0	-197.0	191.0	0.0
62	0.0072	209239.0	92628	78896.0	470.0	-1690.0	-664.0	128.0	-2.0
63	0.0073	208828.0	92492	78807.0	470.0	-411.0	-136.0	-89.0	0.0
64	0.0074	208704.0	92413	78637.0	469.0	-124.0	-79.0	-170.0	-1.0
65	0.0075	209537.0	93394	78707.0	472.0	833.0	981.0	70.0	3.0
66	0.0076	210809.0	93314	79055.0	469.0	1272.0	-80.0	348.0	-3.0
67	0.0077	210185.0	93057	79636.0	471.0	-624.0	-257.0	581.0	2.0
68	0.0078	212464.0	93302	79644.0	469.0	2279.0	245.0	8.0	-2.0
69	0.0079	210803.0	93719	79722.0	470.0	-1661.0	417.0	78.0	1.0
70	0.008	211712.0	187392	79285.0	470.0	909.0	93673.0	-437.0	0.0
71	0.0081	210936.0	0	79482.0	470.0	-776.0	-187392.0	197.0	0.0
72	0.0082	211860.0	94184	79043.0	469.0	924.0	94184.0	-439.0	-1.0
73	0.0083	210000.0	93978	79125.0	470.0	-1860.0	-206.0	82.0	1.0
74	0.0084	210794.0	93700	78983.0	469.0	794.0	-278.0	-142.0	-1.0
75	0.0085	206162.0	92949	77642.0	462.0	-4632.0	-751.0	-1341.0	-7.0
76	0.0086	207211.0	91808	77251.0	461.0	1049.0	-1141.0	-391.0	-1.0
77	0.0087	205969.0	91695	77520.0	461.0	-1242.0	-113.0	269.0	0.0
78	0.0088	205828.0	91699	77499.0	462.0	-141.0	4.0	-21.0	1.0
79	0.0089	205893.0	91683	77493.0	463.0	65.0	-16.0	-6.0	1.0
80	0.009	207275.0	91688	77606.0	465.0	1382.0	5.0	113.0	2.0
81	0.0091	208484.0	91564	78023.0	465.0	1209.0	-124.0	417.0	0.0
82	0.0092	207109.0	91554	78289.0	464.0	-1375.0	-10.0	266.0	-1.0
83	0.0093	208417.0	91555	77710.0	464.0	1308.0	1.0	-579.0	0.0
84	0.0094	206984.0	92126	77903.0	464.0	-1433.0	571.0	193.0	0.0
85	0.0095	208127.0	92134	77621.0	465.0	1143.0	8.0	-282.0	1.0
86	0.0096	206789.0	92084	77839.0	464.0	-1338.0	-50.0	218.0	-1.0
87	0.0097	207721.0	92036	78033.0	466.0	932.0	-48.0	194.0	2.0
88	0.0098	208974.0	92410	77921.0	466.0	1253.0	374.0	-112.0	0.0
89	0.0099	208750.0	92342	77854.0	466.0	-224.0	-68.0	-67.0	0.0
90	0.01	208451.0	92268	77775.0	466.0	-299.0	-74.0	-79.0	0.0
91	0.0101	206934.0	92198	78005.0	466.0	-1517.0	-70.0	230.0	0.0
92	0.0102	206851.0	92144	77927.0	467.0	-83.0	-54.0	-78.0	1.0
93	0.0103	206656.0	92098	77931.0	466.0	-195.0	-46.0	4.0	-1.0
94	0.0104	207961.0	92042	77959.0	469.0	1305.0	-56.0	28.0	3.0
95	0.0105	209040.0	91885	78352.0	469.0	1079.0	-157.0	393.0	0.0
96	0.0106	208773.0	91820	77963.0	469.0	-267.0	-65.0	-389.0	0.0
97	0.0107	207302.0	92329	78103.0	467.0	-1471.0	509.0	140.0	-2.0
98	0.0108	207007.0	92314	78048.0	467.0	-295.0	-15.0	-55.0	0.0
99	0.0109	208293.0	92247	77775.0	466.0	1286.0	-67.0	-273.0	-1.0
100	0.011	206941.0	92172	77960.0	466.0	-1352.0	-75.0	185.0	0.0
101	0.0111	208219.0	92125	77702.0	466.0	1278.0	-47.0	-258.0	0.0
102	0.0112	206821.0	92077	77963.0	468.0	-1398.0	-48.0	261.0	2.0
103	0.0113	207957.0	92024	77640.0	468.0	1136.0	-53.0	-323.0	0.0
104	0.0114	207850.0	91973	77619.0	468.0	-107.0	-51.0	-21.0	0.0
105	0.0115	207586.0	91942	77542.0	468.0	-264.0	-31.0	-77.0	0.0
106	0.0116	207476.0	91903	77555.0	467.0	-110.0	-39.0	13.0	-1.0
107	0.0117	206151.0	91889	77775.0	461.0	-1325.0	-14.0	220.0	-6.0
108	0.0118	207529.0	91871	77999.0	461.0	1378.0	-18.0	224.0	0.0
109	0.0119	207551.0	91846	78000.0	461.0	22.0	-25.0	1.0	0.0
110	0.012	208846.0	91818	77720.0	461.0	1295.0	-28.0	-280.0	0.0
111	0.0121	207485.0	91811	77970.0	461.0	-1361.0	-7.0	250.0	0.0
112	0.0122	208605.0	91807	77678.0	0.0	1120.0	-4.0	-292.0	-461.0
113	0.0123	208415.0	91793	77667.0	461.0	-190.0	-14.0	-11.0	461.0
114	0.0124	208033.0	91777	46091.0	461.0	-382.0	-16.0	-31576.0	0.0
115	0.0125	202377.0	91757	76511.0	451.0	-5656.0	-20.0	30420.0	-10.0
116	0.0126	204200.0	89743	107100.0	456.0	1823.0	-2014.0	30589.0	5.0
117	0.0127	206662.0	90676	77370.0	928.0	2462.0	933.0	-29730.0	472.0
118	0.0128	207483.0	91791	78564.0	472.0	821.0	1115.0	1194.0	-456.0
119	0.0129	211243.0	92827	79106.0	476.0	3760.0	1036.0	542.0	4.0
120	0.013	213152.0	188389	79831.0	479.0	1909.0	95562.0	725.0	3.0
121	0.0131	214982.0	95388	80463.0	483.0	1830.0	-93001.0	632.0	4.0
122	0.0132	215049.0	96063	81332.0	486.0	67.0	675.0	869.0	3.0
123	0.0133	217952.0	96689	81614.0	489.0	2903.0	626.0	282.0	3.0
124	0.0134	217964.0	97230	82384.0	490.0	12.0	541.0	770.0	1.0
125	0.0135	220629.0	97735	82573.0	494.0	2665.0	505.0	189.0	4.0
126	0.0136	221685.0	98159	82944.0	494.0	1056.0	424.0	371.0	0.0
127	0.0137	222549.0	98534	83297.0	496.0	864.0	375.0	353.0	2.0
128	0.0138	223292.0	98884	83574.0	498.0	743.0	350.0	277.0	2.0
129	0.0139	223853.0	99189	83881.0	499.0	561.0	305.0	307.0	1.0
130	0.014	224575.0	99464	84086.0	501.0	722.0	275.0	205.0	2.0
131	0.0141	225036.0	99697	84295.0	503.0	461.0	233.0	209.0	2.0
132	0.0142	225415.0	99918	84532.0	503.0	379.0	221.0	237.0	0.0
133	0.0143	226007.0	100107	135153.0	504.0	592.0	189.0	50621.0	1.0
134	0.0144	226314.0	100283	85329.0	504.0	307.0	176.0	-49824.0	0.0
135	0.0145	226769.0	99917	85471.0	505.0	455.0	-366.0	142.0	1.0
136	0.0146	227186.0	100060	85237.0	505.0	417.0	143.0	-234.0	0.0
137	0.0147	452409.0	100808	85609.0	506.0	225223.0	748.0	372.0	1.0
138	0.0148	228181.0	100980	85644.0	508.0	-224228.0	172.0	35.0	2.0
139	0.0149	228307.0	101056	85435.0	508.0	126.0	76.0	-209.0	0.0
140	0.015	228406.0	101097	85538.0	509.0	99.0	41.0	103.0	1.0
141	0.0151	228629.0	101153	85600.0	510.0	223.0	56.0	62.0	1.0
142	0.0152	228628.0	101213	85600.0	509.0	-1.0	60.0	0.0	-1.0
143	0.0153	228717.0	101244	85954.0	509.0	89.0	31.0	354.0	0.0
144	0.0154	230070.0	101736	86760.0	507.0	1353.0	492.0	806.0	-2.0
145	0.0155	230164.0	101775	86898.0	507.0	94.0	39.0	138.0	0.0
146	0.0156	228771.0	101752	86880.0	507.0	-1393.0	-23.0	-18.0	0.0
147	0.0157	230360.0	101752	86584.0	512.0	1589.0	0.0	-296.0	5.0
148	0.0158	230483.0	102343	86278.0	516.0	123.0	591.0	-306.0	4.0
149	0.0159	230257.0	101812	86230.0	516.0	-226.0	-531.0	-48.0	0.0
150	0.016	230316.0	101734	86588.0	510.0	59.0	-78.0	358.0	-6.0
151	0.0161	230328.0	102323	86621.0	510.0	12.0	589.0	33.0	0.0
152	0.0162	230153.0	102314	86501.0	510.0	-175.0	-9.0	-120.0	0.0
153	0.0163	229751.0	102248	86609.0	511.0	-402.0	-66.0	108.0	1.0
154	0.0164	0.0	102363	86170.0	505.0	-229751.0	115.0	-439.0	-6.0
155	0.0165	230762.0	100984	85972.0	505.0	230762.0	-1379.0	-198.0	0.0
156	0.0166	227606.0	100894	85472.0	506.0	-3156.0	-90.0	-500.0	1.0
157	0.0167	454979.0	100970	85536.0	506.0	227373.0	76.0	64.0	0.0
158	0.0168	227855.0	101037	85587.0	508.0	-227124.0	67.0	51.0	2.0
159	0.0169	227910.0	101108	85601.0	508.0	55.0	71.0	14.0	0.0
160	0.017	228049.0	101157	85690.0	508.0	139.0	49.0	89.0	0.0
