            perf 77578 [002] 2603099.609302:          1 cpu/event=0xC0,umask=0x00/u:            469d19 perf_evlist__enable (/usr/lib/linux-tools-4.4.0-194/perf)
            perf 77578 [002] 2603099.609310:          1 cpu/event=0xC0,umask=0x00/u:            469cad perf_evlist__enable (/usr/lib/linux-tools-4.4.0-194/perf)
            perf 77578 [002] 2603099.609313:          3 cpu/event=0xC0,umask=0x00/u:            469cf5 perf_evlist__enable (/usr/lib/linux-tools-4.4.0-194/perf)
            perf 77578 [002] 2603099.609315:         19 cpu/event=0xC0,umask=0x00/u:      7f92c7a18005 __GI___ioctl (/lib/x86_64-linux-gnu/libc-2.23.so)
            perf 77578 [002] 2603099.609319:          1 cpu/event=0x3C,umask=0x00/u:      7f92c7a18007 __GI___ioctl (/lib/x86_64-linux-gnu/libc-2.23.so)
            perf 77578 [002] 2603099.609321:          1 cpu/event=0x3C,umask=0x00/u:      7f92c7a18007 __GI___ioctl (/lib/x86_64-linux-gnu/libc-2.23.so)
            perf 77578 [002] 2603099.609323:          7 cpu/event=0x3C,umask=0x00/u:      7f92c7a18007 __GI___ioctl (/lib/x86_64-linux-gnu/libc-2.23.so)
            perf 77578 [002] 2603099.609325:         50 cpu/event=0x3C,umask=0x00/u:      7f92c7a18007 __GI___ioctl (/lib/x86_64-linux-gnu/libc-2.23.so)
            perf 77578 [002] 2603099.609327:        359 cpu/event=0x3C,umask=0x00/u:      7f92c7a18007 __GI___ioctl (/lib/x86_64-linux-gnu/libc-2.23.so)
            perf 77578 [002] 2603099.609329:       2571 cpu/event=0x3C,umask=0x00/u:            469d19 perf_evlist__enable (/usr/lib/linux-tools-4.4.0-194/perf)
            perf 77578 [002] 2603099.609330:        132 cpu/event=0xC0,umask=0x00/u:            469d19 perf_evlist__enable (/usr/lib/linux-tools-4.4.0-194/perf)
            perf 77578 [002] 2603099.609335:          1 cpu/event=0xD0,umask=0x81/u:            469cad perf_evlist__enable (/usr/lib/linux-tools-4.4.0-194/perf)
            perf 77578 [002] 2603099.609337:          1 cpu/event=0xD0,umask=0x81/u:            469cad perf_evlist__enable (/usr/lib/linux-tools-4.4.0-194/perf)
            perf 77578 [002] 2603099.609339:          7 cpu/event=0xD0,umask=0x81/u:            469cad perf_evlist__enable (/usr/lib/linux-tools-4.4.0-194/perf)
            perf 77578 [002] 2603099.609341:         49 cpu/event=0xD0,umask=0x81/u:            469d10 perf_evlist__enable (/usr/lib/linux-tools-4.4.0-194/perf)
            perf 77578 [002] 2603099.609346:      18160 cpu/event=0x3C,umask=0x00/u:            469cad perf_evlist__enable (/usr/lib/linux-tools-4.4.0-194/perf)
            perf 77578 [002] 2603099.609351:          1 cpu/event=0xC5,umask=0x00/u:            469d34 perf_evlist__enable (/usr/lib/linux-tools-4.4.0-194/perf)
            perf 77578 [002] 2603099.609353:        225 cpu/event=0xC0,umask=0x00/u:            469d02 perf_evlist__enable (/usr/lib/linux-tools-4.4.0-194/perf)
            perf 77578 [002] 2603099.609355:          1 cpu/event=0xD0,umask=0x82/u:      7f92c7a18000 __GI___ioctl (/lib/x86_64-linux-gnu/libc-2.23.so)
            perf 77578 [002] 2603099.609387:        344 cpu/event=0xD0,umask=0x81/u:            469d07 perf_evlist__enable (/usr/lib/linux-tools-4.4.0-194/perf)
            perf 77578 [002] 2603099.609390:          1 cpu/event=0xC5,umask=0x00/u:  ffffffff8186a950 entry_SYSCALL_64 ([kernel.kallsyms])
            perf 77578 [002] 2603099.609397:          1 cpu/event=0xD0,umask=0x82/u:  ffffffff8186a950 entry_SYSCALL_64 ([kernel.kallsyms])
            perf 77578 [002] 2603099.609411:          2 cpu/event=0xD0,umask=0x82/u:  ffffffff8186a950 entry_SYSCALL_64 ([kernel.kallsyms])
            perf 77578 [002] 2603099.609456:        319 cpu/event=0xC0,umask=0x00/u:            469ca4 perf_evlist__enable (/usr/lib/linux-tools-4.4.0-194/perf)
            perf 77578 [002] 2603099.609459:          4 cpu/event=0xD0,umask=0x82/u:  ffffffff8186a950 entry_SYSCALL_64 ([kernel.kallsyms])
            perf 77578 [002] 2603099.609459:          2 cpu/event=0xC5,umask=0x00/u:  ffffffff8186a950 entry_SYSCALL_64 ([kernel.kallsyms])
            perf 77578 [002] 2603099.609494:          5 cpu/event=0xD0,umask=0x82/u:  ffffffff8186a950 entry_SYSCALL_64 ([kernel.kallsyms])
            perf 77578 [002] 2603099.609502:          2 cpu/event=0xC5,umask=0x00/u:  ffffffff8186a950 entry_SYSCALL_64 ([kernel.kallsyms])
            perf 77578 [002] 2603099.609577:          3 cpu/event=0xC5,umask=0x00/u:  ffffffff8186a950 entry_SYSCALL_64 ([kernel.kallsyms])
            perf 77578 [002] 2603099.609590:        319 cpu/event=0xC0,umask=0x00/u:            469d10 perf_evlist__enable (/usr/lib/linux-tools-4.4.0-194/perf)
            perf 77578 [002] 2603099.609592:          7 cpu/event=0xD0,umask=0x82/u:  ffffffff8186a950 entry_SYSCALL_64 ([kernel.kallsyms])
            perf 77578 [002] 2603099.609618:          3 cpu/event=0xC5,umask=0x00/u:            469d34 perf_evlist__enable (/usr/lib/linux-tools-4.4.0-194/perf)
            perf 77578 [002] 2603099.609678:          4 cpu/event=0xC5,umask=0x00/u:            469d34 perf_evlist__enable (/usr/lib/linux-tools-4.4.0-194/perf)
            perf 77578 [002] 2603099.609728:          7 cpu/event=0xD0,umask=0x82/u:  ffffffff8186a950 entry_SYSCALL_64 ([kernel.kallsyms])
            perf 77578 [002] 2603099.609743:        310 cpu/event=0xC0,umask=0x00/u:            469d02 perf_evlist__enable (/usr/lib/linux-tools-4.4.0-194/perf)
            perf 77578 [002] 2603099.609848:          7 cpu/event=0xD0,umask=0x82/u:  ffffffff8186a950 entry_SYSCALL_64 ([kernel.kallsyms])
            perf 77578 [002] 2603099.609860:          5 cpu/event=0xC5,umask=0x00/u:  ffffffff8186a950 entry_SYSCALL_64 ([kernel.kallsyms])
            perf 77578 [002] 2603099.609871:        394 cpu/event=0xD0,umask=0x81/u:            469cfd perf_evlist__enable (/usr/lib/linux-tools-4.4.0-194/perf)
            perf 77578 [002] 2603099.609871:        298 cpu/event=0xC0,umask=0x00/u:            469cfd perf_evlist__enable (/usr/lib/linux-tools-4.4.0-194/perf)
            perf 77578 [002] 2603099.609994:          7 cpu/event=0xD0,umask=0x82/u:  ffffffff8186a950 entry_SYSCALL_64 ([kernel.kallsyms])
            perf 77578 [002] 2603099.610043:          5 cpu/event=0xC5,umask=0x00/u:  ffffffff8186a950 entry_SYSCALL_64 ([kernel.kallsyms])
            perf 77578 [002] 2603099.610065:        291 cpu/event=0xC0,umask=0x00/u:            469cfd perf_evlist__enable (/usr/lib/linux-tools-4.4.0-194/perf)
            perf 77578 [002] 2603099.610151:          7 cpu/event=0xD0,umask=0x82/u:  ffffffff8186a950 entry_SYSCALL_64 ([kernel.kallsyms])
            perf 77578 [002] 2603099.610193:        275 cpu/event=0xC0,umask=0x00/u:  ffffffff8186a950 entry_SYSCALL_64 ([kernel.kallsyms])
            perf 77578 [002] 2603099.610231:          5 cpu/event=0xC5,umask=0x00/u:  ffffffff8186a950 entry_SYSCALL_64 ([kernel.kallsyms])
            perf 77578 [002] 2603099.610251:          7 cpu/event=0xD0,umask=0x82/u:  ffffffff8186a950 entry_SYSCALL_64 ([kernel.kallsyms])
            perf 77578 [002] 2603099.610329:        269 cpu/event=0xC0,umask=0x00/u:            469cad perf_evlist__enable (/usr/lib/linux-tools-4.4.0-194/perf)
            perf 77578 [002] 2603099.610420:          7 cpu/event=0xD0,umask=0x82/u:  ffffffff8186a950 entry_SYSCALL_64 ([kernel.kallsyms])
            perf 77578 [002] 2603099.610420:          5 cpu/event=0xC5,umask=0x00/u:  ffffffff8186a950 entry_SYSCALL_64 ([kernel.kallsyms])
            perf 77578 [002] 2603099.610468:        261 cpu/event=0xC0,umask=0x00/u:            469d34 perf_evlist__enable (/usr/lib/linux-tools-4.4.0-194/perf)
            perf 77578 [002] 2603099.610550:        356 cpu/event=0xD0,umask=0x81/u:  ffffffff8186a950 entry_SYSCALL_64 ([kernel.kallsyms])
            perf 77578 [002] 2603099.610550:          7 cpu/event=0xD0,umask=0x82/u:  ffffffff8186a950 entry_SYSCALL_64 ([kernel.kallsyms])
            perf 77578 [002] 2603099.610576:          5 cpu/event=0xC5,umask=0x00/u:            469d34 perf_evlist__enable (/usr/lib/linux-tools-4.4.0-194/perf)
            perf 77578 [002] 2603099.610624:        253 cpu/event=0xC0,umask=0x00/u:  ffffffff8186a950 entry_SYSCALL_64 ([kernel.kallsyms])
            perf 77578 [002] 2603099.610676:          7 cpu/event=0xD0,umask=0x82/u:  ffffffff8186a950 entry_SYSCALL_64 ([kernel.kallsyms])
            perf 77578 [002] 2603099.610721:          5 cpu/event=0xC5,umask=0x00/u:  ffffffff8186a950 entry_SYSCALL_64 ([kernel.kallsyms])
            perf 77578 [002] 2603099.610760:        243 cpu/event=0xC0,umask=0x00/u:            469d02 perf_evlist__enable (/usr/lib/linux-tools-4.4.0-194/perf)
            perf 77578 [002] 2603099.610798:          7 cpu/event=0xD0,umask=0x82/u:  ffffffff8186a950 entry_SYSCALL_64 ([kernel.kallsyms])
            perf 77578 [002] 2603099.610814:        236 cpu/event=0xC0,umask=0x00/u:  ffffffff8186a950 entry_SYSCALL_64 ([kernel.kallsyms])
            perf 77578 [002] 2603099.610900:          7 cpu/event=0xD0,umask=0x82/u:  ffffffff8186a950 entry_SYSCALL_64 ([kernel.kallsyms])
            perf 77578 [002] 2603099.610913:        261 cpu/event=0xC0,umask=0x00/u:  ffffffff8186a950 entry_SYSCALL_64 ([kernel.kallsyms])
            perf 77578 [002] 2603099.610963:          5 cpu/event=0xC5,umask=0x00/u:  ffffffff8186a950 entry_SYSCALL_64 ([kernel.kallsyms])
            perf 77578 [002] 2603099.611048:        242 cpu/event=0xC0,umask=0x00/u:            469cfd perf_evlist__enable (/usr/lib/linux-tools-4.4.0-194/perf)
            perf 77578 [002] 2603099.611050:      26019 cpu/event=0x3C,umask=0x00/u:            469cfd perf_evlist__enable (/usr/lib/linux-tools-4.4.0-194/perf)
            perf 77578 [002] 2603099.611052:          7 cpu/event=0xD0,umask=0x82/u:  ffffffff8186a950 entry_SYSCALL_64 ([kernel.kallsyms])
            perf 77578 [002] 2603099.611077:        284 cpu/event=0xD0,umask=0x81/u:            469d21 perf_evlist__enable (/usr/lib/linux-tools-4.4.0-194/perf)
            perf 77578 [002] 2603099.611079:          5 cpu/event=0xC5,umask=0x00/u:  ffffffff8186a950 entry_SYSCALL_64 ([kernel.kallsyms])
            perf 77578 [002] 2603099.611135:          7 cpu/event=0xD0,umask=0x82/u:  ffffffff8186a950 entry_SYSCALL_64 ([kernel.kallsyms])
            perf 77578 [002] 2603099.611135:        235 cpu/event=0xC0,umask=0x00/u:  ffffffff8186a950 entry_SYSCALL_64 ([kernel.kallsyms])
            perf 77578 [002] 2603099.611248:          5 cpu/event=0xC5,umask=0x00/u:            469c88 perf_evlist__enable (/usr/lib/linux-tools-4.4.0-194/perf)
            perf 77578 [002] 2603099.611248:        240 cpu/event=0xC0,umask=0x00/u:            469c88 perf_evlist__enable (/usr/lib/linux-tools-4.4.0-194/perf)
            perf 77578 [002] 2603099.611250:          8 cpu/event=0xD0,umask=0x82/u:  ffffffff8186a950 entry_SYSCALL_64 ([kernel.kallsyms])
            perf 77578 [002] 2603099.611419:        238 cpu/event=0xC0,umask=0x00/u:            469cfd perf_evlist__enable (/usr/lib/linux-tools-4.4.0-194/perf)
            perf 77578 [002] 2603099.611421:          5 cpu/event=0xC5,umask=0x00/u:  ffffffff8186a950 entry_SYSCALL_64 ([kernel.kallsyms])
            perf 77578 [002] 2603099.611444:          8 cpu/event=0xD0,umask=0x82/u:  ffffffff8186a950 entry_SYSCALL_64 ([kernel.kallsyms])
            perf 77578 [002] 2603099.611523:        227 cpu/event=0xC0,umask=0x00/u:            469d02 perf_evlist__enable (/usr/lib/linux-tools-4.4.0-194/perf)
            perf 77578 [002] 2603099.611526:        256 cpu/event=0xD0,umask=0x81/u:  ffffffff8186a950 entry_SYSCALL_64 ([kernel.kallsyms])
            perf 77578 [002] 2603099.611605:          8 cpu/event=0xD0,umask=0x82/u:  ffffffff8186a950 entry_SYSCALL_64 ([kernel.kallsyms])
            perf 77578 [002] 2603099.611640:        227 cpu/event=0xC0,umask=0x00/u:            469d02 perf_evlist__enable (/usr/lib/linux-tools-4.4.0-194/perf)
            perf 77578 [002] 2603099.611665:          5 cpu/event=0xC5,umask=0x00/u:            469d34 perf_evlist__enable (/usr/lib/linux-tools-4.4.0-194/perf)
            perf 77578 [002] 2603099.611718:        224 cpu/event=0xC0,umask=0x00/u:            469d10 perf_evlist__enable (/usr/lib/linux-tools-4.4.0-194/perf)
            perf 77578 [002] 2603099.611720:          8 cpu/event=0xD0,umask=0x82/u:  ffffffff8186a950 entry_SYSCALL_64 ([kernel.kallsyms])
            perf 77578 [002] 2603099.611809:        232 cpu/event=0xC0,umask=0x00/u:            469d34 perf_evlist__enable (/usr/lib/linux-tools-4.4.0-194/perf)
            perf 77578 [002] 2603099.611869:          5 cpu/event=0xC5,umask=0x00/u:  ffffffff8186a950 entry_SYSCALL_64 ([kernel.kallsyms])
            perf 77578 [002] 2603099.611884:          8 cpu/event=0xD0,umask=0x82/u:  ffffffff8186a950 entry_SYSCALL_64 ([kernel.kallsyms])
            perf 77578 [002] 2603099.611907:        232 cpu/event=0xD0,umask=0x81/u:            469d10 perf_evlist__enable (/usr/lib/linux-tools-4.4.0-194/perf)
            perf 77578 [002] 2603099.611919:        235 cpu/event=0xC0,umask=0x00/u:  ffffffff8186a950 entry_SYSCALL_64 ([kernel.kallsyms])
            perf 77578 [002] 2603099.612035:          5 cpu/event=0xC5,umask=0x00/u:            469d3e perf_evlist__enable (/usr/lib/linux-tools-4.4.0-194/perf)
            perf 77578 [002] 2603099.612037:          8 cpu/event=0xD0,umask=0x82/u:            41690f cmd_record (/usr/lib/linux-tools-4.4.0-194/perf)
            perf 77578 [002] 2603099.612039:          8 cpu/event=0xD0,umask=0x82/u:      7f92c799cbf2 _int_malloc (/lib/x86_64-linux-gnu/libc-2.23.so)
            perf 77578 [002] 2603099.612040:        234 cpu/event=0xC0,umask=0x00/u:      7f92c799cbf2 _int_malloc (/lib/x86_64-linux-gnu/libc-2.23.so)
            perf 77578 [002] 2603099.612042:         54 cpu/event=0xD0,umask=0x82/u:            467441 perf_event__synthesize_comm (/usr/lib/linux-tools-4.4.0-194/perf)
            perf 77578 [002] 2603099.612044:          5 cpu/event=0xC5,umask=0x00/u:      7f92c7a31840 __snprintf_chk (/lib/x86_64-linux-gnu/libc-2.23.so)
            perf 77578 [002] 2603099.612046:        309 cpu/event=0xD0,umask=0x82/u:      7f92c7a31919 __vsnprintf_chk (/lib/x86_64-linux-gnu/libc-2.23.so)
            perf 77578 [002] 2603099.612048:        230 cpu/event=0xC0,umask=0x00/u:      7f92c7996510 _IO_setb (/lib/x86_64-linux-gnu/libc-2.23.so)
            perf 77578 [002] 2603099.612050:        551 cpu/event=0xC0,umask=0x00/u:      7f92c79656c7 _itoa_word (/lib/x86_64-linux-gnu/libc-2.23.so)
            perf 77578 [002] 2603099.612052:         12 cpu/event=0xC5,umask=0x00/u:      7f92c7969144 vfprintf (/lib/x86_64-linux-gnu/libc-2.23.so)
            perf 77578 [002] 2603099.612054:        212 cpu/event=0xD0,umask=0x81/u:      7f92c79690bd vfprintf (/lib/x86_64-linux-gnu/libc-2.23.so)
            perf 77578 [002] 2603099.612077:       3744 cpu/event=0xC0,umask=0x00/u:      7f92c79c5125 __strstr_sse2_unaligned (/lib/x86_64-linux-gnu/libc-2.23.so)
            perf 77578 [002] 2603099.612079:         29 cpu/event=0xC5,umask=0x00/u:            4672a8 perf_event__get_comm_ids.constprop.3 (/usr/lib/linux-tools-4.4.0-194/perf)
            perf 77578 [002] 2603099.612081:        205 cpu/event=0xD0,umask=0x81/u:            467524 perf_event__synthesize_comm (/usr/lib/linux-tools-4.4.0-194/perf)
            perf 77578 [002] 2603099.612118:         39 cpu/event=0xC5,umask=0x00/u:  ffffffff8186d5d0 page_fault ([kernel.kallsyms])
            perf 77578 [002] 2603099.612119:      22959 cpu/event=0x3C,umask=0x00/u:  ffffffff8186d5d0 page_fault ([kernel.kallsyms])
            perf 77579 [004] 2603099.612133:          1 cpu/event=0x3C,umask=0x00/u:      7f92c9693500 __read_nocancel (/lib/x86_64-linux-gnu/libpthread-2.23.so)
            perf 77578 [002] 2603099.612134:        274 cpu/event=0xD0,umask=0x81/u:            4160f4 cmd_record (/usr/lib/linux-tools-4.4.0-194/perf)
            perf 77579 [004] 2603099.612137:          1 cpu/event=0xD0,umask=0x81/u:      7f92c9693500 __read_nocancel (/lib/x86_64-linux-gnu/libpthread-2.23.so)
            perf 77579 [004] 2603099.612138:          1 cpu/event=0x3C,umask=0x00/u:      7f92c9693500 __read_nocancel (/lib/x86_64-linux-gnu/libpthread-2.23.so)
            perf 77579 [004] 2603099.612139:          1 cpu/event=0xC0,umask=0x00/u:      7f92c9693500 __read_nocancel (/lib/x86_64-linux-gnu/libpthread-2.23.so)
            perf 77579 [004] 2603099.612143:          1 cpu/event=0xD0,umask=0x81/u:      7f92c9693500 __read_nocancel (/lib/x86_64-linux-gnu/libpthread-2.23.so)
            perf 77579 [004] 2603099.612144:          4 cpu/event=0x3C,umask=0x00/u:      7f92c9693500 __read_nocancel (/lib/x86_64-linux-gnu/libpthread-2.23.so)
            perf 77579 [004] 2603099.612147:          3 cpu/event=0xD0,umask=0x81/u:      7f92c9693500 __read_nocancel (/lib/x86_64-linux-gnu/libpthread-2.23.so)
            perf 77579 [004] 2603099.612148:         12 cpu/event=0x3C,umask=0x00/u:      7f92c9693500 __read_nocancel (/lib/x86_64-linux-gnu/libpthread-2.23.so)
            perf 77579 [004] 2603099.612149:          1 cpu/event=0xC0,umask=0x00/u:      7f92c9693500 __read_nocancel (/lib/x86_64-linux-gnu/libpthread-2.23.so)
            perf 77579 [004] 2603099.612152:         13 cpu/event=0xD0,umask=0x81/u:      7f92c9693500 __read_nocancel (/lib/x86_64-linux-gnu/libpthread-2.23.so)
            perf 77579 [004] 2603099.612153:         50 cpu/event=0x3C,umask=0x00/u:      7f92c9693500 __read_nocancel (/lib/x86_64-linux-gnu/libpthread-2.23.so)
            perf 77579 [004] 2603099.612156:        183 cpu/event=0x3C,umask=0x00/u:      7f92c9693500 __read_nocancel (/lib/x86_64-linux-gnu/libpthread-2.23.so)
            perf 77579 [004] 2603099.612156:          2 cpu/event=0xC0,umask=0x00/u:      7f92c9693500 __read_nocancel (/lib/x86_64-linux-gnu/libpthread-2.23.so)
            perf 77579 [004] 2603099.612160:        884 cpu/event=0x3C,umask=0x00/u:      7f92c9693508 __read_nocancel (/lib/x86_64-linux-gnu/libpthread-2.23.so)
            perf 77579 [004] 2603099.612161:          5 cpu/event=0xC0,umask=0x00/u:      7f92c9693508 __read_nocancel (/lib/x86_64-linux-gnu/libpthread-2.23.so)
            perf 77579 [004] 2603099.612164:       3406 cpu/event=0x3C,umask=0x00/u:      7f92c9693508 __read_nocancel (/lib/x86_64-linux-gnu/libpthread-2.23.so)
            perf 77578 [002] 2603099.612167:      20359 cpu/event=0x3C,umask=0x00/u:  ffffffff8186d5d0 page_fault ([kernel.kallsyms])
            perf 77579 [004] 2603099.612167:          1 cpu/event=0xC5,umask=0x00/u:            46daa8 perf_evlist__prepare_workload (/usr/lib/linux-tools-4.4.0-194/perf)
            perf 77579 [004] 2603099.612168:         20 cpu/event=0xC0,umask=0x00/u:            46daa8 perf_evlist__prepare_workload (/usr/lib/linux-tools-4.4.0-194/perf)
            perf 77579 [004] 2603099.612171:         48 cpu/event=0xD0,umask=0x81/u:            46daa8 perf_evlist__prepare_workload (/usr/lib/linux-tools-4.4.0-194/perf)
            perf 77578 [002] 2603099.612174:        305 cpu/event=0xD0,umask=0x81/u:            4160f4 cmd_record (/usr/lib/linux-tools-4.4.0-194/perf)
            perf 77579 [004] 2603099.612175:      14202 cpu/event=0x3C,umask=0x00/u:            46daab perf_evlist__prepare_workload (/usr/lib/linux-tools-4.4.0-194/perf)
            perf 77579 [004] 2603099.612179:          1 cpu/event=0xD0,umask=0x82/u:            406b36 _init (/usr/lib/linux-tools-4.4.0-194/perf)
            perf 77579 [004] 2603099.612182:          1 cpu/event=0xD0,umask=0x82/u:      7f92c98b7ebd _dl_runtime_resolve_xsave (/lib/x86_64-linux-gnu/ld-2.23.so)
            perf 77579 [004] 2603099.612183:         51 cpu/event=0xC0,umask=0x00/u:      7f92c98b7ebd _dl_runtime_resolve_xsave (/lib/x86_64-linux-gnu/ld-2.23.so)
            perf 77579 [004] 2603099.612186:          5 cpu/event=0xD0,umask=0x82/u:      7f92c98afa42 _dl_fixup (/lib/x86_64-linux-gnu/ld-2.23.so)
            perf 77578 [002] 2603099.612188:       1201 cpu/event=0xD0,umask=0x82/u:      7f92c9693490 __GI___libc_write (/lib/x86_64-linux-gnu/libpthread-2.23.so)
            perf 77579 [004] 2603099.612189:         73 cpu/event=0xD0,umask=0x81/u:      7f92c98aaa20 _dl_lookup_symbol_x (/lib/x86_64-linux-gnu/ld-2.23.so)
            perf 77579 [004] 2603099.612190:         21 cpu/event=0xD0,umask=0x82/u:      7f92c98aaa20 _dl_lookup_symbol_x (/lib/x86_64-linux-gnu/ld-2.23.so)
            perf 77579 [004] 2603099.612191:         88 cpu/event=0xC0,umask=0x00/u:      7f92c98aaa20 _dl_lookup_symbol_x (/lib/x86_64-linux-gnu/ld-2.23.so)
            perf 77579 [004] 2603099.612194:          1 cpu/event=0xC5,umask=0x00/u:      7f92c98aaa71 _dl_lookup_symbol_x (/lib/x86_64-linux-gnu/ld-2.23.so)
            perf 77579 [004] 2603099.612195:        215 cpu/event=0xC0,umask=0x00/u:      7f92c98aaa71 _dl_lookup_symbol_x (/lib/x86_64-linux-gnu/ld-2.23.so)
            perf 77578 [002] 2603099.612196:        361 cpu/event=0xD0,umask=0x81/u:            4160f4 cmd_record (/usr/lib/linux-tools-4.4.0-194/perf)
            perf 77579 [004] 2603099.612198:         82 cpu/event=0xD0,umask=0x82/u:      7f92c98a9f4a do_lookup_x (/lib/x86_64-linux-gnu/ld-2.23.so)
            perf 77579 [004] 2603099.612201:          2 cpu/event=0xC5,umask=0x00/u:      7f92c98bceb2 strcmp (/lib/x86_64-linux-gnu/ld-2.23.so)
            perf 77579 [004] 2603099.612204:          6 cpu/event=0xC5,umask=0x00/u:      7f92c98b19f0 _dl_name_match_p (/lib/x86_64-linux-gnu/ld-2.23.so)
            perf 77579 [004] 2603099.612205:        870 cpu/event=0xC0,umask=0x00/u:      7f92c98b19f0 _dl_name_match_p (/lib/x86_64-linux-gnu/ld-2.23.so)
            perf 77579 [004] 2603099.612208:        115 cpu/event=0xD0,umask=0x81/u:      7f92c98b19f0 _dl_name_match_p (/lib/x86_64-linux-gnu/ld-2.23.so)
            perf 77579 [004] 2603099.612217:         29 cpu/event=0xC5,umask=0x00/u:      7f92c98a9f4a do_lookup_x (/lib/x86_64-linux-gnu/ld-2.23.so)
            perf 77578 [002] 2603099.612217:        530 cpu/event=0xD0,umask=0x81/u:            4160e7 cmd_record (/usr/lib/linux-tools-4.4.0-194/perf)
            perf 77578 [002] 2603099.612219:       5030 cpu/event=0xC0,umask=0x00/u:            416104 cmd_record (/usr/lib/linux-tools-4.4.0-194/perf)
            perf 77578 [002] 2603099.612226:        773 cpu/event=0xD0,umask=0x81/u:            4160fd cmd_record (/usr/lib/linux-tools-4.4.0-194/perf)
            perf 77578 [002] 2603099.612228:      23125 cpu/event=0x3C,umask=0x00/u:            4160fd cmd_record (/usr/lib/linux-tools-4.4.0-194/perf)
            perf 77579 [004] 2603099.612231:        178 cpu/event=0xD0,umask=0x81/u:      7f92c98bbab0 strcmp (/lib/x86_64-linux-gnu/ld-2.23.so)
            perf 77578 [002] 2603099.612234:         47 cpu/event=0xC5,umask=0x00/u:            416124 cmd_record (/usr/lib/linux-tools-4.4.0-194/perf)
            perf 77579 [004] 2603099.612236:      28092 cpu/event=0x3C,umask=0x00/u:  ffffffff8186d5d0 page_fault ([kernel.kallsyms])
            perf 77578 [002] 2603099.612238:       1823 cpu/event=0xD0,umask=0x81/u:            416104 cmd_record (/usr/lib/linux-tools-4.4.0-194/perf)
            perf 77578 [002] 2603099.612247:       4844 cpu/event=0xC0,umask=0x00/u:      7f92c98a9f20 do_lookup_x (/lib/x86_64-linux-gnu/ld-2.23.so)
            perf 77579 [004] 2603099.612254:       1814 cpu/event=0xC0,umask=0x00/u:      7f92c98a9f28 do_lookup_x (/lib/x86_64-linux-gnu/ld-2.23.so)
            perf 77579 [004] 2603099.612257:        204 cpu/event=0xD0,umask=0x82/u:      7f92c98a9f8a do_lookup_x (/lib/x86_64-linux-gnu/ld-2.23.so)
            perf 77579 [004] 2603099.612261:        252 cpu/event=0xD0,umask=0x81/u:  ffffffff8186d5d0 page_fault ([kernel.kallsyms])
            perf 77579 [004] 2603099.612298:        327 cpu/event=0xD0,umask=0x81/u:      7f92c98aa020 do_lookup_x (/lib/x86_64-linux-gnu/ld-2.23.so)
   aifftr01_lite 77579 [005] 2603099.613354:          1 cpu/event=0xD0,umask=0x81/u:      7f862f87cc30 _start (/lib/x86_64-linux-gnu/ld-2.23.so)
   aifftr01_lite 77579 [005] 2603099.613356:          1 cpu/event=0x3C,umask=0x00/u:      7f862f87cc30 _start (/lib/x86_64-linux-gnu/ld-2.23.so)
   aifftr01_lite 77579 [005] 2603099.613368:          1 cpu/event=0xD0,umask=0x81/u:      7f862f87cc30 _start (/lib/x86_64-linux-gnu/ld-2.23.so)
   aifftr01_lite 77579 [005] 2603099.613369:          1 cpu/event=0x3C,umask=0x00/u:      7f862f87cc30 _start (/lib/x86_64-linux-gnu/ld-2.23.so)
   aifftr01_lite 77579 [005] 2603099.613371:          1 cpu/event=0xC0,umask=0x00/u:      7f862f87cc30 _start (/lib/x86_64-linux-gnu/ld-2.23.so)
   aifftr01_lite 77579 [005] 2603099.613376:          2 cpu/event=0xD0,umask=0x81/u:      7f862f87cc30 _start (/lib/x86_64-linux-gnu/ld-2.23.so)
   aifftr01_lite 77579 [005] 2603099.613377:          2 cpu/event=0x3C,umask=0x00/u:      7f862f87cc30 _start (/lib/x86_64-linux-gnu/ld-2.23.so)
   aifftr01_lite 77579 [005] 2603099.613382:          5 cpu/event=0xD0,umask=0x81/u:      7f862f87cc30 _start (/lib/x86_64-linux-gnu/ld-2.23.so)
   aifftr01_lite 77579 [005] 2603099.613383:          5 cpu/event=0x3C,umask=0x00/u:      7f862f87cc30 _start (/lib/x86_64-linux-gnu/ld-2.23.so)
   aifftr01_lite 77579 [005] 2603099.613384:          1 cpu/event=0xC0,umask=0x00/u:      7f862f87cc30 _start (/lib/x86_64-linux-gnu/ld-2.23.so)
   aifftr01_lite 77579 [005] 2603099.613389:         15 cpu/event=0x3C,umask=0x00/u:      7f862f87cc30 _start (/lib/x86_64-linux-gnu/ld-2.23.so)
   aifftr01_lite 77579 [005] 2603099.613394:         15 cpu/event=0xD0,umask=0x81/u:      7f862f87cc30 _start (/lib/x86_64-linux-gnu/ld-2.23.so)
   aifftr01_lite 77579 [005] 2603099.613395:         45 cpu/event=0x3C,umask=0x00/u:      7f862f87cc30 _start (/lib/x86_64-linux-gnu/ld-2.23.so)
   aifftr01_lite 77579 [005] 2603099.613396:          2 cpu/event=0xC0,umask=0x00/u:      7f862f87cc30 _start (/lib/x86_64-linux-gnu/ld-2.23.so)
   aifftr01_lite 77579 [005] 2603099.613401:        133 cpu/event=0x3C,umask=0x00/u:      7f862f87cc30 _start (/lib/x86_64-linux-gnu/ld-2.23.so)
   aifftr01_lite 77579 [005] 2603099.613406:        391 cpu/event=0x3C,umask=0x00/u:      7f862f87cc30 _start (/lib/x86_64-linux-gnu/ld-2.23.so)
   aifftr01_lite 77579 [005] 2603099.613407:          4 cpu/event=0xC0,umask=0x00/u:      7f862f87cc30 _start (/lib/x86_64-linux-gnu/ld-2.23.so)
   aifftr01_lite 77579 [005] 2603099.613412:       1325 cpu/event=0x3C,umask=0x00/u:      7f862f87cc30 _start (/lib/x86_64-linux-gnu/ld-2.23.so)
   aifftr01_lite 77579 [005] 2603099.613418:         29 cpu/event=0xD0,umask=0x81/u:  ffffffff8186d5d0 page_fault ([kernel.kallsyms])
   aifftr01_lite 77579 [005] 2603099.613429:       3929 cpu/event=0x3C,umask=0x00/u:      7f862f87cc30 _start (/lib/x86_64-linux-gnu/ld-2.23.so)
   aifftr01_lite 77579 [005] 2603099.613430:          8 cpu/event=0xC0,umask=0x00/u:      7f862f87cc30 _start (/lib/x86_64-linux-gnu/ld-2.23.so)
   aifftr01_lite 77579 [005] 2603099.613436:          1 cpu/event=0xD0,umask=0x82/u:      7f862f87d9c6 _dl_start (/lib/x86_64-linux-gnu/ld-2.23.so)
   aifftr01_lite 77579 [005] 2603099.613437:         12 cpu/event=0xC0,umask=0x00/u:      7f862f87d9c6 _dl_start (/lib/x86_64-linux-gnu/ld-2.23.so)
   aifftr01_lite 77579 [005] 2603099.613446:         34 cpu/event=0xC0,umask=0x00/u:      7f862f87d9ee _dl_start (/lib/x86_64-linux-gnu/ld-2.23.so)
   aifftr01_lite 77579 [005] 2603099.613451:          1 cpu/event=0xD0,umask=0x82/u:      7f862f87da53 _dl_start (/lib/x86_64-linux-gnu/ld-2.23.so)
   aifftr01_lite 77579 [005] 2603099.613457:          1 cpu/event=0xC5,umask=0x00/u:      7f862f87dc68 _dl_start (/lib/x86_64-linux-gnu/ld-2.23.so)
   aifftr01_lite 77579 [005] 2603099.613458:         76 cpu/event=0xC0,umask=0x00/u:      7f862f87dc68 _dl_start (/lib/x86_64-linux-gnu/ld-2.23.so)
   aifftr01_lite 77579 [005] 2603099.613463:          1 cpu/event=0xC5,umask=0x00/u:      7f862f87ddde _dl_start (/lib/x86_64-linux-gnu/ld-2.23.so)
   aifftr01_lite 77579 [005] 2603099.613464:       6255 cpu/event=0x3C,umask=0x00/u:      7f862f87ddde _dl_start (/lib/x86_64-linux-gnu/ld-2.23.so)
   aifftr01_lite 77579 [005] 2603099.613469:         41 cpu/event=0xD0,umask=0x81/u:      7f862f87da53 _dl_start (/lib/x86_64-linux-gnu/ld-2.23.so)
   aifftr01_lite 77579 [005] 2603099.613470:          2 cpu/event=0xD0,umask=0x82/u:      7f862f87da53 _dl_start (/lib/x86_64-linux-gnu/ld-2.23.so)
   aifftr01_lite 77579 [005] 2603099.613475:        149 cpu/event=0xC0,umask=0x00/u:      7f862f87da48 _dl_start (/lib/x86_64-linux-gnu/ld-2.23.so)
   aifftr01_lite 77579 [005] 2603099.613480:          3 cpu/event=0xD0,umask=0x82/u:      7f862f87da65 _dl_start (/lib/x86_64-linux-gnu/ld-2.23.so)
   aifftr01_lite 77579 [005] 2603099.613481:          3 cpu/event=0xC5,umask=0x00/u:      7f862f87da65 _dl_start (/lib/x86_64-linux-gnu/ld-2.23.so)
   aifftr01_lite 77579 [005] 2603099.613486:          5 cpu/event=0xC5,umask=0x00/u:      7f862f87da75 _dl_start (/lib/x86_64-linux-gnu/ld-2.23.so)
   aifftr01_lite 77579 [005] 2603099.613491:          7 cpu/event=0xD0,umask=0x82/u:      7f862f87daa2 _dl_start (/lib/x86_64-linux-gnu/ld-2.23.so)
   aifftr01_lite 77579 [005] 2603099.613496:         46 cpu/event=0xD0,umask=0x81/u:      7f862f87db71 _dl_start (/lib/x86_64-linux-gnu/ld-2.23.so)
   aifftr01_lite 77579 [005] 2603099.613497:         14 cpu/event=0xD0,umask=0x82/u:      7f862f87db71 _dl_start (/lib/x86_64-linux-gnu/ld-2.23.so)
   aifftr01_lite 77579 [005] 2603099.613498:        240 cpu/event=0xC0,umask=0x00/u:      7f862f87db71 _dl_start (/lib/x86_64-linux-gnu/ld-2.23.so)
   aifftr01_lite 77579 [005] 2603099.613503:         17 cpu/event=0xC5,umask=0x00/u:      7f862f87dd47 _dl_start (/lib/x86_64-linux-gnu/ld-2.23.so)
   aifftr01_lite 77579 [005] 2603099.613508:         62 cpu/event=0xD0,umask=0x81/u:      7f862f87dd61 _dl_start (/lib/x86_64-linux-gnu/ld-2.23.so)
   aifftr01_lite 77579 [005] 2603099.613518:         41 cpu/event=0xD0,umask=0x82/u:      7f862f87dda2 _dl_start (/lib/x86_64-linux-gnu/ld-2.23.so)
   aifftr01_lite 77579 [005] 2603099.613523:        340 cpu/event=0xC0,umask=0x00/u:      7f862f87dda7 _dl_start (/lib/x86_64-linux-gnu/ld-2.23.so)
   aifftr01_lite 77579 [005] 2603099.613528:       7743 cpu/event=0x3C,umask=0x00/u:      7f862f87dda7 _dl_start (/lib/x86_64-linux-gnu/ld-2.23.so)
   aifftr01_lite 77579 [005] 2603099.613533:        119 cpu/event=0xD0,umask=0x81/u:      7f862f887a90 _dl_setup_hash (/lib/x86_64-linux-gnu/ld-2.23.so)
   aifftr01_lite 77579 [005] 2603099.613542:         60 cpu/event=0xD0,umask=0x82/u:      7f862f8956c6 _dl_sysdep_start (/lib/x86_64-linux-gnu/ld-2.23.so)
   aifftr01_lite 77579 [005] 2603099.613547:         28 cpu/event=0xC5,umask=0x00/u:      7f862f8956e4 _dl_sysdep_start (/lib/x86_64-linux-gnu/ld-2.23.so)
   aifftr01_lite 77579 [005] 2603099.613548:        467 cpu/event=0xC0,umask=0x00/u:      7f862f8956e4 _dl_sysdep_start (/lib/x86_64-linux-gnu/ld-2.23.so)
   aifftr01_lite 77579 [005] 2603099.613556:        164 cpu/event=0xD0,umask=0x81/u:      7f862f89513f init_cpu_features.constprop.0 (/lib/x86_64-linux-gnu/ld-2.23.so)
   aifftr01_lite 77579 [005] 2603099.613561:         84 cpu/event=0xD0,umask=0x82/u:      7f862f87e25f dl_main (/lib/x86_64-linux-gnu/ld-2.23.so)
   aifftr01_lite 77579 [005] 2603099.613566:         33 cpu/event=0xC5,umask=0x00/u:      7f862f895cc0 _dl_next_ld_env_entry (/lib/x86_64-linux-gnu/ld-2.23.so)
   aifftr01_lite 77579 [005] 2603099.613571:        640 cpu/event=0xC0,umask=0x00/u:      7f862f895cd1 _dl_next_ld_env_entry (/lib/x86_64-linux-gnu/ld-2.23.so)
   aifftr01_lite 77579 [005] 2603099.613576:       8285 cpu/event=0x3C,umask=0x00/u:      7f862f895cd1 _dl_next_ld_env_entry (/lib/x86_64-linux-gnu/ld-2.23.so)
   aifftr01_lite 77579 [005] 2603099.613593:        128 cpu/event=0xD0,umask=0x82/u:      7f862f87e724 dl_main (/lib/x86_64-linux-gnu/ld-2.23.so)
   aifftr01_lite 77579 [005] 2603099.613598:         51 cpu/event=0xC5,umask=0x00/u:      7f862f87f050 dl_main (/lib/x86_64-linux-gnu/ld-2.23.so)
   aifftr01_lite 77579 [005] 2603099.613603:        234 cpu/event=0xD0,umask=0x81/u:      7f862f87e72f dl_main (/lib/x86_64-linux-gnu/ld-2.23.so)
   aifftr01_lite 77579 [005] 2603099.613611:        907 cpu/event=0xC0,umask=0x00/u:      7f862f87e8e1 dl_main (/lib/x86_64-linux-gnu/ld-2.23.so)
   aifftr01_lite 77579 [005] 2603099.613618:       9392 cpu/event=0x3C,umask=0x00/u:  ffffffff8186d5d0 page_fault ([kernel.kallsyms])
   aifftr01_lite 77579 [005] 2603099.613625:         65 cpu/event=0xC5,umask=0x00/u:      7f862f87eba5 dl_main (/lib/x86_64-linux-gnu/ld-2.23.so)
   aifftr01_lite 77579 [005] 2603099.613630:        164 cpu/event=0xD0,umask=0x82/u:      7f862f898f6a strlen (/lib/x86_64-linux-gnu/ld-2.23.so)
   aifftr01_lite 77579 [005] 2603099.613635:       1078 cpu/event=0xC0,umask=0x00/u:      7f862f895af8 _dl_discover_osversion (/lib/x86_64-linux-gnu/ld-2.23.so)
   aifftr01_lite 77579 [005] 2603099.613640:        267 cpu/event=0xD0,umask=0x81/u:      7f862f87ef6e dl_main (/lib/x86_64-linux-gnu/ld-2.23.so)
   aifftr01_lite 77579 [005] 2603099.613652:        199 cpu/event=0xD0,umask=0x82/u:      7f862f899bb0 memset (/lib/x86_64-linux-gnu/ld-2.23.so)
   aifftr01_lite 77579 [005] 2603099.613661:         87 cpu/event=0xC5,umask=0x00/u:      7f862f88f2a7 _dl_count_modids (/lib/x86_64-linux-gnu/ld-2.23.so)
   aifftr01_lite 77579 [005] 2603099.613674:      11064 cpu/event=0x3C,umask=0x00/u:      7f862f88aca8 _dl_map_object_deps (/lib/x86_64-linux-gnu/ld-2.23.so)
   aifftr01_lite 77579 [005] 2603099.613679:       1509 cpu/event=0xC0,umask=0x00/u:      7f862f88b1d6 _dl_map_object_deps (/lib/x86_64-linux-gnu/ld-2.23.so)
   aifftr01_lite 77579 [005] 2603099.613685:        323 cpu/event=0xD0,umask=0x81/u:      7f862f884aad _dl_map_object (/lib/x86_64-linux-gnu/ld-2.23.so)
   aifftr01_lite 77579 [005] 2603099.613714:       1751 cpu/event=0xC0,umask=0x00/u:      7f862f89408d _dl_cache_libcmp (/lib/x86_64-linux-gnu/ld-2.23.so)
   aifftr01_lite 77579 [005] 2603099.613720:        288 cpu/event=0xD0,umask=0x82/u:      7f862f8947d5 _dl_load_cache_lookup (/lib/x86_64-linux-gnu/ld-2.23.so)
   aifftr01_lite 77579 [005] 2603099.613725:        374 cpu/event=0xD0,umask=0x81/u:      7f862f898ef1 strdup (/lib/x86_64-linux-gnu/ld-2.23.so)
   aifftr01_lite 77579 [005] 2603099.613730:        107 cpu/event=0xC5,umask=0x00/u:      7f862f899fad memcpy (/lib/x86_64-linux-gnu/ld-2.23.so)
   aifftr01_lite 77579 [005] 2603099.613751:      12141 cpu/event=0x3C,umask=0x00/u:  ffffffff8186d5d0 page_fault ([kernel.kallsyms])
   aifftr01_lite 77579 [005] 2603099.613759:       2156 cpu/event=0xC0,umask=0x00/u:      7f862f882648 _dl_map_object_from_fd (/lib/x86_64-linux-gnu/ld-2.23.so)
   aifftr01_lite 77579 [005] 2603099.613802:        443 cpu/event=0xD0,umask=0x81/u:      7f862f882d3f _dl_map_object_from_fd (/lib/x86_64-linux-gnu/ld-2.23.so)
   aifftr01_lite 77579 [005] 2603099.613815:        305 cpu/event=0xD0,umask=0x82/u:      7f862f884a98 _dl_map_object (/lib/x86_64-linux-gnu/ld-2.23.so)
   aifftr01_lite 77579 [005] 2603099.613821:        113 cpu/event=0xC5,umask=0x00/u:      7f862f88d9c0 _dl_name_match_p (/lib/x86_64-linux-gnu/ld-2.23.so)
   aifftr01_lite 77579 [005] 2603099.613830:       2482 cpu/event=0xC0,umask=0x00/u:      7f862f89408d _dl_cache_libcmp (/lib/x86_64-linux-gnu/ld-2.23.so)
   aifftr01_lite 77579 [005] 2603099.613835:        461 cpu/event=0xD0,umask=0x81/u:      7f862f899023 strlen (/lib/x86_64-linux-gnu/ld-2.23.so)
   aifftr01_lite 77579 [005] 2603099.613840:      12601 cpu/event=0x3C,umask=0x00/u:      7f862f899ed0 memcpy (/lib/x86_64-linux-gnu/ld-2.23.so)
   aifftr01_lite 77579 [005] 2603099.613885:        307 cpu/event=0xD0,umask=0x82/u:      7f862f899c4e memset (/lib/x86_64-linux-gnu/ld-2.23.so)
   aifftr01_lite 77579 [005] 2603099.613891:       2614 cpu/event=0xC0,umask=0x00/u:      7f862f899c44 memset (/lib/x86_64-linux-gnu/ld-2.23.so)
   aifftr01_lite 77579 [005] 2603099.613917:        575 cpu/event=0xD0,umask=0x81/u:      7f862f88c5a4 _dl_catch_error (/lib/x86_64-linux-gnu/ld-2.23.so)
   aifftr01_lite 77579 [005] 2603099.613923:        115 cpu/event=0xC5,umask=0x00/u:      7f862f897aca strcmp (/lib/x86_64-linux-gnu/ld-2.23.so)
   aifftr01_lite 77579 [005] 2603099.613929:        324 cpu/event=0xD0,umask=0x82/u:      7f862f8975b1 __GI___sigsetjmp (/lib/x86_64-linux-gnu/ld-2.23.so)
   aifftr01_lite 77579 [005] 2603099.613935:       2824 cpu/event=0xC0,umask=0x00/u:      7f862f895e70 malloc (/lib/x86_64-linux-gnu/ld-2.23.so)
   aifftr01_lite 77579 [005] 2603099.613940:      12783 cpu/event=0x3C,umask=0x00/u:      7f862f899f11 memcpy (/lib/x86_64-linux-gnu/ld-2.23.so)
   aifftr01_lite 77579 [005] 2603099.613949:        591 cpu/event=0xD0,umask=0x81/u:      7f862f88a290 _dl_map_object_deps (/lib/x86_64-linux-gnu/ld-2.23.so)
   aifftr01_lite 77579 [005] 2603099.613961:        115 cpu/event=0xC5,umask=0x00/u:      7f862f88dc03 match_symbol (/lib/x86_64-linux-gnu/ld-2.23.so)
   aifftr01_lite 77579 [005] 2603099.613967:       3275 cpu/event=0xC0,umask=0x00/u:      7f862f88e101 _dl_check_map_versions (/lib/x86_64-linux-gnu/ld-2.23.so)
   aifftr01_lite 77579 [005] 2603099.613972:        376 cpu/event=0xD0,umask=0x82/u:      7f862f88e157 _dl_check_map_versions (/lib/x86_64-linux-gnu/ld-2.23.so)
   aifftr01_lite 77579 [005] 2603099.613977:        750 cpu/event=0xD0,umask=0x81/u:      7f862f898728 strcmp (/lib/x86_64-linux-gnu/ld-2.23.so)
   aifftr01_lite 77579 [005] 2603099.613985:        987 cpu/event=0xD0,umask=0x81/u:      7f862f88e0ce _dl_check_map_versions (/lib/x86_64-linux-gnu/ld-2.23.so)
   aifftr01_lite 77579 [005] 2603099.613986:      12793 cpu/event=0x3C,umask=0x00/u:      7f862f88e0ce _dl_check_map_versions (/lib/x86_64-linux-gnu/ld-2.23.so)
   aifftr01_lite 77579 [005] 2603099.613991:       4141 cpu/event=0xC0,umask=0x00/u:      7f862f88e0d8 _dl_check_map_versions (/lib/x86_64-linux-gnu/ld-2.23.so)
   aifftr01_lite 77579 [005] 2603099.614005:        439 cpu/event=0xD0,umask=0x82/u:      7f862f88f39c _dl_determine_tlsoffset (/lib/x86_64-linux-gnu/ld-2.23.so)
   aifftr01_lite 77579 [005] 2603099.614026:        139 cpu/event=0xC5,umask=0x00/u:      7f862f87ffa7 dl_main (/lib/x86_64-linux-gnu/ld-2.23.so)
   aifftr01_lite 77579 [005] 2603099.614041:       2509 cpu/event=0xD0,umask=0x81/u:      7f862f88865a _dl_relocate_object (/lib/x86_64-linux-gnu/ld-2.23.so)
   aifftr01_lite 77579 [005] 2603099.614051:       5777 cpu/event=0xC0,umask=0x00/u:      7f862f888639 _dl_relocate_object (/lib/x86_64-linux-gnu/ld-2.23.so)
   aifftr01_lite 77579 [005] 2603099.614056:        548 cpu/event=0xD0,umask=0x82/u:      7f862f888630 _dl_relocate_object (/lib/x86_64-linux-gnu/ld-2.23.so)
   aifftr01_lite 77579 [005] 2603099.614062:      14658 cpu/event=0x3C,umask=0x00/u:      7f862f888650 _dl_relocate_object (/lib/x86_64-linux-gnu/ld-2.23.so)
   aifftr01_lite 77579 [005] 2603099.614071:       6261 cpu/event=0xC0,umask=0x00/u:      7f862f888639 _dl_relocate_object (/lib/x86_64-linux-gnu/ld-2.23.so)
   aifftr01_lite 77579 [005] 2603099.614077:        615 cpu/event=0xD0,umask=0x82/u:      7f862f888650 _dl_relocate_object (/lib/x86_64-linux-gnu/ld-2.23.so)
   aifftr01_lite 77579 [005] 2603099.614083:       2752 cpu/event=0xD0,umask=0x81/u:      7f862f888654 _dl_relocate_object (/lib/x86_64-linux-gnu/ld-2.23.so)
   aifftr01_lite 77579 [005] 2603099.614088:       9241 cpu/event=0xC0,umask=0x00/u:      7f862f88865a _dl_relocate_object (/lib/x86_64-linux-gnu/ld-2.23.so)
   aifftr01_lite 77579 [005] 2603099.614096:        900 cpu/event=0xD0,umask=0x82/u:      7f862f885f8a do_lookup_x (/lib/x86_64-linux-gnu/ld-2.23.so)
   aifftr01_lite 77579 [005] 2603099.614104:       3234 cpu/event=0xD0,umask=0x81/u:      7f862f8886c2 _dl_relocate_object (/lib/x86_64-linux-gnu/ld-2.23.so)
   aifftr01_lite 77579 [005] 2603099.614109:      15239 cpu/event=0x3C,umask=0x00/u:      7f862f8861a7 do_lookup_x (/lib/x86_64-linux-gnu/ld-2.23.so)
   aifftr01_lite 77579 [005] 2603099.614114:      14972 cpu/event=0xC0,umask=0x00/u:      7f862f885f86 do_lookup_x (/lib/x86_64-linux-gnu/ld-2.23.so)
   aifftr01_lite 77579 [005] 2603099.614120:       1398 cpu/event=0xD0,umask=0x82/u:      7f862f885ea4 do_lookup_x (/lib/x86_64-linux-gnu/ld-2.23.so)
   aifftr01_lite 77579 [005] 2603099.614128:        149 cpu/event=0xC5,umask=0x00/u:      7f862f8865b4 do_lookup_x (/lib/x86_64-linux-gnu/ld-2.23.so)
   aifftr01_lite 77579 [005] 2603099.614135:       4727 cpu/event=0xD0,umask=0x81/u:      7f862f88667b do_lookup_x (/lib/x86_64-linux-gnu/ld-2.23.so)
   aifftr01_lite 77579 [005] 2603099.614141:       1930 cpu/event=0xD0,umask=0x82/u:      7f862f8886d5 _dl_relocate_object (/lib/x86_64-linux-gnu/ld-2.23.so)
   aifftr01_lite 77579 [005] 2603099.614147:      20234 cpu/event=0xC0,umask=0x00/u:      7f862f886a57 _dl_lookup_symbol_x (/lib/x86_64-linux-gnu/ld-2.23.so)
   aifftr01_lite 77579 [005] 2603099.614154:      17329 cpu/event=0x3C,umask=0x00/u:      7f862f885fd9 do_lookup_x (/lib/x86_64-linux-gnu/ld-2.23.so)
   aifftr01_lite 77579 [005] 2603099.614163:       6049 cpu/event=0xD0,umask=0x81/u:      7f862f886610 do_lookup_x (/lib/x86_64-linux-gnu/ld-2.23.so)
   aifftr01_lite 77579 [005] 2603099.614168:       2857 cpu/event=0xD0,umask=0x82/u:      7f862f886a20 _dl_lookup_symbol_x (/lib/x86_64-linux-gnu/ld-2.23.so)
   aifftr01_lite 77579 [005] 2603099.614176:      25440 cpu/event=0xC0,umask=0x00/u:      7f862f885f43 do_lookup_x (/lib/x86_64-linux-gnu/ld-2.23.so)
   aifftr01_lite 77579 [005] 2603099.614183:        149 cpu/event=0xC5,umask=0x00/u:      7f862f888521 _dl_relocate_object (/lib/x86_64-linux-gnu/ld-2.23.so)
   aifftr01_lite 77579 [005] 2603099.614209:      20056 cpu/event=0x3C,umask=0x00/u:      7f862f2ece40 _dl_vdso_vsym (/lib/x86_64-linux-gnu/libc-2.23.so)
   aifftr01_lite 77579 [005] 2603099.614231:        165 cpu/event=0xC5,umask=0x00/u:      7f862f888580 _dl_relocate_object (/lib/x86_64-linux-gnu/ld-2.23.so)
   aifftr01_lite 77579 [005] 2603099.614255:       8024 cpu/event=0xD0,umask=0x81/u:      7f862f8884af _dl_relocate_object (/lib/x86_64-linux-gnu/ld-2.23.so)
   aifftr01_lite 77579 [005] 2603099.614268:       3818 cpu/event=0xD0,umask=0x82/u:      7f862f885ea8 do_lookup_x (/lib/x86_64-linux-gnu/ld-2.23.so)
   aifftr01_lite 77579 [005] 2603099.614280:      22054 cpu/event=0x3C,umask=0x00/u:      7f862f88d114 _dl_debug_initialize (/lib/x86_64-linux-gnu/ld-2.23.so)
   aifftr01_lite 77579 [005] 2603099.614326:        188 cpu/event=0xC5,umask=0x00/u:      7f862f253bce handle_intel (/lib/x86_64-linux-gnu/libc-2.23.so)
   aifftr01_lite 77579 [005] 2603099.614359:      23182 cpu/event=0x3C,umask=0x00/u:      7f862f88ba8b _dl_fixup (/lib/x86_64-linux-gnu/ld-2.23.so)
   aifftr01_lite 77579 [005] 2603099.614371:      33180 cpu/event=0xC0,umask=0x00/u:      7f862f898eb5 strcmp (/lib/x86_64-linux-gnu/ld-2.23.so)
   aifftr01_lite 77579 [005] 2603099.614379:        190 cpu/event=0xC5,umask=0x00/u:      7f862f2ec3c6 _dl_addr (/lib/x86_64-linux-gnu/libc-2.23.so)
   aifftr01_lite 77579 [005] 2603099.614389:        211 cpu/event=0xC5,umask=0x00/u:      7f862f2ec383 _dl_addr (/lib/x86_64-linux-gnu/libc-2.23.so)
   aifftr01_lite 77579 [005] 2603099.614400:        440 cpu/event=0xC5,umask=0x00/u:      7f862f2ec38c _dl_addr (/lib/x86_64-linux-gnu/libc-2.23.so)
   aifftr01_lite 77579 [005] 2603099.614406:      23980 cpu/event=0x3C,umask=0x00/u:      7f862f2ec3b7 _dl_addr (/lib/x86_64-linux-gnu/libc-2.23.so)
   aifftr01_lite 77579 [005] 2603099.614416:       8110 cpu/event=0xD0,umask=0x81/u:      7f862f2ec38c _dl_addr (/lib/x86_64-linux-gnu/libc-2.23.so)
   aifftr01_lite 77579 [005] 2603099.614428:        892 cpu/event=0xC5,umask=0x00/u:      7f862f2ec364 _dl_addr (/lib/x86_64-linux-gnu/libc-2.23.so)
   aifftr01_lite 77579 [005] 2603099.614436:      31166 cpu/event=0xC0,umask=0x00/u:      7f862f2ec37d _dl_addr (/lib/x86_64-linux-gnu/libc-2.23.so)
   aifftr01_lite 77579 [005] 2603099.614444:      27381 cpu/event=0x3C,umask=0x00/u:      7f862f2ec3ac _dl_addr (/lib/x86_64-linux-gnu/libc-2.23.so)
   aifftr01_lite 77579 [005] 2603099.614465:       7726 cpu/event=0xD0,umask=0x81/u:      7f862f2ec343 _dl_addr (/lib/x86_64-linux-gnu/libc-2.23.so)
   aifftr01_lite 77579 [005] 2603099.614474:       1188 cpu/event=0xC5,umask=0x00/u:      7f862f22b187 _int_malloc (/lib/x86_64-linux-gnu/libc-2.23.so)
   aifftr01_lite 77579 [005] 2603099.614492:      32784 cpu/event=0x3C,umask=0x00/u:      7f862f22a9a5 sysmalloc (/lib/x86_64-linux-gnu/libc-2.23.so)
   aifftr01_lite 77579 [005] 2603099.614516:      33209 cpu/event=0xC0,umask=0x00/u:            4008bb GetTestData (/home/koga/autobench_perf/src/autobench/aifftr01_lite)
   aifftr01_lite 77579 [005] 2603099.614522:       3819 cpu/event=0xD0,umask=0x82/u:            4008bb GetTestData (/home/koga/autobench_perf/src/autobench/aifftr01_lite)
   aifftr01_lite 77579 [005] 2603099.614588:      37345 cpu/event=0x3C,umask=0x00/u:      7f862f597ce7 __sincos (/lib/x86_64-linux-gnu/libm-2.23.so)
   aifftr01_lite 77579 [005] 2603099.614594:       8722 cpu/event=0xD0,umask=0x81/u:      7f862f596db6 __sincos (/lib/x86_64-linux-gnu/libm-2.23.so)
   aifftr01_lite 77579 [005] 2603099.614595:       3531 cpu/event=0xD0,umask=0x82/u:      7f862f596db6 __sincos (/lib/x86_64-linux-gnu/libm-2.23.so)
   aifftr01_lite 77579 [005] 2603099.614603:      34274 cpu/event=0xC0,umask=0x00/u:      7f862f5974b1 __sincos (/lib/x86_64-linux-gnu/libm-2.23.so)
   aifftr01_lite 77579 [005] 2603099.614624:      34933 cpu/event=0xC0,umask=0x00/u:      7f862f597bc2 __sincos (/lib/x86_64-linux-gnu/libm-2.23.so)
   aifftr01_lite 77579 [005] 2603099.614638:      50825 cpu/event=0xC0,umask=0x00/u:            400aef t_run_test (/home/koga/autobench_perf/src/autobench/aifftr01_lite)
   aifftr01_lite 77579 [005] 2603099.614643:      37547 cpu/event=0x3C,umask=0x00/u:            400aef t_run_test (/home/koga/autobench_perf/src/autobench/aifftr01_lite)
   aifftr01_lite 77579 [005] 2603099.614650:       8478 cpu/event=0xD0,umask=0x81/u:      7f862f893e40 _dl_runtime_resolve_xsave (/lib/x86_64-linux-gnu/ld-2.23.so)
   aifftr01_lite 77579 [005] 2603099.614661:       3690 cpu/event=0xD0,umask=0x82/u:            400904 GetInputValues (/home/koga/autobench_perf/src/autobench/aifftr01_lite)
   aifftr01_lite 77579 [005] 2603099.614681:       3935 cpu/event=0xD0,umask=0x82/u:            400cc9 t_run_test (/home/koga/autobench_perf/src/autobench/aifftr01_lite)
   aifftr01_lite 77579 [005] 2603099.614690:       5852 cpu/event=0xD0,umask=0x82/u:            400d1e t_run_test (/home/koga/autobench_perf/src/autobench/aifftr01_lite)
   aifftr01_lite 77579 [005] 2603099.614697:       9321 cpu/event=0xD0,umask=0x81/u:            400d28 t_run_test (/home/koga/autobench_perf/src/autobench/aifftr01_lite)
   aifftr01_lite 77579 [005] 2603099.614705:      90747 cpu/event=0xC0,umask=0x00/u:            400d28 t_run_test (/home/koga/autobench_perf/src/autobench/aifftr01_lite)
   aifftr01_lite 77579 [005] 2603099.614711:      13077 cpu/event=0xD0,umask=0x82/u:            400d12 t_run_test (/home/koga/autobench_perf/src/autobench/aifftr01_lite)
   aifftr01_lite 77579 [005] 2603099.614722:      41312 cpu/event=0x3C,umask=0x00/u:            400d16 t_run_test (/home/koga/autobench_perf/src/autobench/aifftr01_lite)
   aifftr01_lite 77579 [005] 2603099.614730:      10635 cpu/event=0xD0,umask=0x81/u:            400ccd t_run_test (/home/koga/autobench_perf/src/autobench/aifftr01_lite)
   aifftr01_lite 77579 [005] 2603099.614739:      19165 cpu/event=0xD0,umask=0x82/u:            400d0f t_run_test (/home/koga/autobench_perf/src/autobench/aifftr01_lite)
   aifftr01_lite 77579 [005] 2603099.614750:      13377 cpu/event=0xD0,umask=0x81/u:            400d33 t_run_test (/home/koga/autobench_perf/src/autobench/aifftr01_lite)
   aifftr01_lite 77579 [005] 2603099.614762:      96295 cpu/event=0xC0,umask=0x00/u:            400f37 t_run_test (/home/koga/autobench_perf/src/autobench/aifftr01_lite)
   aifftr01_lite 77579 [005] 2603099.614783:      19898 cpu/event=0xD0,umask=0x81/u:            4010ff t_run_test (/home/koga/autobench_perf/src/autobench/aifftr01_lite)
   aifftr01_lite 77579 [005] 2603099.614788:      42684 cpu/event=0x3C,umask=0x00/u:            401127 t_run_test (/home/koga/autobench_perf/src/autobench/aifftr01_lite)
   aifftr01_lite 77579 [005] 2603099.614797:      25374 cpu/event=0xD0,umask=0x82/u:            401152 t_run_test (/home/koga/autobench_perf/src/autobench/aifftr01_lite)
   aifftr01_lite 77579 [005] 2603099.614821:     105263 cpu/event=0xC0,umask=0x00/u:            401104 t_run_test (/home/koga/autobench_perf/src/autobench/aifftr01_lite)
   aifftr01_lite 77579 [005] 2603099.614828:      24988 cpu/event=0xD0,umask=0x81/u:            40114f t_run_test (/home/koga/autobench_perf/src/autobench/aifftr01_lite)
   aifftr01_lite 77579 [005] 2603099.614839:      27732 cpu/event=0xD0,umask=0x82/u:            4010e8 t_run_test (/home/koga/autobench_perf/src/autobench/aifftr01_lite)
   aifftr01_lite 77579 [005] 2603099.614847:      45371 cpu/event=0x3C,umask=0x00/u:            401319 t_run_test (/home/koga/autobench_perf/src/autobench/aifftr01_lite)
   aifftr01_lite 77579 [005] 2603099.614881:      28730 cpu/event=0xD0,umask=0x81/u:            40156d t_run_test (/home/koga/autobench_perf/src/autobench/aifftr01_lite)
   aifftr01_lite 77579 [005] 2603099.614887:     114384 cpu/event=0xC0,umask=0x00/u:            401538 t_run_test (/home/koga/autobench_perf/src/autobench/aifftr01_lite)
   aifftr01_lite 77579 [005] 2603099.614898:      32459 cpu/event=0xD0,umask=0x82/u:            401511 t_run_test (/home/koga/autobench_perf/src/autobench/aifftr01_lite)
   aifftr01_lite 77579 [005] 2603099.614908:      49344 cpu/event=0x3C,umask=0x00/u:            401528 t_run_test (/home/koga/autobench_perf/src/autobench/aifftr01_lite)
   aifftr01_lite 77579 [005] 2603099.614936:      31982 cpu/event=0xD0,umask=0x81/u:            400cf0 t_run_test (/home/koga/autobench_perf/src/autobench/aifftr01_lite)
   aifftr01_lite 77579 [005] 2603099.614946:     121800 cpu/event=0xC0,umask=0x00/u:            400cec t_run_test (/home/koga/autobench_perf/src/autobench/aifftr01_lite)
   aifftr01_lite 77579 [005] 2603099.614959:      35256 cpu/event=0xD0,umask=0x82/u:            400d12 t_run_test (/home/koga/autobench_perf/src/autobench/aifftr01_lite)
   aifftr01_lite 77579 [005] 2603099.614968:      53336 cpu/event=0x3C,umask=0x00/u:            400d4b t_run_test (/home/koga/autobench_perf/src/autobench/aifftr01_lite)
   aifftr01_lite 77579 [005] 2603099.614995:      35299 cpu/event=0xD0,umask=0x81/u:            400fa0 t_run_test (/home/koga/autobench_perf/src/autobench/aifftr01_lite)
   aifftr01_lite 77579 [005] 2603099.615007:     132545 cpu/event=0xC0,umask=0x00/u:            40110f t_run_test (/home/koga/autobench_perf/src/autobench/aifftr01_lite)
   aifftr01_lite 77579 [005] 2603099.615046:      33941 cpu/event=0xD0,umask=0x82/u:            4010b6 t_run_test (/home/koga/autobench_perf/src/autobench/aifftr01_lite)
   aifftr01_lite 77579 [005] 2603099.615054:      52435 cpu/event=0x3C,umask=0x00/u:            401155 t_run_test (/home/koga/autobench_perf/src/autobench/aifftr01_lite)
   aifftr01_lite 77579 [005] 2603099.615083:      34133 cpu/event=0xD0,umask=0x81/u:            4013c2 t_run_test (/home/koga/autobench_perf/src/autobench/aifftr01_lite)
   aifftr01_lite 77579 [005] 2603099.615095:     127956 cpu/event=0xC0,umask=0x00/u:            401528 t_run_test (/home/koga/autobench_perf/src/autobench/aifftr01_lite)
   aifftr01_lite 77579 [005] 2603099.615108:      34575 cpu/event=0xD0,umask=0x82/u:            40156d t_run_test (/home/koga/autobench_perf/src/autobench/aifftr01_lite)
   aifftr01_lite 77579 [005] 2603099.615117:      53448 cpu/event=0x3C,umask=0x00/u:            40156d t_run_test (/home/koga/autobench_perf/src/autobench/aifftr01_lite)
   aifftr01_lite 77579 [005] 2603099.615143:      34724 cpu/event=0xD0,umask=0x81/u:            401765 t_run_test (/home/koga/autobench_perf/src/autobench/aifftr01_lite)
   aifftr01_lite 77579 [005] 2603099.615157:     130196 cpu/event=0xC0,umask=0x00/u:            400d41 t_run_test (/home/koga/autobench_perf/src/autobench/aifftr01_lite)
   aifftr01_lite 77579 [005] 2603099.615170:      37202 cpu/event=0xD0,umask=0x82/u:            400ccd t_run_test (/home/koga/autobench_perf/src/autobench/aifftr01_lite)
   aifftr01_lite 77579 [005] 2603099.615180:      57420 cpu/event=0x3C,umask=0x00/u:            400c96 t_run_test (/home/koga/autobench_perf/src/autobench/aifftr01_lite)
   aifftr01_lite 77579 [005] 2603099.615207:      37657 cpu/event=0xD0,umask=0x81/u:            400ebc t_run_test (/home/koga/autobench_perf/src/autobench/aifftr01_lite)
   aifftr01_lite 77579 [005] 2603099.615220:     139989 cpu/event=0xC0,umask=0x00/u:            400fcf t_run_test (/home/koga/autobench_perf/src/autobench/aifftr01_lite)
   aifftr01_lite 77579 [005] 2603099.615236:      40010 cpu/event=0xD0,umask=0x82/u:            401107 t_run_test (/home/koga/autobench_perf/src/autobench/aifftr01_lite)
   aifftr01_lite 77579 [005] 2603099.615247:      61596 cpu/event=0x3C,umask=0x00/u:            4010f6 t_run_test (/home/koga/autobench_perf/src/autobench/aifftr01_lite)
   aifftr01_lite 77579 [005] 2603099.615273:      40347 cpu/event=0xD0,umask=0x81/u:            401350 t_run_test (/home/koga/autobench_perf/src/autobench/aifftr01_lite)
   aifftr01_lite 77579 [005] 2603099.615286:     150173 cpu/event=0xC0,umask=0x00/u:            40156d t_run_test (/home/koga/autobench_perf/src/autobench/aifftr01_lite)
   aifftr01_lite 77579 [005] 2603099.615303:      42656 cpu/event=0xD0,umask=0x82/u:            40154f t_run_test (/home/koga/autobench_perf/src/autobench/aifftr01_lite)
   aifftr01_lite 77579 [005] 2603099.615317:      65444 cpu/event=0x3C,umask=0x00/u:            401530 t_run_test (/home/koga/autobench_perf/src/autobench/aifftr01_lite)
   aifftr01_lite 77579 [005] 2603099.615345:      42870 cpu/event=0xD0,umask=0x81/u:            400d1e t_run_test (/home/koga/autobench_perf/src/autobench/aifftr01_lite)
   aifftr01_lite 77579 [005] 2603099.615356:     159820 cpu/event=0xC0,umask=0x00/u:            400ccd t_run_test (/home/koga/autobench_perf/src/autobench/aifftr01_lite)
   aifftr01_lite 77579 [005] 2603099.615373:      45274 cpu/event=0xD0,umask=0x82/u:            400d4b t_run_test (/home/koga/autobench_perf/src/autobench/aifftr01_lite)
   aifftr01_lite 77579 [005] 2603099.615391:      68963 cpu/event=0x3C,umask=0x00/u:            400d28 t_run_test (/home/koga/autobench_perf/src/autobench/aifftr01_lite)
   aifftr01_lite 77579 [005] 2603099.615420:      44938 cpu/event=0xD0,umask=0x81/u:            401107 t_run_test (/home/koga/autobench_perf/src/autobench/aifftr01_lite)
   aifftr01_lite 77579 [005] 2603099.615428:     168595 cpu/event=0xC0,umask=0x00/u:            401139 t_run_test (/home/koga/autobench_perf/src/autobench/aifftr01_lite)
   aifftr01_lite 77579 [005] 2603099.615446:      47675 cpu/event=0xD0,umask=0x82/u:            4010e0 t_run_test (/home/koga/autobench_perf/src/autobench/aifftr01_lite)
   aifftr01_lite 77579 [005] 2603099.615467:      72069 cpu/event=0x3C,umask=0x00/u:            4013c2 t_run_test (/home/koga/autobench_perf/src/autobench/aifftr01_lite)
   aifftr01_lite 77579 [005] 2603099.615495:      46900 cpu/event=0xD0,umask=0x81/u:            401577 t_run_test (/home/koga/autobench_perf/src/autobench/aifftr01_lite)
   aifftr01_lite 77579 [005] 2603099.615502:     176723 cpu/event=0xC0,umask=0x00/u:            40158c t_run_test (/home/koga/autobench_perf/src/autobench/aifftr01_lite)
   aifftr01_lite 77579 [005] 2603099.615513:       1201 cpu/event=0xC5,umask=0x00/u:            401525 t_run_test (/home/koga/autobench_perf/src/autobench/aifftr01_lite)
   aifftr01_lite 77579 [005] 2603099.615531:      49911 cpu/event=0xD0,umask=0x82/u:            400b62 t_run_test (/home/koga/autobench_perf/src/autobench/aifftr01_lite)
   aifftr01_lite 77579 [005] 2603099.615551:      74853 cpu/event=0x3C,umask=0x00/u:            400cd3 t_run_test (/home/koga/autobench_perf/src/autobench/aifftr01_lite)
   aifftr01_lite 77579 [005] 2603099.615575:      48776 cpu/event=0xD0,umask=0x81/u:            400d63 t_run_test (/home/koga/autobench_perf/src/autobench/aifftr01_lite)
   aifftr01_lite 77579 [005] 2603099.615584:     184376 cpu/event=0xC0,umask=0x00/u:            400ee2 t_run_test (/home/koga/autobench_perf/src/autobench/aifftr01_lite)
   aifftr01_lite 77579 [005] 2603099.615609:      50942 cpu/event=0xD0,umask=0x82/u:            4010ff t_run_test (/home/koga/autobench_perf/src/autobench/aifftr01_lite)
   aifftr01_lite 77579 [005] 2603099.615632:      76678 cpu/event=0x3C,umask=0x00/u:            4010d2 t_run_test (/home/koga/autobench_perf/src/autobench/aifftr01_lite)
   aifftr01_lite 77579 [005] 2603099.615656:      50369 cpu/event=0xD0,umask=0x81/u:            40156a t_run_test (/home/koga/autobench_perf/src/autobench/aifftr01_lite)
   aifftr01_lite 77579 [005] 2603099.615666:     189443 cpu/event=0xC0,umask=0x00/u:            40156a t_run_test (/home/koga/autobench_perf/src/autobench/aifftr01_lite)
   aifftr01_lite 77579 [005] 2603099.615687:      52772 cpu/event=0xD0,umask=0x82/u:            401505 t_run_test (/home/koga/autobench_perf/src/autobench/aifftr01_lite)
   aifftr01_lite 77579 [005] 2603099.615715:      78866 cpu/event=0x3C,umask=0x00/u:            400d08 t_run_test (/home/koga/autobench_perf/src/autobench/aifftr01_lite)
   aifftr01_lite 77579 [005] 2603099.615738:      51838 cpu/event=0xD0,umask=0x81/u:            400d41 t_run_test (/home/koga/autobench_perf/src/autobench/aifftr01_lite)
   aifftr01_lite 77579 [005] 2603099.615746:     194862 cpu/event=0xC0,umask=0x00/u:            400c96 t_run_test (/home/koga/autobench_perf/src/autobench/aifftr01_lite)
   aifftr01_lite 77579 [005] 2603099.615773:      54631 cpu/event=0xD0,umask=0x82/u:            401141 t_run_test (/home/koga/autobench_perf/src/autobench/aifftr01_lite)
   aifftr01_lite 77579 [005] 2603099.615800:      80934 cpu/event=0x3C,umask=0x00/u:            4010ce t_run_test (/home/koga/autobench_perf/src/autobench/aifftr01_lite)
   aifftr01_lite 77579 [005] 2603099.615818:      53215 cpu/event=0xD0,umask=0x81/u:            400904 GetInputValues (/home/koga/autobench_perf/src/autobench/aifftr01_lite)
   aifftr01_lite 77579 [005] 2603099.615830:     200825 cpu/event=0xC0,umask=0x00/u:            401563 t_run_test (/home/koga/autobench_perf/src/autobench/aifftr01_lite)
   aifftr01_lite 77579 [005] 2603099.615855:      55775 cpu/event=0xD0,umask=0x82/u:            401509 t_run_test (/home/koga/autobench_perf/src/autobench/aifftr01_lite)
   aifftr01_lite 77579 [005] 2603099.615886:      82716 cpu/event=0x3C,umask=0x00/u:            400cc5 t_run_test (/home/koga/autobench_perf/src/autobench/aifftr01_lite)
   aifftr01_lite 77579 [005] 2603099.615906:      54919 cpu/event=0xD0,umask=0x81/u:            400d4b t_run_test (/home/koga/autobench_perf/src/autobench/aifftr01_lite)
   aifftr01_lite 77579 [005] 2603099.615914:     205614 cpu/event=0xC0,umask=0x00/u:            400d7c t_run_test (/home/koga/autobench_perf/src/autobench/aifftr01_lite)
   aifftr01_lite 77579 [005] 2603099.615943:      57329 cpu/event=0xD0,umask=0x82/u:            401117 t_run_test (/home/koga/autobench_perf/src/autobench/aifftr01_lite)
   aifftr01_lite 77579 [005] 2603099.615974:      84345 cpu/event=0x3C,umask=0x00/u:            4010ce t_run_test (/home/koga/autobench_perf/src/autobench/aifftr01_lite)
   aifftr01_lite 77579 [005] 2603099.615989:      55821 cpu/event=0xD0,umask=0x81/u:            401350 t_run_test (/home/koga/autobench_perf/src/autobench/aifftr01_lite)
   aifftr01_lite 77579 [005] 2603099.616002:     210424 cpu/event=0xC0,umask=0x00/u:            40156d t_run_test (/home/koga/autobench_perf/src/autobench/aifftr01_lite)
   aifftr01_lite 77579 [005] 2603099.616028:      58257 cpu/event=0xD0,umask=0x82/u:            401517 t_run_test (/home/koga/autobench_perf/src/autobench/aifftr01_lite)
   aifftr01_lite 77579 [005] 2603099.616063:      85773 cpu/event=0x3C,umask=0x00/u:            400ccd t_run_test (/home/koga/autobench_perf/src/autobench/aifftr01_lite)
   aifftr01_lite 77579 [005] 2603099.616081:      57300 cpu/event=0xD0,umask=0x81/u:            400ccd t_run_test (/home/koga/autobench_perf/src/autobench/aifftr01_lite)
   aifftr01_lite 77579 [005] 2603099.616089:     214253 cpu/event=0xC0,umask=0x00/u:            400d28 t_run_test (/home/koga/autobench_perf/src/autobench/aifftr01_lite)
   aifftr01_lite 77579 [005] 2603099.616120:      59549 cpu/event=0xD0,umask=0x82/u:            40114f t_run_test (/home/koga/autobench_perf/src/autobench/aifftr01_lite)
   aifftr01_lite 77579 [005] 2603099.616154:      87090 cpu/event=0x3C,umask=0x00/u:            4012fb t_run_test (/home/koga/autobench_perf/src/autobench/aifftr01_lite)
   aifftr01_lite 77579 [005] 2603099.616169:      57896 cpu/event=0xD0,umask=0x81/u:            401566 t_run_test (/home/koga/autobench_perf/src/autobench/aifftr01_lite)
   aifftr01_lite 77579 [005] 2603099.616179:     218071 cpu/event=0xC0,umask=0x00/u:            401517 t_run_test (/home/koga/autobench_perf/src/autobench/aifftr01_lite)
   aifftr01_lite 77579 [005] 2603099.616207:      60231 cpu/event=0xD0,umask=0x82/u:            4015e3 t_run_test (/home/koga/autobench_perf/src/autobench/aifftr01_lite)
   aifftr01_lite 77579 [005] 2603099.616245:      88222 cpu/event=0x3C,umask=0x00/u:            400c96 t_run_test (/home/koga/autobench_perf/src/autobench/aifftr01_lite)
   aifftr01_lite 77579 [005] 2603099.616259:      58905 cpu/event=0xD0,umask=0x81/u:            400d44 t_run_test (/home/koga/autobench_perf/src/autobench/aifftr01_lite)
   aifftr01_lite 77579 [005] 2603099.616269:     221094 cpu/event=0xC0,umask=0x00/u:            400d00 t_run_test (/home/koga/autobench_perf/src/autobench/aifftr01_lite)
   aifftr01_lite 77579 [005] 2603099.616300:      61363 cpu/event=0xD0,umask=0x82/u:            4010ec t_run_test (/home/koga/autobench_perf/src/autobench/aifftr01_lite)
   aifftr01_lite 77579 [005] 2603099.616338:      89271 cpu/event=0x3C,umask=0x00/u:            401509 t_run_test (/home/koga/autobench_perf/src/autobench/aifftr01_lite)
   aifftr01_lite 77579 [005] 2603099.616353:      59687 cpu/event=0xD0,umask=0x81/u:            401520 t_run_test (/home/koga/autobench_perf/src/autobench/aifftr01_lite)
   aifftr01_lite 77579 [005] 2603099.616362:     224261 cpu/event=0xC0,umask=0x00/u:            4014d6 t_run_test (/home/koga/autobench_perf/src/autobench/aifftr01_lite)
   aifftr01_lite 77579 [005] 2603099.616395:      61909 cpu/event=0xD0,umask=0x82/u:            400d12 t_run_test (/home/koga/autobench_perf/src/autobench/aifftr01_lite)
   aifftr01_lite 77579 [005] 2603099.616431:      90142 cpu/event=0x3C,umask=0x00/u:            400ce4 t_run_test (/home/koga/autobench_perf/src/autobench/aifftr01_lite)
   aifftr01_lite 77579 [005] 2603099.616442:      60176 cpu/event=0xD0,umask=0x81/u:            400904 GetInputValues (/home/koga/autobench_perf/src/autobench/aifftr01_lite)
   aifftr01_lite 77579 [005] 2603099.616454:     226432 cpu/event=0xC0,umask=0x00/u:            401155 t_run_test (/home/koga/autobench_perf/src/autobench/aifftr01_lite)
   aifftr01_lite 77579 [005] 2603099.616484:      62306 cpu/event=0xD0,umask=0x82/u:            4010e4 t_run_test (/home/koga/autobench_perf/src/autobench/aifftr01_lite)
   aifftr01_lite 77579 [005] 2603099.616525:      90923 cpu/event=0x3C,umask=0x00/u:            401585 t_run_test (/home/koga/autobench_perf/src/autobench/aifftr01_lite)
   aifftr01_lite 77579 [005] 2603099.616538:      61136 cpu/event=0xD0,umask=0x81/u:            401549 t_run_test (/home/koga/autobench_perf/src/autobench/aifftr01_lite)
   aifftr01_lite 77579 [005] 2603099.616547:     228707 cpu/event=0xC0,umask=0x00/u:            401525 t_run_test (/home/koga/autobench_perf/src/autobench/aifftr01_lite)
   aifftr01_lite 77579 [005] 2603099.616580:      63269 cpu/event=0xD0,umask=0x82/u:            400d22 t_run_test (/home/koga/autobench_perf/src/autobench/aifftr01_lite)
   aifftr01_lite 77579 [005] 2603099.616620:      91665 cpu/event=0x3C,umask=0x00/u:            40114f t_run_test (/home/koga/autobench_perf/src/autobench/aifftr01_lite)
   aifftr01_lite 77579 [005] 2603099.616634:      61454 cpu/event=0xD0,umask=0x81/u:            40114f t_run_test (/home/koga/autobench_perf/src/autobench/aifftr01_lite)
   aifftr01_lite 77579 [005] 2603099.616642:     231008 cpu/event=0xC0,umask=0x00/u:            401107 t_run_test (/home/koga/autobench_perf/src/autobench/aifftr01_lite)
   aifftr01_lite 77579 [005] 2603099.616677:      63627 cpu/event=0xD0,umask=0x82/u:            40154f t_run_test (/home/koga/autobench_perf/src/autobench/aifftr01_lite)
   aifftr01_lite 77579 [005] 2603099.616716:      92274 cpu/event=0x3C,umask=0x00/u:            40176c t_run_test (/home/koga/autobench_perf/src/autobench/aifftr01_lite)
   aifftr01_lite 77579 [005] 2603099.616727:      61772 cpu/event=0xD0,umask=0x81/u:            400b72 t_run_test (/home/koga/autobench_perf/src/autobench/aifftr01_lite)
   aifftr01_lite 77579 [005] 2603099.616737:     232308 cpu/event=0xC0,umask=0x00/u:            400d30 t_run_test (/home/koga/autobench_perf/src/autobench/aifftr01_lite)
   aifftr01_lite 77579 [005] 2603099.616769:      63847 cpu/event=0xD0,umask=0x82/u:            400c96 t_run_test (/home/koga/autobench_perf/src/autobench/aifftr01_lite)
   aifftr01_lite 77579 [005] 2603099.616812:      92781 cpu/event=0x3C,umask=0x00/u:            401152 t_run_test (/home/koga/autobench_perf/src/autobench/aifftr01_lite)
   aifftr01_lite 77579 [005] 2603099.616822:      62348 cpu/event=0xD0,umask=0x81/u:            401186 t_run_test (/home/koga/autobench_perf/src/autobench/aifftr01_lite)
   aifftr01_lite 77579 [005] 2603099.616832:     233800 cpu/event=0xC0,umask=0x00/u:            4012f4 t_run_test (/home/koga/autobench_perf/src/autobench/aifftr01_lite)
   aifftr01_lite 77579 [005] 2603099.616838:       1067 cpu/event=0xC5,umask=0x00/u:            4012de t_run_test (/home/koga/autobench_perf/src/autobench/aifftr01_lite)
   aifftr01_lite 77579 [005] 2603099.616871:      64584 cpu/event=0xD0,umask=0x82/u:            40156d t_run_test (/home/koga/autobench_perf/src/autobench/aifftr01_lite)
   aifftr01_lite 77579 [005] 2603099.616913:      93302 cpu/event=0x3C,umask=0x00/u:            400c96 t_run_test (/home/koga/autobench_perf/src/autobench/aifftr01_lite)
   aifftr01_lite 77579 [005] 2603099.616925:      62745 cpu/event=0xD0,umask=0x81/u:            400ccd t_run_test (/home/koga/autobench_perf/src/autobench/aifftr01_lite)
   aifftr01_lite 77579 [005] 2603099.616933:     235468 cpu/event=0xC0,umask=0x00/u:            400da5 t_run_test (/home/koga/autobench_perf/src/autobench/aifftr01_lite)
   aifftr01_lite 77579 [005] 2603099.616968:      64435 cpu/event=0xD0,umask=0x82/u:            401155 t_run_test (/home/koga/autobench_perf/src/autobench/aifftr01_lite)
   aifftr01_lite 77579 [005] 2603099.617010:      93171 cpu/event=0x3C,umask=0x00/u:            401530 t_run_test (/home/koga/autobench_perf/src/autobench/aifftr01_lite)
   aifftr01_lite 77579 [005] 2603099.617020:      62507 cpu/event=0xD0,umask=0x81/u:            401517 t_run_test (/home/koga/autobench_perf/src/autobench/aifftr01_lite)
   aifftr01_lite 77579 [005] 2603099.617030:     235178 cpu/event=0xC0,umask=0x00/u:            401549 t_run_test (/home/koga/autobench_perf/src/autobench/aifftr01_lite)
   aifftr01_lite 77579 [005] 2603099.617066:      64606 cpu/event=0xD0,umask=0x82/u:            400b82 t_run_test (/home/koga/autobench_perf/src/autobench/aifftr01_lite)
   aifftr01_lite 77579 [005] 2603099.617107:      93529 cpu/event=0x3C,umask=0x00/u:            400cc9 t_run_test (/home/koga/autobench_perf/src/autobench/aifftr01_lite)
   aifftr01_lite 77579 [005] 2603099.617113:      62906 cpu/event=0xD0,umask=0x81/u:            400ed6 t_run_test (/home/koga/autobench_perf/src/autobench/aifftr01_lite)
   aifftr01_lite 77579 [005] 2603099.617126:     236092 cpu/event=0xC0,umask=0x00/u:            400fcf t_run_test (/home/koga/autobench_perf/src/autobench/aifftr01_lite)
   aifftr01_lite 77579 [005] 2603099.617159:      64773 cpu/event=0xD0,umask=0x82/u:            4010f3 t_run_test (/home/koga/autobench_perf/src/autobench/aifftr01_lite)
   aifftr01_lite 77579 [005] 2603099.617204:      93931 cpu/event=0x3C,umask=0x00/u:            401549 t_run_test (/home/koga/autobench_perf/src/autobench/aifftr01_lite)
   aifftr01_lite 77579 [005] 2603099.617213:      63479 cpu/event=0xD0,umask=0x81/u:            4015a4 t_run_test (/home/koga/autobench_perf/src/autobench/aifftr01_lite)
   aifftr01_lite 77579 [005] 2603099.617222:     237223 cpu/event=0xC0,umask=0x00/u:            40150d t_run_test (/home/koga/autobench_perf/src/autobench/aifftr01_lite)
   aifftr01_lite 77579 [005] 2603099.617256:      65456 cpu/event=0xD0,umask=0x82/u:            400cd0 t_run_test (/home/koga/autobench_perf/src/autobench/aifftr01_lite)
   aifftr01_lite 77579 [005] 2603099.617301:      94284 cpu/event=0x3C,umask=0x00/u:            401107 t_run_test (/home/koga/autobench_perf/src/autobench/aifftr01_lite)
   aifftr01_lite 77579 [005] 2603099.617312:      63530 cpu/event=0xD0,umask=0x81/u:            401144 t_run_test (/home/koga/autobench_perf/src/autobench/aifftr01_lite)
   aifftr01_lite 77579 [005] 2603099.617320:     238603 cpu/event=0xC0,umask=0x00/u:            401127 t_run_test (/home/koga/autobench_perf/src/autobench/aifftr01_lite)
   aifftr01_lite 77579 [005] 2603099.617356:      65671 cpu/event=0xD0,umask=0x82/u:            40158f t_run_test (/home/koga/autobench_perf/src/autobench/aifftr01_lite)
   aifftr01_lite 77579 [005] 2603099.617399:      94605 cpu/event=0x3C,umask=0x00/u:            400d08 t_run_test (/home/koga/autobench_perf/src/autobench/aifftr01_lite)
   aifftr01_lite 77579 [005] 2603099.617408:      63590 cpu/event=0xD0,umask=0x81/u:            400d03 t_run_test (/home/koga/autobench_perf/src/autobench/aifftr01_lite)
   aifftr01_lite 77579 [005] 2603099.617418:     239194 cpu/event=0xC0,umask=0x00/u:            400d0f t_run_test (/home/koga/autobench_perf/src/autobench/aifftr01_lite)
   aifftr01_lite 77579 [005] 2603099.617455:      65662 cpu/event=0xD0,umask=0x82/u:            400faf t_run_test (/home/koga/autobench_perf/src/autobench/aifftr01_lite)
   aifftr01_lite 77579 [005] 2603099.617497:      94855 cpu/event=0x3C,umask=0x00/u:            4012de t_run_test (/home/koga/autobench_perf/src/autobench/aifftr01_lite)
   aifftr01_lite 77579 [005] 2603099.617502:      63931 cpu/event=0xD0,umask=0x81/u:            40132b t_run_test (/home/koga/autobench_perf/src/autobench/aifftr01_lite)
   aifftr01_lite 77579 [005] 2603099.617516:     239883 cpu/event=0xC0,umask=0x00/u:            4013e3 t_run_test (/home/koga/autobench_perf/src/autobench/aifftr01_lite)
   aifftr01_lite 77579 [005] 2603099.617548:      65738 cpu/event=0xD0,umask=0x82/u:            40158f t_run_test (/home/koga/autobench_perf/src/autobench/aifftr01_lite)
   aifftr01_lite 77579 [005] 2603099.617595:      95108 cpu/event=0x3C,umask=0x00/u:            400d33 t_run_test (/home/koga/autobench_perf/src/autobench/aifftr01_lite)
   aifftr01_lite 77579 [005] 2603099.617603:      64389 cpu/event=0xD0,umask=0x81/u:            400d12 t_run_test (/home/koga/autobench_perf/src/autobench/aifftr01_lite)
   aifftr01_lite 77579 [005] 2603099.617612:     240551 cpu/event=0xC0,umask=0x00/u:            400c9e t_run_test (/home/koga/autobench_perf/src/autobench/aifftr01_lite)
   aifftr01_lite 77579 [005] 2603099.617648:      66340 cpu/event=0xD0,umask=0x82/u:            401127 t_run_test (/home/koga/autobench_perf/src/autobench/aifftr01_lite)
   aifftr01_lite 77579 [005] 2603099.617693:      95373 cpu/event=0x3C,umask=0x00/u:            40158f t_run_test (/home/koga/autobench_perf/src/autobench/aifftr01_lite)
   aifftr01_lite 77579 [005] 2603099.617703:      64346 cpu/event=0xD0,umask=0x81/u:            40153f t_run_test (/home/koga/autobench_perf/src/autobench/aifftr01_lite)
   aifftr01_lite 77579 [005] 2603099.617711:     241512 cpu/event=0xC0,umask=0x00/u:            401509 t_run_test (/home/koga/autobench_perf/src/autobench/aifftr01_lite)
   aifftr01_lite 77579 [005] 2603099.617748:      66409 cpu/event=0xD0,umask=0x82/u:            400d1e t_run_test (/home/koga/autobench_perf/src/autobench/aifftr01_lite)
   aifftr01_lite 77579 [005] 2603099.617792:      95572 cpu/event=0x3C,umask=0x00/u:            4010f3 t_run_test (/home/koga/autobench_perf/src/autobench/aifftr01_lite)
   aifftr01_lite 77579 [005] 2603099.617801:      64320 cpu/event=0xD0,umask=0x81/u:            4010f0 t_run_test (/home/koga/autobench_perf/src/autobench/aifftr01_lite)
   aifftr01_lite 77579 [005] 2603099.617810:     242012 cpu/event=0xC0,umask=0x00/u:            401135 t_run_test (/home/koga/autobench_perf/src/autobench/aifftr01_lite)
   aifftr01_lite 77579 [005] 2603099.617847:      66417 cpu/event=0xD0,umask=0x82/u:            40156a t_run_test (/home/koga/autobench_perf/src/autobench/aifftr01_lite)
   aifftr01_lite 77579 [005] 2603099.617891:      95730 cpu/event=0x3C,umask=0x00/u:            400b6a t_run_test (/home/koga/autobench_perf/src/autobench/aifftr01_lite)
   aifftr01_lite 77579 [005] 2603099.617897:      64517 cpu/event=0xD0,umask=0x81/u:            400b6a t_run_test (/home/koga/autobench_perf/src/autobench/aifftr01_lite)
   aifftr01_lite 77579 [005] 2603099.617907:     242397 cpu/event=0xC0,umask=0x00/u:            400d4b t_run_test (/home/koga/autobench_perf/src/autobench/aifftr01_lite)
   aifftr01_lite 77579 [005] 2603099.617942:      66448 cpu/event=0xD0,umask=0x82/u:            400cc9 t_run_test (/home/koga/autobench_perf/src/autobench/aifftr01_lite)
   aifftr01_lite 77579 [005] 2603099.617988:      64823 cpu/event=0xD0,umask=0x81/u:            401148 t_run_test (/home/koga/autobench_perf/src/autobench/aifftr01_lite)
   aifftr01_lite 77579 [005] 2603099.617994:      95863 cpu/event=0x3C,umask=0x00/u:            401148 t_run_test (/home/koga/autobench_perf/src/autobench/aifftr01_lite)
   aifftr01_lite 77579 [005] 2603099.618003:     243085 cpu/event=0xC0,umask=0x00/u:            401349 t_run_test (/home/koga/autobench_perf/src/autobench/aifftr01_lite)
   aifftr01_lite 77579 [005] 2603099.618040:      66918 cpu/event=0xD0,umask=0x82/u:            4014ce t_run_test (/home/koga/autobench_perf/src/autobench/aifftr01_lite)
   aifftr01_lite 77579 [005] 2603099.618055:        945 cpu/event=0xC5,umask=0x00/u:            4016fa t_run_test (/home/koga/autobench_perf/src/autobench/aifftr01_lite)
   aifftr01_lite 77579 [005] 2603099.618093:      95457 cpu/event=0x3C,umask=0x00/u:            400d30 t_run_test (/home/koga/autobench_perf/src/autobench/aifftr01_lite)
   aifftr01_lite 77579 [005] 2603099.618100:      65642 cpu/event=0xD0,umask=0x81/u:            400cc9 t_run_test (/home/koga/autobench_perf/src/autobench/aifftr01_lite)
   aifftr01_lite 77579 [005] 2603099.618108:     244317 cpu/event=0xC0,umask=0x00/u:            400d2c t_run_test (/home/koga/autobench_perf/src/autobench/aifftr01_lite)
   aifftr01_lite 77579 [005] 2603099.618145:      67112 cpu/event=0xD0,umask=0x82/u:            401135 t_run_test (/home/koga/autobench_perf/src/autobench/aifftr01_lite)
   aifftr01_lite 77579 [005] 2603099.618192:      95611 cpu/event=0x3C,umask=0x00/u:            40156d t_run_test (/home/koga/autobench_perf/src/autobench/aifftr01_lite)
   aifftr01_lite 77579 [005] 2603099.618201:      64762 cpu/event=0xD0,umask=0x81/u:            401500 t_run_test (/home/koga/autobench_perf/src/autobench/aifftr01_lite)
   aifftr01_lite 77579 [005] 2603099.618208:     242900 cpu/event=0xC0,umask=0x00/u:            401577 t_run_test (/home/koga/autobench_perf/src/autobench/aifftr01_lite)
   aifftr01_lite 77579 [005] 2603099.618246:      66650 cpu/event=0xD0,umask=0x82/u:            400d90 t_run_test (/home/koga/autobench_perf/src/autobench/aifftr01_lite)
   aifftr01_lite 77579 [005] 2603099.618290:      95763 cpu/event=0x3C,umask=0x00/u:            4010e0 t_run_test (/home/koga/autobench_perf/src/autobench/aifftr01_lite)
   aifftr01_lite 77579 [005] 2603099.618299:      64683 cpu/event=0xD0,umask=0x81/u:            40114f t_run_test (/home/koga/autobench_perf/src/autobench/aifftr01_lite)
   aifftr01_lite 77579 [005] 2603099.618307:     242956 cpu/event=0xC0,umask=0x00/u:            401155 t_run_test (/home/koga/autobench_perf/src/autobench/aifftr01_lite)
   aifftr01_lite 77579 [005] 2603099.618346:      66599 cpu/event=0xD0,umask=0x82/u:            40155f t_run_test (/home/koga/autobench_perf/src/autobench/aifftr01_lite)
   aifftr01_lite 77579 [005] 2603099.618390:      95912 cpu/event=0x3C,umask=0x00/u:            400904 GetInputValues (/home/koga/autobench_perf/src/autobench/aifftr01_lite)
   aifftr01_lite 77579 [005] 2603099.618396:      64863 cpu/event=0xD0,umask=0x81/u:            400b72 t_run_test (/home/koga/autobench_perf/src/autobench/aifftr01_lite)
   aifftr01_lite 77579 [005] 2603099.618406:     243221 cpu/event=0xC0,umask=0x00/u:            400cc0 t_run_test (/home/koga/autobench_perf/src/autobench/aifftr01_lite)
   aifftr01_lite 77579 [005] 2603099.618441:      66577 cpu/event=0xD0,umask=0x82/u:            400c8e t_run_test (/home/koga/autobench_perf/src/autobench/aifftr01_lite)
   aifftr01_lite 77579 [005] 2603099.618488:      65086 cpu/event=0xD0,umask=0x81/u:            4011a9 t_run_test (/home/koga/autobench_perf/src/autobench/aifftr01_lite)
   aifftr01_lite 77579 [005] 2603099.618493:      96028 cpu/event=0x3C,umask=0x00/u:            40114b t_run_test (/home/koga/autobench_perf/src/autobench/aifftr01_lite)
   aifftr01_lite 77579 [005] 2603099.618502:     243684 cpu/event=0xC0,umask=0x00/u:            4012c5 t_run_test (/home/koga/autobench_perf/src/autobench/aifftr01_lite)
   aifftr01_lite 77579 [005] 2603099.618539:      67080 cpu/event=0xD0,umask=0x82/u:            4014d6 t_run_test (/home/koga/autobench_perf/src/autobench/aifftr01_lite)
   aifftr01_lite 77579 [005] 2603099.618587:      95615 cpu/event=0x3C,umask=0x00/u:            400cc5 t_run_test (/home/koga/autobench_perf/src/autobench/aifftr01_lite)
   aifftr01_lite 77579 [005] 2603099.618595:      65862 cpu/event=0xD0,umask=0x81/u:            400cf0 t_run_test (/home/koga/autobench_perf/src/autobench/aifftr01_lite)
   aifftr01_lite 77579 [005] 2603099.618602:     244822 cpu/event=0xC0,umask=0x00/u:            400c96 t_run_test (/home/koga/autobench_perf/src/autobench/aifftr01_lite)
   aifftr01_lite 77579 [005] 2603099.618640:      67230 cpu/event=0xD0,umask=0x82/u:            40111e t_run_test (/home/koga/autobench_perf/src/autobench/aifftr01_lite)
   aifftr01_lite 77579 [005] 2603099.618686:      96334 cpu/event=0x3C,umask=0x00/u:            4014b2 t_run_test (/home/koga/autobench_perf/src/autobench/aifftr01_lite)
   aifftr01_lite 77579 [005] 2603099.618696:      65323 cpu/event=0xD0,umask=0x81/u:            40158f t_run_test (/home/koga/autobench_perf/src/autobench/aifftr01_lite)
   aifftr01_lite 77579 [005] 2603099.618702:     244993 cpu/event=0xC0,umask=0x00/u:            401549 t_run_test (/home/koga/autobench_perf/src/autobench/aifftr01_lite)
   aifftr01_lite 77579 [005] 2603099.618740:      67180 cpu/event=0xD0,umask=0x82/u:            400d33 t_run_test (/home/koga/autobench_perf/src/autobench/aifftr01_lite)
   aifftr01_lite 77579 [005] 2603099.618786:      96472 cpu/event=0x3C,umask=0x00/u:            401131 t_run_test (/home/koga/autobench_perf/src/autobench/aifftr01_lite)
   aifftr01_lite 77579 [005] 2603099.618795:      65228 cpu/event=0xD0,umask=0x81/u:            401155 t_run_test (/home/koga/autobench_perf/src/autobench/aifftr01_lite)
   aifftr01_lite 77579 [005] 2603099.618802:     244965 cpu/event=0xC0,umask=0x00/u:            40112d t_run_test (/home/koga/autobench_perf/src/autobench/aifftr01_lite)
   aifftr01_lite 77579 [005] 2603099.618841:      67127 cpu/event=0xD0,umask=0x82/u:            401571 t_run_test (/home/koga/autobench_perf/src/autobench/aifftr01_lite)
   aifftr01_lite 77579 [005] 2603099.618885:      96545 cpu/event=0x3C,umask=0x00/u:            400b6a t_run_test (/home/koga/autobench_perf/src/autobench/aifftr01_lite)
   aifftr01_lite 77579 [005] 2603099.618893:      65336 cpu/event=0xD0,umask=0x81/u:            400b7a t_run_test (/home/koga/autobench_perf/src/autobench/aifftr01_lite)
   aifftr01_lite 77579 [005] 2603099.618901:     244985 cpu/event=0xC0,umask=0x00/u:            400d1e t_run_test (/home/koga/autobench_perf/src/autobench/aifftr01_lite)
   aifftr01_lite 77579 [005] 2603099.618936:      67041 cpu/event=0xD0,umask=0x82/u:            400cc0 t_run_test (/home/koga/autobench_perf/src/autobench/aifftr01_lite)
   aifftr01_lite 77579 [005] 2603099.618984:      65487 cpu/event=0xD0,umask=0x81/u:            401155 t_run_test (/home/koga/autobench_perf/src/autobench/aifftr01_lite)
   aifftr01_lite 77579 [005] 2603099.618986:      96586 cpu/event=0x3C,umask=0x00/u:            401155 t_run_test (/home/koga/autobench_perf/src/autobench/aifftr01_lite)
   aifftr01_lite 77579 [005] 2603099.618995:     245244 cpu/event=0xC0,umask=0x00/u:            40132b t_run_test (/home/koga/autobench_perf/src/autobench/aifftr01_lite)
   aifftr01_lite 77579 [005] 2603099.619048:      67171 cpu/event=0xD0,umask=0x82/u:            4015eb t_run_test (/home/koga/autobench_perf/src/autobench/aifftr01_lite)
   aifftr01_lite 77579 [005] 2603099.619097:      96221 cpu/event=0x3C,umask=0x00/u:            400d0c t_run_test (/home/koga/autobench_perf/src/autobench/aifftr01_lite)
   aifftr01_lite 77579 [005] 2603099.619106:      65866 cpu/event=0xD0,umask=0x81/u:            400d0c t_run_test (/home/koga/autobench_perf/src/autobench/aifftr01_lite)
   aifftr01_lite 77579 [005] 2603099.619112:     246109 cpu/event=0xC0,umask=0x00/u:            400d2c t_run_test (/home/koga/autobench_perf/src/autobench/aifftr01_lite)
   aifftr01_lite 77579 [005] 2603099.619150:      66302 cpu/event=0xD0,umask=0x82/u:            401144 t_run_test (/home/koga/autobench_perf/src/autobench/aifftr01_lite)
   aifftr01_lite 77579 [005] 2603099.619176:        746 cpu/event=0xC5,umask=0x00/u:            401353 t_run_test (/home/koga/autobench_perf/src/autobench/aifftr01_lite)
   aifftr01_lite 77579 [005] 2603099.619201:      94978 cpu/event=0x3C,umask=0x00/u:            40156d t_run_test (/home/koga/autobench_perf/src/autobench/aifftr01_lite)
   aifftr01_lite 77579 [005] 2603099.619213:      64411 cpu/event=0xD0,umask=0x81/u:            401500 t_run_test (/home/koga/autobench_perf/src/autobench/aifftr01_lite)
   aifftr01_lite 77579 [005] 2603099.619214:     241505 cpu/event=0xC0,umask=0x00/u:            401500 t_run_test (/home/koga/autobench_perf/src/autobench/aifftr01_lite)
   aifftr01_lite 77579 [005] 2603099.619251:      66145 cpu/event=0xD0,umask=0x82/u:            400ccd t_run_test (/home/koga/autobench_perf/src/autobench/aifftr01_lite)
   aifftr01_lite 77579 [005] 2603099.619296:      94523 cpu/event=0x3C,umask=0x00/u:            4010b6 t_run_test (/home/koga/autobench_perf/src/autobench/aifftr01_lite)
   aifftr01_lite 77579 [005] 2603099.619306:      63907 cpu/event=0xD0,umask=0x81/u:            40111e t_run_test (/home/koga/autobench_perf/src/autobench/aifftr01_lite)
   aifftr01_lite 77579 [005] 2603099.619313:     241037 cpu/event=0xC0,umask=0x00/u:            401155 t_run_test (/home/koga/autobench_perf/src/autobench/aifftr01_lite)
   aifftr01_lite 77579 [005] 2603099.619351:      66075 cpu/event=0xD0,umask=0x82/u:            401511 t_run_test (/home/koga/autobench_perf/src/autobench/aifftr01_lite)
   aifftr01_lite 77579 [005] 2603099.619394:      95161 cpu/event=0x3C,umask=0x00/u:            400908 GetInputValues (/home/koga/autobench_perf/src/autobench/aifftr01_lite)
   aifftr01_lite 77579 [005] 2603099.619403:      64427 cpu/event=0xD0,umask=0x81/u:            400b72 t_run_test (/home/koga/autobench_perf/src/autobench/aifftr01_lite)
   aifftr01_lite 77579 [005] 2603099.619411:     241399 cpu/event=0xC0,umask=0x00/u:            400d30 t_run_test (/home/koga/autobench_perf/src/autobench/aifftr01_lite)
   aifftr01_lite 77579 [005] 2603099.619445:      66080 cpu/event=0xD0,umask=0x82/u:            400ccd t_run_test (/home/koga/autobench_perf/src/autobench/aifftr01_lite)
   aifftr01_lite 77579 [005] 2603099.619492:      95409 cpu/event=0x3C,umask=0x00/u:            4011a9 t_run_test (/home/koga/autobench_perf/src/autobench/aifftr01_lite)
   aifftr01_lite 77579 [005] 2603099.619500:      64732 cpu/event=0xD0,umask=0x81/u:            401155 t_run_test (/home/koga/autobench_perf/src/autobench/aifftr01_lite)
   aifftr01_lite 77579 [005] 2603099.619508:     241972 cpu/event=0xC0,umask=0x00/u:            4012c5 t_run_test (/home/koga/autobench_perf/src/autobench/aifftr01_lite)
   aifftr01_lite 77579 [005] 2603099.619543:      66623 cpu/event=0xD0,umask=0x82/u:            40156d t_run_test (/home/koga/autobench_perf/src/autobench/aifftr01_lite)
   aifftr01_lite 77579 [005] 2603099.619591:      95638 cpu/event=0x3C,umask=0x00/u:            400d16 t_run_test (/home/koga/autobench_perf/src/autobench/aifftr01_lite)
   aifftr01_lite 77579 [005] 2603099.619601:      65003 cpu/event=0xD0,umask=0x81/u:            400cf0 t_run_test (/home/koga/autobench_perf/src/autobench/aifftr01_lite)
   aifftr01_lite 77579 [005] 2603099.619606:     242931 cpu/event=0xC0,umask=0x00/u:            400ccd t_run_test (/home/koga/autobench_perf/src/autobench/aifftr01_lite)
   aifftr01_lite 77579 [005] 2603099.619643:      66756 cpu/event=0xD0,umask=0x82/u:            401127 t_run_test (/home/koga/autobench_perf/src/autobench/aifftr01_lite)
   aifftr01_lite 77579 [005] 2603099.619690:      95792 cpu/event=0x3C,umask=0x00/u:            401509 t_run_test (/home/koga/autobench_perf/src/autobench/aifftr01_lite)
   aifftr01_lite 77579 [005] 2603099.619700:     243513 cpu/event=0xC0,umask=0x00/u:            40155f t_run_test (/home/koga/autobench_perf/src/autobench/aifftr01_lite)
   aifftr01_lite 77579 [005] 2603099.619705:      64926 cpu/event=0xD0,umask=0x81/u:            401553 t_run_test (/home/koga/autobench_perf/src/autobench/aifftr01_lite)
   aifftr01_lite 77579 [005] 2603099.619742:      66785 cpu/event=0xD0,umask=0x82/u:            400d1e t_run_test (/home/koga/autobench_perf/src/autobench/aifftr01_lite)
   aifftr01_lite 77579 [005] 2603099.619789:      95935 cpu/event=0x3C,umask=0x00/u:            4010f6 t_run_test (/home/koga/autobench_perf/src/autobench/aifftr01_lite)
   aifftr01_lite 77579 [005] 2603099.619797:      64579 cpu/event=0xD0,umask=0x81/u:            401148 t_run_test (/home/koga/autobench_perf/src/autobench/aifftr01_lite)
   aifftr01_lite 77579 [005] 2603099.619803:     245510 cpu/event=0xC0,umask=0x00/u:            401166 t_run_test (/home/koga/autobench_perf/src/autobench/aifftr01_lite)
   aifftr01_lite 77579 [005] 2603099.619841:      66821 cpu/event=0xD0,umask=0x82/u:            400911 GetInputValues (/home/koga/autobench_perf/src/autobench/aifftr01_lite)
   aifftr01_lite 77579 [005] 2603099.619888:      65253 cpu/event=0xD0,umask=0x81/u:            400904 GetInputValues (/home/koga/autobench_perf/src/autobench/aifftr01_lite)
   aifftr01_lite 77579 [005] 2603099.619889:      96071 cpu/event=0x3C,umask=0x00/u:            400904 GetInputValues (/home/koga/autobench_perf/src/autobench/aifftr01_lite)
   aifftr01_lite 77579 [005] 2603099.619899:     244382 cpu/event=0xC0,umask=0x00/u:            400baa t_run_test (/home/koga/autobench_perf/src/autobench/aifftr01_lite)
   aifftr01_lite 77579 [005] 2603099.619933:      66930 cpu/event=0xD0,umask=0x82/u:            400cc9 t_run_test (/home/koga/autobench_perf/src/autobench/aifftr01_lite)
   aifftr01_lite 77579 [005] 2603099.619983:      96055 cpu/event=0x3C,umask=0x00/u:            4011a9 t_run_test (/home/koga/autobench_perf/src/autobench/aifftr01_lite)
   aifftr01_lite 77579 [005] 2603099.619989:      66133 cpu/event=0xD0,umask=0x81/u:            401144 t_run_test (/home/koga/autobench_perf/src/autobench/aifftr01_lite)
   aifftr01_lite 77579 [005] 2603099.619997:     245838 cpu/event=0xC0,umask=0x00/u:            4011c1 t_run_test (/home/koga/autobench_perf/src/autobench/aifftr01_lite)
   aifftr01_lite 77579 [005] 2603099.620032:      67694 cpu/event=0xD0,umask=0x82/u:            401517 t_run_test (/home/koga/autobench_perf/src/autobench/aifftr01_lite)
   aifftr01_lite 77579 [005] 2603099.620083:      96732 cpu/event=0x3C,umask=0x00/u:            400d41 t_run_test (/home/koga/autobench_perf/src/autobench/aifftr01_lite)
   aifftr01_lite 77579 [005] 2603099.620091:        662 cpu/event=0xC5,umask=0x00/u:            400db3 t_run_test (/home/koga/autobench_perf/src/autobench/aifftr01_lite)
   aifftr01_lite 77579 [005] 2603099.620096:     246498 cpu/event=0xC0,umask=0x00/u:            400d25 t_run_test (/home/koga/autobench_perf/src/autobench/aifftr01_lite)
   aifftr01_lite 77579 [005] 2603099.620102:      66005 cpu/event=0xD0,umask=0x81/u:            400d25 t_run_test (/home/koga/autobench_perf/src/autobench/aifftr01_lite)
   aifftr01_lite 77579 [005] 2603099.620139:      67716 cpu/event=0xD0,umask=0x82/u:            40116d t_run_test (/home/koga/autobench_perf/src/autobench/aifftr01_lite)
   aifftr01_lite 77579 [005] 2603099.620187:      96807 cpu/event=0x3C,umask=0x00/u:            401585 t_run_test (/home/koga/autobench_perf/src/autobench/aifftr01_lite)
   aifftr01_lite 77579 [005] 2603099.620197:     246588 cpu/event=0xC0,umask=0x00/u:            40154f t_run_test (/home/koga/autobench_perf/src/autobench/aifftr01_lite)
   aifftr01_lite 77579 [005] 2603099.620203:      65092 cpu/event=0xD0,umask=0x81/u:            40156a t_run_test (/home/koga/autobench_perf/src/autobench/aifftr01_lite)
   aifftr01_lite 77579 [005] 2603099.620239:      67206 cpu/event=0xD0,umask=0x82/u:            400cf0 t_run_test (/home/koga/autobench_perf/src/autobench/aifftr01_lite)
   aifftr01_lite 77579 [005] 2603099.620287:      96301 cpu/event=0x3C,umask=0x00/u:            4010b6 t_run_test (/home/koga/autobench_perf/src/autobench/aifftr01_lite)
   aifftr01_lite 77579 [005] 2603099.620296:      64982 cpu/event=0xD0,umask=0x81/u:            401163 t_run_test (/home/koga/autobench_perf/src/autobench/aifftr01_lite)
   aifftr01_lite 77579 [005] 2603099.620302:     246426 cpu/event=0xC0,umask=0x00/u:            401155 t_run_test (/home/koga/autobench_perf/src/autobench/aifftr01_lite)
   aifftr01_lite 77579 [005] 2603099.620341:      67151 cpu/event=0xD0,umask=0x82/u:            4013d8 t_run_test (/home/koga/autobench_perf/src/autobench/aifftr01_lite)
   aifftr01_lite 77579 [005] 2603099.620386:      96328 cpu/event=0x3C,umask=0x00/u:            400904 GetInputValues (/home/koga/autobench_perf/src/autobench/aifftr01_lite)
   aifftr01_lite 77579 [005] 2603099.620394:      65593 cpu/event=0xD0,umask=0x81/u:            400b6a t_run_test (/home/koga/autobench_perf/src/autobench/aifftr01_lite)
   aifftr01_lite 77579 [005] 2603099.620401:     244986 cpu/event=0xC0,umask=0x00/u:            400cf7 t_run_test (/home/koga/autobench_perf/src/autobench/aifftr01_lite)
   aifftr01_lite 77579 [005] 2603099.620435:      67052 cpu/event=0xD0,umask=0x82/u:            400d22 t_run_test (/home/koga/autobench_perf/src/autobench/aifftr01_lite)
   aifftr01_lite 77579 [005] 2603099.620486:      96390 cpu/event=0x3C,umask=0x00/u:            40116d t_run_test (/home/koga/autobench_perf/src/autobench/aifftr01_lite)
   aifftr01_lite 77579 [005] 2603099.620491:      65788 cpu/event=0xD0,umask=0x81/u:            4010f0 t_run_test (/home/koga/autobench_perf/src/autobench/aifftr01_lite)
   aifftr01_lite 77579 [005] 2603099.620499:     245125 cpu/event=0xC0,umask=0x00/u:            4012d5 t_run_test (/home/koga/autobench_perf/src/autobench/aifftr01_lite)
   aifftr01_lite 77579 [005] 2603099.620534:      67550 cpu/event=0xD0,umask=0x82/u:            4014d6 t_run_test (/home/koga/autobench_perf/src/autobench/aifftr01_lite)
   aifftr01_lite 77579 [005] 2603099.620585:      96498 cpu/event=0x3C,umask=0x00/u:            400d81 t_run_test (/home/koga/autobench_perf/src/autobench/aifftr01_lite)
   aifftr01_lite 77579 [005] 2603099.620593:      66029 cpu/event=0xD0,umask=0x81/u:            400d25 t_run_test (/home/koga/autobench_perf/src/autobench/aifftr01_lite)
   aifftr01_lite 77579 [005] 2603099.620598:     245969 cpu/event=0xC0,umask=0x00/u:            400d1e t_run_test (/home/koga/autobench_perf/src/autobench/aifftr01_lite)
   aifftr01_lite 77579 [005] 2603099.620635:      67621 cpu/event=0xD0,umask=0x82/u:            40112d t_run_test (/home/koga/autobench_perf/src/autobench/aifftr01_lite)
   aifftr01_lite 77579 [005] 2603099.620685:      96555 cpu/event=0x3C,umask=0x00/u:            40158c t_run_test (/home/koga/autobench_perf/src/autobench/aifftr01_lite)
   aifftr01_lite 77579 [005] 2603099.620693:     246217 cpu/event=0xC0,umask=0x00/u:            40158f t_run_test (/home/koga/autobench_perf/src/autobench/aifftr01_lite)
   aifftr01_lite 77579 [005] 2603099.620699:      65881 cpu/event=0xD0,umask=0x81/u:            401511 t_run_test (/home/koga/autobench_perf/src/autobench/aifftr01_lite)
   aifftr01_lite 77579 [005] 2603099.620736:      67581 cpu/event=0xD0,umask=0x82/u:            400cdb t_run_test (/home/koga/autobench_perf/src/autobench/aifftr01_lite)
   aifftr01_lite 77579 [005] 2603099.620784:      96616 cpu/event=0x3C,umask=0x00/u:            401163 t_run_test (/home/koga/autobench_perf/src/autobench/aifftr01_lite)
   aifftr01_lite 77579 [005] 2603099.620793:     247795 cpu/event=0xC0,umask=0x00/u:            401155 t_run_test (/home/koga/autobench_perf/src/autobench/aifftr01_lite)
   aifftr01_lite 77579 [005] 2603099.620799:      65370 cpu/event=0xD0,umask=0x81/u:            401122 t_run_test (/home/koga/autobench_perf/src/autobench/aifftr01_lite)
   aifftr01_lite 77579 [005] 2603099.620837:      67509 cpu/event=0xD0,umask=0x82/u:            401511 t_run_test (/home/koga/autobench_perf/src/autobench/aifftr01_lite)
   aifftr01_lite 77579 [005] 2603099.620884:      96668 cpu/event=0x3C,umask=0x00/u:            400bb1 t_run_test (/home/koga/autobench_perf/src/autobench/aifftr01_lite)
   aifftr01_lite 77579 [005] 2603099.620892:      65369 cpu/event=0xD0,umask=0x81/u:            400d22 t_run_test (/home/koga/autobench_perf/src/autobench/aifftr01_lite)
   aifftr01_lite 77579 [005] 2603099.620898:     247743 cpu/event=0xC0,umask=0x00/u:            400d12 t_run_test (/home/koga/autobench_perf/src/autobench/aifftr01_lite)
   aifftr01_lite 77579 [005] 2603099.620919:        590 cpu/event=0xC5,umask=0x00/u:            400dce t_run_test (/home/koga/autobench_perf/src/autobench/aifftr01_lite)
   aifftr01_lite 77579 [005] 2603099.620938:      67381 cpu/event=0xD0,umask=0x82/u:            400ccd t_run_test (/home/koga/autobench_perf/src/autobench/aifftr01_lite)
   aifftr01_lite 77579 [005] 2603099.620988:      96669 cpu/event=0x3C,umask=0x00/u:            4012db t_run_test (/home/koga/autobench_perf/src/autobench/aifftr01_lite)
   aifftr01_lite 77579 [005] 2603099.620994:      66011 cpu/event=0xD0,umask=0x81/u:            40132b t_run_test (/home/koga/autobench_perf/src/autobench/aifftr01_lite)
   aifftr01_lite 77579 [005] 2603099.621001:     246267 cpu/event=0xC0,umask=0x00/u:            401359 t_run_test (/home/koga/autobench_perf/src/autobench/aifftr01_lite)
   aifftr01_lite 77579 [005] 2603099.621037:      67340 cpu/event=0xD0,umask=0x82/u:            401528 t_run_test (/home/koga/autobench_perf/src/autobench/aifftr01_lite)
   aifftr01_lite 77579 [005] 2603099.621087:      96231 cpu/event=0x3C,umask=0x00/u:            400cf7 t_run_test (/home/koga/autobench_perf/src/autobench/aifftr01_lite)
   aifftr01_lite 77579 [005] 2603099.621095:      65867 cpu/event=0xD0,umask=0x81/u:            400d44 t_run_test (/home/koga/autobench_perf/src/autobench/aifftr01_lite)
   aifftr01_lite 77579 [005] 2603099.621102:     245486 cpu/event=0xC0,umask=0x00/u:            400cae t_run_test (/home/koga/autobench_perf/src/autobench/aifftr01_lite)
   aifftr01_lite 77579 [005] 2603099.621137:      67408 cpu/event=0xD0,umask=0x82/u:            4010f0 t_run_test (/home/koga/autobench_perf/src/autobench/aifftr01_lite)
   aifftr01_lite 77579 [005] 2603099.621187:      96293 cpu/event=0x3C,umask=0x00/u:            40158f t_run_test (/home/koga/autobench_perf/src/autobench/aifftr01_lite)
   aifftr01_lite 77579 [005] 2603099.621196:     245256 cpu/event=0xC0,umask=0x00/u:            401585 t_run_test (/home/koga/autobench_perf/src/autobench/aifftr01_lite)
   aifftr01_lite 77579 [005] 2603099.621202:      65750 cpu/event=0xD0,umask=0x81/u:            401525 t_run_test (/home/koga/autobench_perf/src/autobench/aifftr01_lite)
   aifftr01_lite 77579 [005] 2603099.621238:      67395 cpu/event=0xD0,umask=0x82/u:            400d03 t_run_test (/home/koga/autobench_perf/src/autobench/aifftr01_lite)
   aifftr01_lite 77579 [005] 2603099.621286:      96383 cpu/event=0x3C,umask=0x00/u:            401148 t_run_test (/home/koga/autobench_perf/src/autobench/aifftr01_lite)
   aifftr01_lite 77579 [005] 2603099.621296:     247033 cpu/event=0xC0,umask=0x00/u:            4011b5 t_run_test (/home/koga/autobench_perf/src/autobench/aifftr01_lite)
   aifftr01_lite 77579 [005] 2603099.621303:      65225 cpu/event=0xD0,umask=0x81/u:            4010a0 t_run_test (/home/koga/autobench_perf/src/autobench/aifftr01_lite)
   aifftr01_lite 77579 [005] 2603099.621338:      67341 cpu/event=0xD0,umask=0x82/u:            401520 t_run_test (/home/koga/autobench_perf/src/autobench/aifftr01_lite)
   aifftr01_lite 77579 [005] 2603099.621386:      96458 cpu/event=0x3C,umask=0x00/u:            400d4e t_run_test (/home/koga/autobench_perf/src/autobench/aifftr01_lite)
   aifftr01_lite 77579 [005] 2603099.621395:      65198 cpu/event=0xD0,umask=0x81/u:            400db3 t_run_test (/home/koga/autobench_perf/src/autobench/aifftr01_lite)
   aifftr01_lite 77579 [005] 2603099.621400:     247122 cpu/event=0xC0,umask=0x00/u:            400cf7 t_run_test (/home/koga/autobench_perf/src/autobench/aifftr01_lite)
   aifftr01_lite 77579 [005] 2603099.621435:      67288 cpu/event=0xD0,umask=0x82/u:            400f24 t_run_test (/home/koga/autobench_perf/src/autobench/aifftr01_lite)
   aifftr01_lite 77579 [005] 2603099.621485:      96496 cpu/event=0x3C,umask=0x00/u:            400904 GetInputValues (/home/koga/autobench_perf/src/autobench/aifftr01_lite)
   aifftr01_lite 77579 [005] 2603099.621493:      65893 cpu/event=0xD0,umask=0x81/u:            4013aa t_run_test (/home/koga/autobench_perf/src/autobench/aifftr01_lite)
   aifftr01_lite 77579 [005] 2603099.621500:     245878 cpu/event=0xC0,umask=0x00/u:            4013f1 t_run_test (/home/koga/autobench_perf/src/autobench/aifftr01_lite)
   aifftr01_lite 77579 [005] 2603099.621533:      67586 cpu/event=0xD0,umask=0x82/u:            401577 t_run_test (/home/koga/autobench_perf/src/autobench/aifftr01_lite)
   aifftr01_lite 77579 [005] 2603099.621584:      96604 cpu/event=0x3C,umask=0x00/u:            400d5e t_run_test (/home/koga/autobench_perf/src/autobench/aifftr01_lite)
   aifftr01_lite 77579 [005] 2603099.621591:      66065 cpu/event=0xD0,umask=0x81/u:            400cc5 t_run_test (/home/koga/autobench_perf/src/autobench/aifftr01_lite)
   aifftr01_lite 77579 [005] 2603099.621598:     245863 cpu/event=0xC0,umask=0x00/u:            400d30 t_run_test (/home/koga/autobench_perf/src/autobench/aifftr01_lite)
   aifftr01_lite 77579 [005] 2603099.621633:      67782 cpu/event=0xD0,umask=0x82/u:            40112d t_run_test (/home/koga/autobench_perf/src/autobench/aifftr01_lite)
   aifftr01_lite 77579 [005] 2603099.621653:        526 cpu/event=0xC5,umask=0x00/u:            4012de t_run_test (/home/koga/autobench_perf/src/autobench/aifftr01_lite)
   aifftr01_lite 77579 [005] 2603099.621688:      96691 cpu/event=0x3C,umask=0x00/u:            401571 t_run_test (/home/koga/autobench_perf/src/autobench/aifftr01_lite)
   aifftr01_lite 77579 [005] 2603099.621698:     246382 cpu/event=0xC0,umask=0x00/u:            40158f t_run_test (/home/koga/autobench_perf/src/autobench/aifftr01_lite)
   aifftr01_lite 77579 [005] 2603099.621704:      66181 cpu/event=0xD0,umask=0x81/u:            40153f t_run_test (/home/koga/autobench_perf/src/autobench/aifftr01_lite)
   aifftr01_lite 77579 [005] 2603099.621740:      67738 cpu/event=0xD0,umask=0x82/u:            400d33 t_run_test (/home/koga/autobench_perf/src/autobench/aifftr01_lite)
   aifftr01_lite 77579 [005] 2603099.621788:      96185 cpu/event=0x3C,umask=0x00/u:            401155 t_run_test (/home/koga/autobench_perf/src/autobench/aifftr01_lite)
   aifftr01_lite 77579 [005] 2603099.621799:     246418 cpu/event=0xC0,umask=0x00/u:            40116d t_run_test (/home/koga/autobench_perf/src/autobench/aifftr01_lite)
   aifftr01_lite 77579 [005] 2603099.621806:      65239 cpu/event=0xD0,umask=0x81/u:            4010b6 t_run_test (/home/koga/autobench_perf/src/autobench/aifftr01_lite)
   aifftr01_lite 77579 [005] 2603099.621841:      67222 cpu/event=0xD0,umask=0x82/u:            40158f t_run_test (/home/koga/autobench_perf/src/autobench/aifftr01_lite)
   aifftr01_lite 77579 [005] 2603099.621888:      96223 cpu/event=0x3C,umask=0x00/u:            400d16 t_run_test (/home/koga/autobench_perf/src/autobench/aifftr01_lite)
   aifftr01_lite 77579 [005] 2603099.621899:     246271 cpu/event=0xC0,umask=0x00/u:            400ccd t_run_test (/home/koga/autobench_perf/src/autobench/aifftr01_lite)
   aifftr01_lite 77579 [005] 2603099.621905:      65084 cpu/event=0xD0,umask=0x81/u:            400d41 t_run_test (/home/koga/autobench_perf/src/autobench/aifftr01_lite)
   aifftr01_lite 77579 [005] 2603099.621942:      67102 cpu/event=0xD0,umask=0x82/u:            400fc1 t_run_test (/home/koga/autobench_perf/src/autobench/aifftr01_lite)
   aifftr01_lite 77579 [005] 2603099.621987:      96284 cpu/event=0x3C,umask=0x00/u:            40090d GetInputValues (/home/koga/autobench_perf/src/autobench/aifftr01_lite)
   aifftr01_lite 77579 [005] 2603099.621997:      65181 cpu/event=0xD0,umask=0x81/u:            401571 t_run_test (/home/koga/autobench_perf/src/autobench/aifftr01_lite)
   aifftr01_lite 77579 [005] 2603099.622004:     246266 cpu/event=0xC0,umask=0x00/u:            40155f t_run_test (/home/koga/autobench_perf/src/autobench/aifftr01_lite)
   aifftr01_lite 77579 [005] 2603099.622036:      67070 cpu/event=0xD0,umask=0x82/u:            401520 t_run_test (/home/koga/autobench_perf/src/autobench/aifftr01_lite)
   aifftr01_lite 77579 [005] 2603099.622086:      96370 cpu/event=0x3C,umask=0x00/u:            400cc9 t_run_test (/home/koga/autobench_perf/src/autobench/aifftr01_lite)
   aifftr01_lite 77579 [005] 2603099.622094:      65856 cpu/event=0xD0,umask=0x81/u:            400d33 t_run_test (/home/koga/autobench_perf/src/autobench/aifftr01_lite)
   aifftr01_lite 77579 [005] 2603099.622101:     244885 cpu/event=0xC0,umask=0x00/u:            400f09 t_run_test (/home/koga/autobench_perf/src/autobench/aifftr01_lite)
   aifftr01_lite 77579 [005] 2603099.622136:      67533 cpu/event=0xD0,umask=0x82/u:            401186 t_run_test (/home/koga/autobench_perf/src/autobench/aifftr01_lite)
   aifftr01_lite 77579 [005] 2603099.622185:      96484 cpu/event=0x3C,umask=0x00/u:            401585 t_run_test (/home/koga/autobench_perf/src/autobench/aifftr01_lite)
   aifftr01_lite 77579 [005] 2603099.622196:     245657 cpu/event=0xC0,umask=0x00/u:            40155f t_run_test (/home/koga/autobench_perf/src/autobench/aifftr01_lite)
   aifftr01_lite 77579 [005] 2603099.622202:      66169 cpu/event=0xD0,umask=0x81/u:            401505 t_run_test (/home/koga/autobench_perf/src/autobench/aifftr01_lite)
   aifftr01_lite 77579 [005] 2603099.622237:      67558 cpu/event=0xD0,umask=0x82/u:            400cc9 t_run_test (/home/koga/autobench_perf/src/autobench/aifftr01_lite)
   aifftr01_lite 77579 [005] 2603099.622284:        470 cpu/event=0xC5,umask=0x00/u:            4010be t_run_test (/home/koga/autobench_perf/src/autobench/aifftr01_lite)
   aifftr01_lite 77579 [005] 2603099.622290:      96556 cpu/event=0x3C,umask=0x00/u:            40117d t_run_test (/home/koga/autobench_perf/src/autobench/aifftr01_lite)
   aifftr01_lite 77579 [005] 2603099.622302:     247219 cpu/event=0xC0,umask=0x00/u:            401155 t_run_test (/home/koga/autobench_perf/src/autobench/aifftr01_lite)
   aifftr01_lite 77579 [005] 2603099.622309:      65564 cpu/event=0xD0,umask=0x81/u:            401127 t_run_test (/home/koga/autobench_perf/src/autobench/aifftr01_lite)
   aifftr01_lite 77579 [005] 2603099.622344:      67473 cpu/event=0xD0,umask=0x82/u:            401571 t_run_test (/home/koga/autobench_perf/src/autobench/aifftr01_lite)
   aifftr01_lite 77579 [005] 2603099.622389:      96033 cpu/event=0x3C,umask=0x00/u:            400d1e t_run_test (/home/koga/autobench_perf/src/autobench/aifftr01_lite)
   aifftr01_lite 77579 [005] 2603099.622402:     245638 cpu/event=0xC0,umask=0x00/u:            400d4b t_run_test (/home/koga/autobench_perf/src/autobench/aifftr01_lite)
   aifftr01_lite 77579 [005] 2603099.622408:      64998 cpu/event=0xD0,umask=0x81/u:            400d30 t_run_test (/home/koga/autobench_perf/src/autobench/aifftr01_lite)
   aifftr01_lite 77579 [005] 2603099.622444:      66958 cpu/event=0xD0,umask=0x82/u:            401163 t_run_test (/home/koga/autobench_perf/src/autobench/aifftr01_lite)
   aifftr01_lite 77579 [005] 2603099.622489:      96103 cpu/event=0x3C,umask=0x00/u:            4013aa t_run_test (/home/koga/autobench_perf/src/autobench/aifftr01_lite)
   aifftr01_lite 77579 [005] 2603099.622501:      65041 cpu/event=0xD0,umask=0x81/u:            401511 t_run_test (/home/koga/autobench_perf/src/autobench/aifftr01_lite)
   aifftr01_lite 77579 [005] 2603099.622506:     245581 cpu/event=0xC0,umask=0x00/u:            401571 t_run_test (/home/koga/autobench_perf/src/autobench/aifftr01_lite)
   aifftr01_lite 77579 [005] 2603099.622539:      66939 cpu/event=0xD0,umask=0x82/u:            401571 t_run_test (/home/koga/autobench_perf/src/autobench/aifftr01_lite)
   aifftr01_lite 77579 [005] 2603099.622588:      96204 cpu/event=0x3C,umask=0x00/u:            400c96 t_run_test (/home/koga/autobench_perf/src/autobench/aifftr01_lite)
   aifftr01_lite 77579 [005] 2603099.622597:      65703 cpu/event=0xD0,umask=0x81/u:            400f09 t_run_test (/home/koga/autobench_perf/src/autobench/aifftr01_lite)
   aifftr01_lite 77579 [005] 2603099.622603:     244290 cpu/event=0xC0,umask=0x00/u:            400f2e t_run_test (/home/koga/autobench_perf/src/autobench/aifftr01_lite)
   aifftr01_lite 77579 [005] 2603099.622638:      67350 cpu/event=0xD0,umask=0x82/u:            401131 t_run_test (/home/koga/autobench_perf/src/autobench/aifftr01_lite)
   aifftr01_lite 77579 [005] 2603099.622687:      96311 cpu/event=0x3C,umask=0x00/u:            40153f t_run_test (/home/koga/autobench_perf/src/autobench/aifftr01_lite)
   aifftr01_lite 77579 [005] 2603099.622699:      66064 cpu/event=0xD0,umask=0x81/u:            401577 t_run_test (/home/koga/autobench_perf/src/autobench/aifftr01_lite)
   aifftr01_lite 77579 [005] 2603099.622704:     245304 cpu/event=0xC0,umask=0x00/u:            40150d t_run_test (/home/koga/autobench_perf/src/autobench/aifftr01_lite)
   aifftr01_lite 77579 [005] 2603099.622739:      67439 cpu/event=0xD0,umask=0x82/u:            400d16 t_run_test (/home/koga/autobench_perf/src/autobench/aifftr01_lite)
   aifftr01_lite 77579 [005] 2603099.622786:      96402 cpu/event=0x3C,umask=0x00/u:            401131 t_run_test (/home/koga/autobench_perf/src/autobench/aifftr01_lite)
   aifftr01_lite 77579 [005] 2603099.622799:     245079 cpu/event=0xC0,umask=0x00/u:            4010ae t_run_test (/home/koga/autobench_perf/src/autobench/aifftr01_lite)
   aifftr01_lite 77579 [005] 2603099.622806:      65917 cpu/event=0xD0,umask=0x81/u:            4010ec t_run_test (/home/koga/autobench_perf/src/autobench/aifftr01_lite)
   aifftr01_lite 77579 [005] 2603099.622840:      67402 cpu/event=0xD0,umask=0x82/u:            401511 t_run_test (/home/koga/autobench_perf/src/autobench/aifftr01_lite)
   aifftr01_lite 77579 [005] 2603099.622863:        422 cpu/event=0xC5,umask=0x00/u:            401609 t_run_test (/home/koga/autobench_perf/src/autobench/aifftr01_lite)
   aifftr01_lite 77579 [005] 2603099.622891:      96484 cpu/event=0x3C,umask=0x00/u:            400d33 t_run_test (/home/koga/autobench_perf/src/autobench/aifftr01_lite)
   aifftr01_lite 77579 [005] 2603099.622903:     246762 cpu/event=0xC0,umask=0x00/u:            400cd6 t_run_test (/home/koga/autobench_perf/src/autobench/aifftr01_lite)
   aifftr01_lite 77579 [005] 2603099.622911:      65341 cpu/event=0xD0,umask=0x81/u:            400cc9 t_run_test (/home/koga/autobench_perf/src/autobench/aifftr01_lite)
   aifftr01_lite 77579 [005] 2603099.622945:      67298 cpu/event=0xD0,umask=0x82/u:            40116a t_run_test (/home/koga/autobench_perf/src/autobench/aifftr01_lite)
   aifftr01_lite 77579 [005] 2603099.622990:      95994 cpu/event=0x3C,umask=0x00/u:            4013aa t_run_test (/home/koga/autobench_perf/src/autobench/aifftr01_lite)
   aifftr01_lite 77579 [005] 2603099.623003:     245457 cpu/event=0xC0,umask=0x00/u:            40158f t_run_test (/home/koga/autobench_perf/src/autobench/aifftr01_lite)
   aifftr01_lite 77579 [005] 2603099.623010:      64937 cpu/event=0xD0,umask=0x81/u:            401577 t_run_test (/home/koga/autobench_perf/src/autobench/aifftr01_lite)
   aifftr01_lite 77579 [005] 2603099.623054:      66889 cpu/event=0xD0,umask=0x82/u:            4016ec t_run_test (/home/koga/autobench_perf/src/autobench/aifftr01_lite)
   aifftr01_lite 77579 [005] 2603099.623101:      96037 cpu/event=0x3C,umask=0x00/u:            400d41 t_run_test (/home/koga/autobench_perf/src/autobench/aifftr01_lite)
   aifftr01_lite 77579 [005] 2603099.623115:     245364 cpu/event=0xC0,umask=0x00/u:            400f80 t_run_test (/home/koga/autobench_perf/src/autobench/aifftr01_lite)
   aifftr01_lite 77579 [005] 2603099.623121:      65072 cpu/event=0xD0,umask=0x81/u:            400f88 t_run_test (/home/koga/autobench_perf/src/autobench/aifftr01_lite)
   aifftr01_lite 77579 [005] 2603099.623153:      66222 cpu/event=0xD0,umask=0x82/u:            401144 t_run_test (/home/koga/autobench_perf/src/autobench/aifftr01_lite)
   aifftr01_lite 77579 [005] 2603099.623200:      94871 cpu/event=0x3C,umask=0x00/u:            4014d6 t_run_test (/home/koga/autobench_perf/src/autobench/aifftr01_lite)
   aifftr01_lite 77579 [005] 2603099.623213:      64254 cpu/event=0xD0,umask=0x81/u:            4014f7 t_run_test (/home/koga/autobench_perf/src/autobench/aifftr01_lite)
   aifftr01_lite 77579 [005] 2603099.623219:     242022 cpu/event=0xC0,umask=0x00/u:            4015bd t_run_test (/home/koga/autobench_perf/src/autobench/aifftr01_lite)
   aifftr01_lite 77579 [005] 2603099.623252:      66249 cpu/event=0xD0,umask=0x82/u:            400d4b t_run_test (/home/koga/autobench_perf/src/autobench/aifftr01_lite)
   aifftr01_lite 77579 [005] 2603099.623298:      94947 cpu/event=0x3C,umask=0x00/u:            4010f6 t_run_test (/home/koga/autobench_perf/src/autobench/aifftr01_lite)
   aifftr01_lite 77579 [005] 2603099.623313:     240882 cpu/event=0xC0,umask=0x00/u:            40117d t_run_test (/home/koga/autobench_perf/src/autobench/aifftr01_lite)
   aifftr01_lite 77579 [005] 2603099.623320:      64909 cpu/event=0xD0,umask=0x81/u:            401135 t_run_test (/home/koga/autobench_perf/src/autobench/aifftr01_lite)
   aifftr01_lite 77579 [005] 2603099.623353:      66337 cpu/event=0xD0,umask=0x82/u:            401511 t_run_test (/home/koga/autobench_perf/src/autobench/aifftr01_lite)
   aifftr01_lite 77579 [005] 2603099.623386:        344 cpu/event=0xC5,umask=0x00/u:            40175b t_run_test (/home/koga/autobench_perf/src/autobench/aifftr01_lite)
   aifftr01_lite 77579 [005] 2603099.623401:      95181 cpu/event=0x3C,umask=0x00/u:            400d2c t_run_test (/home/koga/autobench_perf/src/autobench/aifftr01_lite)
   aifftr01_lite 77579 [005] 2603099.623416:     242887 cpu/event=0xC0,umask=0x00/u:            400d0c t_run_test (/home/koga/autobench_perf/src/autobench/aifftr01_lite)
   aifftr01_lite 77579 [005] 2603099.623424:      64441 cpu/event=0xD0,umask=0x81/u:            400cdf t_run_test (/home/koga/autobench_perf/src/autobench/aifftr01_lite)
   aifftr01_lite 77579 [005] 2603099.623457:      66330 cpu/event=0xD0,umask=0x82/u:            401117 t_run_test (/home/koga/autobench_perf/src/autobench/aifftr01_lite)
   aifftr01_lite 77579 [005] 2603099.623500:      94831 cpu/event=0x3C,umask=0x00/u:            40090d GetInputValues (/home/koga/autobench_perf/src/autobench/aifftr01_lite)
   aifftr01_lite 77579 [005] 2603099.623515:     241818 cpu/event=0xC0,umask=0x00/u:            401509 t_run_test (/home/koga/autobench_perf/src/autobench/aifftr01_lite)
   aifftr01_lite 77579 [005] 2603099.623521:      64091 cpu/event=0xD0,umask=0x81/u:            40153b t_run_test (/home/koga/autobench_perf/src/autobench/aifftr01_lite)
   aifftr01_lite 77579 [005] 2603099.623551:      65950 cpu/event=0xD0,umask=0x82/u:            401585 t_run_test (/home/koga/autobench_perf/src/autobench/aifftr01_lite)
   aifftr01_lite 77579 [005] 2603099.623597:      95030 cpu/event=0x3C,umask=0x00/u:            400da2 t_run_test (/home/koga/autobench_perf/src/autobench/aifftr01_lite)
   aifftr01_lite 77579 [005] 2603099.623610:      64358 cpu/event=0xD0,umask=0x81/u:            400f09 t_run_test (/home/koga/autobench_perf/src/autobench/aifftr01_lite)
   aifftr01_lite 77579 [005] 2603099.623616:     242305 cpu/event=0xC0,umask=0x00/u:            400f31 t_run_test (/home/koga/autobench_perf/src/autobench/aifftr01_lite)
   aifftr01_lite 77579 [005] 2603099.623650:      66467 cpu/event=0xD0,umask=0x82/u:            40111a t_run_test (/home/koga/autobench_perf/src/autobench/aifftr01_lite)
   aifftr01_lite 77579 [005] 2603099.623696:      95311 cpu/event=0x3C,umask=0x00/u:            401533 t_run_test (/home/koga/autobench_perf/src/autobench/aifftr01_lite)
   aifftr01_lite 77579 [005] 2603099.623710:     241963 cpu/event=0xC0,umask=0x00/u:            4014d6 t_run_test (/home/koga/autobench_perf/src/autobench/aifftr01_lite)
   aifftr01_lite 77579 [005] 2603099.623716:      65295 cpu/event=0xD0,umask=0x81/u:            401577 t_run_test (/home/koga/autobench_perf/src/autobench/aifftr01_lite)
   aifftr01_lite 77579 [005] 2603099.623749:      66617 cpu/event=0xD0,umask=0x82/u:            400d30 t_run_test (/home/koga/autobench_perf/src/autobench/aifftr01_lite)
   aifftr01_lite 77579 [005] 2603099.623794:        310 cpu/event=0xC5,umask=0x00/u:            4010be t_run_test (/home/koga/autobench_perf/src/autobench/aifftr01_lite)
   aifftr01_lite 77579 [005] 2603099.623795:      95516 cpu/event=0x3C,umask=0x00/u:            4010be t_run_test (/home/koga/autobench_perf/src/autobench/aifftr01_lite)
   aifftr01_lite 77579 [005] 2603099.623810:     243819 cpu/event=0xC0,umask=0x00/u:            4010e8 t_run_test (/home/koga/autobench_perf/src/autobench/aifftr01_lite)
   aifftr01_lite 77579 [005] 2603099.623818:      64877 cpu/event=0xD0,umask=0x81/u:            401155 t_run_test (/home/koga/autobench_perf/src/autobench/aifftr01_lite)
   aifftr01_lite 77579 [005] 2603099.623850:      66641 cpu/event=0xD0,umask=0x82/u:            401511 t_run_test (/home/koga/autobench_perf/src/autobench/aifftr01_lite)
   aifftr01_lite 77579 [005] 2603099.623894:      95566 cpu/event=0x3C,umask=0x00/u:            400d30 t_run_test (/home/koga/autobench_perf/src/autobench/aifftr01_lite)
   aifftr01_lite 77579 [005] 2603099.623909:     243799 cpu/event=0xC0,umask=0x00/u:            400d36 t_run_test (/home/koga/autobench_perf/src/autobench/aifftr01_lite)
   aifftr01_lite 77579 [005] 2603099.623917:      64684 cpu/event=0xD0,umask=0x81/u:            400d0f t_run_test (/home/koga/autobench_perf/src/autobench/aifftr01_lite)
   aifftr01_lite 77579 [005] 2603099.623949:      66565 cpu/event=0xD0,umask=0x82/u:            400900 GetInputValues (/home/koga/autobench_perf/src/autobench/aifftr01_lite)
   aifftr01_lite 77579 [005] 2603099.623993:      95694 cpu/event=0x3C,umask=0x00/u:            40132b t_run_test (/home/koga/autobench_perf/src/autobench/aifftr01_lite)
   aifftr01_lite 77579 [005] 2603099.624008:     244093 cpu/event=0xC0,umask=0x00/u:            401549 t_run_test (/home/koga/autobench_perf/src/autobench/aifftr01_lite)
   aifftr01_lite 77579 [005] 2603099.624013:      64815 cpu/event=0xD0,umask=0x81/u:            401511 t_run_test (/home/koga/autobench_perf/src/autobench/aifftr01_lite)
   aifftr01_lite 77579 [005] 2603099.624043:      66692 cpu/event=0xD0,umask=0x82/u:            401505 t_run_test (/home/koga/autobench_perf/src/autobench/aifftr01_lite)
   aifftr01_lite 77579 [005] 2603099.624091:      95861 cpu/event=0x3C,umask=0x00/u:            400cdf t_run_test (/home/koga/autobench_perf/src/autobench/aifftr01_lite)
   aifftr01_lite 77579 [005] 2603099.624104:      65099 cpu/event=0xD0,umask=0x81/u:            400ed2 t_run_test (/home/koga/autobench_perf/src/autobench/aifftr01_lite)
   aifftr01_lite 77579 [005] 2603099.624110:     244591 cpu/event=0xC0,umask=0x00/u:            400ed2 t_run_test (/home/koga/autobench_perf/src/autobench/aifftr01_lite)
   aifftr01_lite 77579 [005] 2603099.624143:      67176 cpu/event=0xD0,umask=0x82/u:            401127 t_run_test (/home/koga/autobench_perf/src/autobench/aifftr01_lite)
   aifftr01_lite 77579 [005] 2603099.624172:        282 cpu/event=0xC5,umask=0x00/u:            4013e3 t_run_test (/home/koga/autobench_perf/src/autobench/aifftr01_lite)
   aifftr01_lite 77579 [005] 2603099.624195:      96041 cpu/event=0x3C,umask=0x00/u:            40158c t_run_test (/home/koga/autobench_perf/src/autobench/aifftr01_lite)
   aifftr01_lite 77579 [005] 2603099.624210:     243932 cpu/event=0xC0,umask=0x00/u:            401520 t_run_test (/home/koga/autobench_perf/src/autobench/aifftr01_lite)
   aifftr01_lite 77579 [005] 2603099.624216:      65950 cpu/event=0xD0,umask=0x81/u:            401577 t_run_test (/home/koga/autobench_perf/src/autobench/aifftr01_lite)
   aifftr01_lite 77579 [005] 2603099.624249:      67216 cpu/event=0xD0,umask=0x82/u:            400ccd t_run_test (/home/koga/autobench_perf/src/autobench/aifftr01_lite)
   aifftr01_lite 77579 [005] 2603099.624294:      95587 cpu/event=0x3C,umask=0x00/u:            40111a t_run_test (/home/koga/autobench_perf/src/autobench/aifftr01_lite)
   aifftr01_lite 77579 [005] 2603099.624309:     244021 cpu/event=0xC0,umask=0x00/u:            401135 t_run_test (/home/koga/autobench_perf/src/autobench/aifftr01_lite)
   aifftr01_lite 77579 [005] 2603099.624318:      65075 cpu/event=0xD0,umask=0x81/u:            401144 t_run_test (/home/koga/autobench_perf/src/autobench/aifftr01_lite)
   aifftr01_lite 77579 [005] 2603099.624349:      66739 cpu/event=0xD0,umask=0x82/u:            40158f t_run_test (/home/koga/autobench_perf/src/autobench/aifftr01_lite)
   aifftr01_lite 77579 [005] 2603099.624393:      95701 cpu/event=0x3C,umask=0x00/u:            400d2c t_run_test (/home/koga/autobench_perf/src/autobench/aifftr01_lite)
   aifftr01_lite 77579 [005] 2603099.624408:     244070 cpu/event=0xC0,umask=0x00/u:            400d28 t_run_test (/home/koga/autobench_perf/src/autobench/aifftr01_lite)
   aifftr01_lite 77579 [005] 2603099.624416:      64901 cpu/event=0xD0,umask=0x81/u:            400cf3 t_run_test (/home/koga/autobench_perf/src/autobench/aifftr01_lite)
   aifftr01_lite 77579 [005] 2603099.624447:      66697 cpu/event=0xD0,umask=0x82/u:            40090d GetInputValues (/home/koga/autobench_perf/src/autobench/aifftr01_lite)
   aifftr01_lite 77579 [005] 2603099.624492:      95823 cpu/event=0x3C,umask=0x00/u:            4012d5 t_run_test (/home/koga/autobench_perf/src/autobench/aifftr01_lite)
   aifftr01_lite 77579 [005] 2603099.624507:     244427 cpu/event=0xC0,umask=0x00/u:            40158f t_run_test (/home/koga/autobench_perf/src/autobench/aifftr01_lite)
   aifftr01_lite 77579 [005] 2603099.624514:      65022 cpu/event=0xD0,umask=0x81/u:            401549 t_run_test (/home/koga/autobench_perf/src/autobench/aifftr01_lite)
   aifftr01_lite 77579 [005] 2603099.624523:        257 cpu/event=0xC5,umask=0x00/u:            4014d6 t_run_test (/home/koga/autobench_perf/src/autobench/aifftr01_lite)
   aifftr01_lite 77579 [005] 2603099.624548:      66886 cpu/event=0xD0,umask=0x82/u:            401511 t_run_test (/home/koga/autobench_perf/src/autobench/aifftr01_lite)
   aifftr01_lite 77579 [005] 2603099.624595:      95984 cpu/event=0x3C,umask=0x00/u:            400c96 t_run_test (/home/koga/autobench_perf/src/autobench/aifftr01_lite)
   aifftr01_lite 77579 [005] 2603099.624609:     244806 cpu/event=0xC0,umask=0x00/u:            400ed2 t_run_test (/home/koga/autobench_perf/src/autobench/aifftr01_lite)
   aifftr01_lite 77579 [005] 2603099.624615:      65255 cpu/event=0xD0,umask=0x81/u:            400ebc t_run_test (/home/koga/autobench_perf/src/autobench/aifftr01_lite)
   aifftr01_lite 77579 [005] 2603099.624648:      66823 cpu/event=0xD0,umask=0x82/u:            4010ff t_run_test (/home/koga/autobench_perf/src/autobench/aifftr01_lite)
   aifftr01_lite 77579 [005] 2603099.624694:      95606 cpu/event=0x3C,umask=0x00/u:            40150d t_run_test (/home/koga/autobench_perf/src/autobench/aifftr01_lite)
   aifftr01_lite 77579 [005] 2603099.624709:     244080 cpu/event=0xC0,umask=0x00/u:            4014d6 t_run_test (/home/koga/autobench_perf/src/autobench/aifftr01_lite)
   aifftr01_lite 77579 [005] 2603099.624716:      65185 cpu/event=0xD0,umask=0x81/u:            401577 t_run_test (/home/koga/autobench_perf/src/autobench/aifftr01_lite)
   aifftr01_lite 77579 [005] 2603099.624748:      66859 cpu/event=0xD0,umask=0x82/u:            400d48 t_run_test (/home/koga/autobench_perf/src/autobench/aifftr01_lite)
   aifftr01_lite 77579 [005] 2603099.624793:      95718 cpu/event=0x3C,umask=0x00/u:            4010f0 t_run_test (/home/koga/autobench_perf/src/autobench/aifftr01_lite)
   aifftr01_lite 77579 [005] 2603099.624808:     244321 cpu/event=0xC0,umask=0x00/u:            4010e8 t_run_test (/home/koga/autobench_perf/src/autobench/aifftr01_lite)
   aifftr01_lite 77579 [005] 2603099.624817:      65081 cpu/event=0xD0,umask=0x81/u:            4010e8 t_run_test (/home/koga/autobench_perf/src/autobench/aifftr01_lite)
   aifftr01_lite 77579 [005] 2603099.624835:        235 cpu/event=0xC5,umask=0x00/u:            4012de t_run_test (/home/koga/autobench_perf/src/autobench/aifftr01_lite)
   aifftr01_lite 77579 [005] 2603099.624853:      66840 cpu/event=0xD0,umask=0x82/u:            40154f t_run_test (/home/koga/autobench_perf/src/autobench/aifftr01_lite)
   aifftr01_lite 77579 [005] 2603099.624897:      95862 cpu/event=0x3C,umask=0x00/u:            400ba3 t_run_test (/home/koga/autobench_perf/src/autobench/aifftr01_lite)
   aifftr01_lite 77579 [005] 2603099.624912:     244405 cpu/event=0xC0,umask=0x00/u:            400ccd t_run_test (/home/koga/autobench_perf/src/autobench/aifftr01_lite)
   aifftr01_lite 77579 [005] 2603099.624921:      64975 cpu/event=0xD0,umask=0x81/u:            400d4b t_run_test (/home/koga/autobench_perf/src/autobench/aifftr01_lite)
   aifftr01_lite 77579 [005] 2603099.624949:      66437 cpu/event=0xD0,umask=0x82/u:            400f1d t_run_test (/home/koga/autobench_perf/src/autobench/aifftr01_lite)
   aifftr01_lite 77579 [005] 2603099.624996:      95435 cpu/event=0x3C,umask=0x00/u:            4012d5 t_run_test (/home/koga/autobench_perf/src/autobench/aifftr01_lite)
   aifftr01_lite 77579 [005] 2603099.625011:     243286 cpu/event=0xC0,umask=0x00/u:            401544 t_run_test (/home/koga/autobench_perf/src/autobench/aifftr01_lite)
   aifftr01_lite 77579 [005] 2603099.625018:      64714 cpu/event=0xD0,umask=0x81/u:            401517 t_run_test (/home/koga/autobench_perf/src/autobench/aifftr01_lite)
   aifftr01_lite 77579 [005] 2603099.625046:      66745 cpu/event=0xD0,umask=0x82/u:            40158c t_run_test (/home/koga/autobench_perf/src/autobench/aifftr01_lite)
   aifftr01_lite 77579 [005] 2603099.625094:      95604 cpu/event=0x3C,umask=0x00/u:            400d00 t_run_test (/home/koga/autobench_perf/src/autobench/aifftr01_lite)
   aifftr01_lite 77579 [005] 2603099.625109:     243568 cpu/event=0xC0,umask=0x00/u:            400ebc t_run_test (/home/koga/autobench_perf/src/autobench/aifftr01_lite)
   aifftr01_lite 77579 [005] 2603099.625114:      64917 cpu/event=0xD0,umask=0x81/u:            400eb9 t_run_test (/home/koga/autobench_perf/src/autobench/aifftr01_lite)
   aifftr01_lite 77579 [005] 2603099.625133:        216 cpu/event=0xC5,umask=0x00/u:            4010f0 t_run_test (/home/koga/autobench_perf/src/autobench/aifftr01_lite)
   aifftr01_lite 77579 [005] 2603099.625151:      67007 cpu/event=0xD0,umask=0x82/u:            401155 t_run_test (/home/koga/autobench_perf/src/autobench/aifftr01_lite)
   aifftr01_lite 77579 [005] 2603099.625197:      95778 cpu/event=0x3C,umask=0x00/u:            401528 t_run_test (/home/koga/autobench_perf/src/autobench/aifftr01_lite)
   aifftr01_lite 77579 [005] 2603099.625213:     244390 cpu/event=0xC0,umask=0x00/u:            40150d t_run_test (/home/koga/autobench_perf/src/autobench/aifftr01_lite)
   aifftr01_lite 77579 [005] 2603099.625220:      65291 cpu/event=0xD0,umask=0x81/u:            4014d6 t_run_test (/home/koga/autobench_perf/src/autobench/aifftr01_lite)
   aifftr01_lite 77579 [005] 2603099.625251:      66616 cpu/event=0xD0,umask=0x82/u:            400d30 t_run_test (/home/koga/autobench_perf/src/autobench/aifftr01_lite)
   aifftr01_lite 77579 [005] 2603099.625297:      95393 cpu/event=0x3C,umask=0x00/u:            401155 t_run_test (/home/koga/autobench_perf/src/autobench/aifftr01_lite)
   aifftr01_lite 77579 [005] 2603099.625312:     243211 cpu/event=0xC0,umask=0x00/u:            4010f0 t_run_test (/home/koga/autobench_perf/src/autobench/aifftr01_lite)
   aifftr01_lite 77579 [005] 2603099.625321:      64803 cpu/event=0xD0,umask=0x81/u:            4011a9 t_run_test (/home/koga/autobench_perf/src/autobench/aifftr01_lite)
   aifftr01_lite 77579 [005] 2603099.625351:      66600 cpu/event=0xD0,umask=0x82/u:            401511 t_run_test (/home/koga/autobench_perf/src/autobench/aifftr01_lite)
   aifftr01_lite 77579 [005] 2603099.625390:        199 cpu/event=0xC5,umask=0x00/u:            40178e t_run_test (/home/koga/autobench_perf/src/autobench/aifftr01_lite)
   aifftr01_lite 77579 [005] 2603099.625400:      95498 cpu/event=0x3C,umask=0x00/u:            400b6a t_run_test (/home/koga/autobench_perf/src/autobench/aifftr01_lite)
   aifftr01_lite 77579 [005] 2603099.625416:     243307 cpu/event=0xC0,umask=0x00/u:            400d00 t_run_test (/home/koga/autobench_perf/src/autobench/aifftr01_lite)
   aifftr01_lite 77579 [005] 2603099.625425:      64710 cpu/event=0xD0,umask=0x81/u:            400c96 t_run_test (/home/koga/autobench_perf/src/autobench/aifftr01_lite)
   aifftr01_lite 77579 [005] 2603099.625452:      66607 cpu/event=0xD0,umask=0x82/u:            400eb9 t_run_test (/home/koga/autobench_perf/src/autobench/aifftr01_lite)
   aifftr01_lite 77579 [005] 2603099.625498:      95103 cpu/event=0x3C,umask=0x00/u:            4010f0 t_run_test (/home/koga/autobench_perf/src/autobench/aifftr01_lite)
   aifftr01_lite 77579 [005] 2603099.625515:     242189 cpu/event=0xC0,umask=0x00/u:            4013f1 t_run_test (/home/koga/autobench_perf/src/autobench/aifftr01_lite)
   aifftr01_lite 77579 [005] 2603099.625521:      64448 cpu/event=0xD0,umask=0x81/u:            401528 t_run_test (/home/koga/autobench_perf/src/autobench/aifftr01_lite)
   aifftr01_lite 77579 [005] 2603099.625550:      66565 cpu/event=0xD0,umask=0x82/u:            4014d6 t_run_test (/home/koga/autobench_perf/src/autobench/aifftr01_lite)
   aifftr01_lite 77579 [005] 2603099.625597:      95308 cpu/event=0x3C,umask=0x00/u:            400c9e t_run_test (/home/koga/autobench_perf/src/autobench/aifftr01_lite)
   aifftr01_lite 77579 [005] 2603099.625612:     242662 cpu/event=0xC0,umask=0x00/u:            400d30 t_run_test (/home/koga/autobench_perf/src/autobench/aifftr01_lite)
   aifftr01_lite 77579 [005] 2603099.625617:      64712 cpu/event=0xD0,umask=0x81/u:            400c89 t_run_test (/home/koga/autobench_perf/src/autobench/aifftr01_lite)
   aifftr01_lite 77579 [005] 2603099.625643:        185 cpu/event=0xC5,umask=0x00/u:            4011ed t_run_test (/home/koga/autobench_perf/src/autobench/aifftr01_lite)
   aifftr01_lite 77579 [005] 2603099.625655:      66733 cpu/event=0xD0,umask=0x82/u:            4010b6 t_run_test (/home/koga/autobench_perf/src/autobench/aifftr01_lite)
   aifftr01_lite 77579 [005] 2603099.625700:      95499 cpu/event=0x3C,umask=0x00/u:            40155b t_run_test (/home/koga/autobench_perf/src/autobench/aifftr01_lite)
   aifftr01_lite 77579 [005] 2603099.625716:     243462 cpu/event=0xC0,umask=0x00/u:            4015e3 t_run_test (/home/koga/autobench_perf/src/autobench/aifftr01_lite)
   aifftr01_lite 77579 [005] 2603099.625723:      65076 cpu/event=0xD0,umask=0x81/u:            40155b t_run_test (/home/koga/autobench_perf/src/autobench/aifftr01_lite)
   aifftr01_lite 77579 [005] 2603099.625754:      66336 cpu/event=0xD0,umask=0x82/u:            400cf3 t_run_test (/home/koga/autobench_perf/src/autobench/aifftr01_lite)
   aifftr01_lite 77579 [005] 2603099.625798:      95150 cpu/event=0x3C,umask=0x00/u:            4010f0 t_run_test (/home/koga/autobench_perf/src/autobench/aifftr01_lite)
   aifftr01_lite 77579 [005] 2603099.625815:     242443 cpu/event=0xC0,umask=0x00/u:            401139 t_run_test (/home/koga/autobench_perf/src/autobench/aifftr01_lite)
   aifftr01_lite 77579 [005] 2603099.625824:      64595 cpu/event=0xD0,umask=0x81/u:            4010f6 t_run_test (/home/koga/autobench_perf/src/autobench/aifftr01_lite)
   aifftr01_lite 77579 [005] 2603099.625847:        172 cpu/event=0xC5,umask=0x00/u:            401388 t_run_test (/home/koga/autobench_perf/src/autobench/aifftr01_lite)
   aifftr01_lite 77579 [005] 2603099.625859:      66373 cpu/event=0xD0,umask=0x82/u:            40156d t_run_test (/home/koga/autobench_perf/src/autobench/aifftr01_lite)
   aifftr01_lite 77579 [005] 2603099.625901:      95309 cpu/event=0x3C,umask=0x00/u:            400911 GetInputValues (/home/koga/autobench_perf/src/autobench/aifftr01_lite)
   aifftr01_lite 77579 [005] 2603099.625918:     242709 cpu/event=0xC0,umask=0x00/u:            400d3a t_run_test (/home/koga/autobench_perf/src/autobench/aifftr01_lite)
   aifftr01_lite 77579 [005] 2603099.625927:      64560 cpu/event=0xD0,umask=0x81/u:            400ccd t_run_test (/home/koga/autobench_perf/src/autobench/aifftr01_lite)
   aifftr01_lite 77579 [005] 2603099.625954:      65987 cpu/event=0xD0,umask=0x82/u:            400d30 t_run_test (/home/koga/autobench_perf/src/autobench/aifftr01_lite)
   aifftr01_lite 77579 [005] 2603099.626000:      94965 cpu/event=0x3C,umask=0x00/u:            4010f0 t_run_test (/home/koga/autobench_perf/src/autobench/aifftr01_lite)
   aifftr01_lite 77579 [005] 2603099.626016:     241643 cpu/event=0xC0,umask=0x00/u:            400904 GetInputValues (/home/koga/autobench_perf/src/autobench/aifftr01_lite)
   aifftr01_lite 77579 [005] 2603099.626024:      64314 cpu/event=0xD0,umask=0x81/u:            4013c6 t_run_test (/home/koga/autobench_perf/src/autobench/aifftr01_lite)
   aifftr01_lite 77579 [005] 2603099.626052:      66443 cpu/event=0xD0,umask=0x82/u:            40156d t_run_test (/home/koga/autobench_perf/src/autobench/aifftr01_lite)
   aifftr01_lite 77579 [005] 2603099.626072:        162 cpu/event=0xC5,umask=0x00/u:            40176f t_run_test (/home/koga/autobench_perf/src/autobench/aifftr01_lite)
   aifftr01_lite 77579 [005] 2603099.626103:      95162 cpu/event=0x3C,umask=0x00/u:            400ccd t_run_test (/home/koga/autobench_perf/src/autobench/aifftr01_lite)
   aifftr01_lite 77579 [005] 2603099.626120:     242408 cpu/event=0xC0,umask=0x00/u:            400d0c t_run_test (/home/koga/autobench_perf/src/autobench/aifftr01_lite)
   aifftr01_lite 77579 [005] 2603099.626126:      64560 cpu/event=0xD0,umask=0x81/u:            400c9e t_run_test (/home/koga/autobench_perf/src/autobench/aifftr01_lite)
   aifftr01_lite 77579 [005] 2603099.626157:      66612 cpu/event=0xD0,umask=0x82/u:            40110f t_run_test (/home/koga/autobench_perf/src/autobench/aifftr01_lite)
   aifftr01_lite 77579 [005] 2603099.626201:      94820 cpu/event=0x3C,umask=0x00/u:            40155f t_run_test (/home/koga/autobench_perf/src/autobench/aifftr01_lite)
   aifftr01_lite 77579 [005] 2603099.626219:     241322 cpu/event=0xC0,umask=0x00/u:            40158c t_run_test (/home/koga/autobench_perf/src/autobench/aifftr01_lite)
   aifftr01_lite 77579 [005] 2603099.626227:      64421 cpu/event=0xD0,umask=0x81/u:            40155f t_run_test (/home/koga/autobench_perf/src/autobench/aifftr01_lite)
   aifftr01_lite 77579 [005] 2603099.626257:      66201 cpu/event=0xD0,umask=0x82/u:            400d3d t_run_test (/home/koga/autobench_perf/src/autobench/aifftr01_lite)
   aifftr01_lite 77579 [005] 2603099.626267:        152 cpu/event=0xC5,umask=0x00/u:            400c96 t_run_test (/home/koga/autobench_perf/src/autobench/aifftr01_lite)
   aifftr01_lite 77579 [005] 2603099.626304:      95025 cpu/event=0x3C,umask=0x00/u:            400fa0 t_run_test (/home/koga/autobench_perf/src/autobench/aifftr01_lite)
   aifftr01_lite 77579 [005] 2603099.626322:     241575 cpu/event=0xC0,umask=0x00/u:            40116a t_run_test (/home/koga/autobench_perf/src/autobench/aifftr01_lite)
   aifftr01_lite 77579 [005] 2603099.626331:      64306 cpu/event=0xD0,umask=0x81/u:            40116d t_run_test (/home/koga/autobench_perf/src/autobench/aifftr01_lite)
   aifftr01_lite 77579 [005] 2603099.626361:      66214 cpu/event=0xD0,umask=0x82/u:            4013a2 t_run_test (/home/koga/autobench_perf/src/autobench/aifftr01_lite)
   aifftr01_lite 77579 [005] 2603099.626402:      94724 cpu/event=0x3C,umask=0x00/u:            401557 t_run_test (/home/koga/autobench_perf/src/autobench/aifftr01_lite)
   aifftr01_lite 77579 [005] 2603099.626420:     240588 cpu/event=0xC0,umask=0x00/u:            400d44 t_run_test (/home/koga/autobench_perf/src/autobench/aifftr01_lite)
   aifftr01_lite 77579 [005] 2603099.626428:      63997 cpu/event=0xD0,umask=0x81/u:            400d30 t_run_test (/home/koga/autobench_perf/src/autobench/aifftr01_lite)
   aifftr01_lite 77579 [005] 2603099.626455:      65910 cpu/event=0xD0,umask=0x82/u:            400d0c t_run_test (/home/koga/autobench_perf/src/autobench/aifftr01_lite)
   aifftr01_lite 77579 [005] 2603099.626467:        144 cpu/event=0xC5,umask=0x00/u:            400ebc t_run_test (/home/koga/autobench_perf/src/autobench/aifftr01_lite)
   aifftr01_lite 77579 [005] 2603099.626504:      94913 cpu/event=0x3C,umask=0x00/u:            4011a9 t_run_test (/home/koga/autobench_perf/src/autobench/aifftr01_lite)
   aifftr01_lite 77579 [005] 2603099.626522:     241145 cpu/event=0xC0,umask=0x00/u:            4012db t_run_test (/home/koga/autobench_perf/src/autobench/aifftr01_lite)
   aifftr01_lite 77579 [005] 2603099.626527:      64278 cpu/event=0xD0,umask=0x81/u:            40132b t_run_test (/home/koga/autobench_perf/src/autobench/aifftr01_lite)
   aifftr01_lite 77579 [005] 2603099.626559:      66390 cpu/event=0xD0,umask=0x82/u:            401585 t_run_test (/home/koga/autobench_perf/src/autobench/aifftr01_lite)
   aifftr01_lite 77579 [005] 2603099.626603:      94640 cpu/event=0x3C,umask=0x00/u:            400c72 t_run_test (/home/koga/autobench_perf/src/autobench/aifftr01_lite)
   aifftr01_lite 77579 [005] 2603099.626620:     240754 cpu/event=0xC0,umask=0x00/u:            400cf0 t_run_test (/home/koga/autobench_perf/src/autobench/aifftr01_lite)
   aifftr01_lite 77579 [005] 2603099.626628:      64317 cpu/event=0xD0,umask=0x81/u:            400d28 t_run_test (/home/koga/autobench_perf/src/autobench/aifftr01_lite)
   aifftr01_lite 77579 [005] 2603099.626639:        136 cpu/event=0xC5,umask=0x00/u:            400ebc t_run_test (/home/koga/autobench_perf/src/autobench/aifftr01_lite)
   aifftr01_lite 77579 [005] 2603099.626664:      66098 cpu/event=0xD0,umask=0x82/u:            4010f0 t_run_test (/home/koga/autobench_perf/src/autobench/aifftr01_lite)
   aifftr01_lite 77579 [005] 2603099.626705:      94855 cpu/event=0x3C,umask=0x00/u:            4014b2 t_run_test (/home/koga/autobench_perf/src/autobench/aifftr01_lite)
   aifftr01_lite 77579 [005] 2603099.626723:     241327 cpu/event=0xC0,umask=0x00/u:            401571 t_run_test (/home/koga/autobench_perf/src/autobench/aifftr01_lite)
   aifftr01_lite 77579 [005] 2603099.626733:      64307 cpu/event=0xD0,umask=0x81/u:            401585 t_run_test (/home/koga/autobench_perf/src/autobench/aifftr01_lite)
   aifftr01_lite 77579 [005] 2603099.626763:      65735 cpu/event=0xD0,umask=0x82/u:            400d2c t_run_test (/home/koga/autobench_perf/src/autobench/aifftr01_lite)
   aifftr01_lite 77579 [005] 2603099.626800:        130 cpu/event=0xC5,umask=0x00/u:            400ebc t_run_test (/home/koga/autobench_perf/src/autobench/aifftr01_lite)
   aifftr01_lite 77579 [005] 2603099.626808:      94574 cpu/event=0x3C,umask=0x00/u:            400f3a t_run_test (/home/koga/autobench_perf/src/autobench/aifftr01_lite)
   aifftr01_lite 77579 [005] 2603099.626826:     240311 cpu/event=0xC0,umask=0x00/u:            401127 t_run_test (/home/koga/autobench_perf/src/autobench/aifftr01_lite)
   aifftr01_lite 77579 [005] 2603099.626835:      63924 cpu/event=0xD0,umask=0x81/u:            40116a t_run_test (/home/koga/autobench_perf/src/autobench/aifftr01_lite)
   aifftr01_lite 77579 [005] 2603099.626862:      65813 cpu/event=0xD0,umask=0x82/u:            40113d t_run_test (/home/koga/autobench_perf/src/autobench/aifftr01_lite)
   aifftr01_lite 77579 [005] 2603099.626906:      94263 cpu/event=0x3C,umask=0x00/u:            401577 t_run_test (/home/koga/autobench_perf/src/autobench/aifftr01_lite)
   aifftr01_lite 77579 [005] 2603099.626922:     239425 cpu/event=0xC0,umask=0x00/u:            400904 GetInputValues (/home/koga/autobench_perf/src/autobench/aifftr01_lite)
   aifftr01_lite 77579 [005] 2603099.626931:      63711 cpu/event=0xD0,umask=0x81/u:            400b62 t_run_test (/home/koga/autobench_perf/src/autobench/aifftr01_lite)
   aifftr01_lite 77579 [005] 2603099.626959:      65895 cpu/event=0xD0,umask=0x82/u:            400c96 t_run_test (/home/koga/autobench_perf/src/autobench/aifftr01_lite)
   aifftr01_lite 77579 [005] 2603099.626976:        125 cpu/event=0xC5,umask=0x00/u:            400dee t_run_test (/home/koga/autobench_perf/src/autobench/aifftr01_lite)
   aifftr01_lite 77579 [005] 2603099.627008:      94537 cpu/event=0x3C,umask=0x00/u:            401155 t_run_test (/home/koga/autobench_perf/src/autobench/aifftr01_lite)
   aifftr01_lite 77579 [005] 2603099.627045:     240979 cpu/event=0xC0,umask=0x00/u:            4011b5 t_run_test (/home/koga/autobench_perf/src/autobench/aifftr01_lite)
   aifftr01_lite 77579 [005] 2603099.627052:      64109 cpu/event=0xD0,umask=0x81/u:            40119b t_run_test (/home/koga/autobench_perf/src/autobench/aifftr01_lite)
   aifftr01_lite 77579 [005] 2603099.627083:      66124 cpu/event=0xD0,umask=0x82/u:            40155b t_run_test (/home/koga/autobench_perf/src/autobench/aifftr01_lite)
   aifftr01_lite 77579 [005] 2603099.627125:      94372 cpu/event=0x3C,umask=0x00/u:            400d44 t_run_test (/home/koga/autobench_perf/src/autobench/aifftr01_lite)
   aifftr01_lite 77579 [005] 2603099.627134:        116 cpu/event=0xC5,umask=0x00/u:            400daa t_run_test (/home/koga/autobench_perf/src/autobench/aifftr01_lite)
   aifftr01_lite 77579 [005] 2603099.627149:     235408 cpu/event=0xC0,umask=0x00/u:            400cf7 t_run_test (/home/koga/autobench_perf/src/autobench/aifftr01_lite)
   aifftr01_lite 77579 [005] 2603099.627157:      62736 cpu/event=0xD0,umask=0x81/u:            400d16 t_run_test (/home/koga/autobench_perf/src/autobench/aifftr01_lite)
   aifftr01_lite 77579 [005] 2603099.627188:      64524 cpu/event=0xD0,umask=0x82/u:            401127 t_run_test (/home/koga/autobench_perf/src/autobench/aifftr01_lite)
   aifftr01_lite 77579 [005] 2603099.627227:      92656 cpu/event=0x3C,umask=0x00/u:            400904 GetInputValues (/home/koga/autobench_perf/src/autobench/aifftr01_lite)
   aifftr01_lite 77579 [005] 2603099.627246:     234250 cpu/event=0xC0,umask=0x00/u:            401563 t_run_test (/home/koga/autobench_perf/src/autobench/aifftr01_lite)
   aifftr01_lite 77579 [005] 2603099.627255:      62317 cpu/event=0xD0,umask=0x81/u:            40154f t_run_test (/home/koga/autobench_perf/src/autobench/aifftr01_lite)
   aifftr01_lite 77579 [005] 2603099.627282:      64141 cpu/event=0xD0,umask=0x82/u:            4016f7 t_run_test (/home/koga/autobench_perf/src/autobench/aifftr01_lite)
   aifftr01_lite 77579 [005] 2603099.627288:        112 cpu/event=0xC5,umask=0x00/u:            4016ec t_run_test (/home/koga/autobench_perf/src/autobench/aifftr01_lite)
   aifftr01_lite 77579 [005] 2603099.627328:      92364 cpu/event=0x3C,umask=0x00/u:            400d4b t_run_test (/home/koga/autobench_perf/src/autobench/aifftr01_lite)
   aifftr01_lite 77579 [005] 2603099.627344:     235143 cpu/event=0xC0,umask=0x00/u:            40090d GetInputValues (/home/koga/autobench_perf/src/autobench/aifftr01_lite)
   aifftr01_lite 77579 [005] 2603099.627364:      62547 cpu/event=0xD0,umask=0x81/u:            400f98 t_run_test (/home/koga/autobench_perf/src/autobench/aifftr01_lite)
   aifftr01_lite 77579 [005] 2603099.627391:      64689 cpu/event=0xD0,umask=0x82/u:            401144 t_run_test (/home/koga/autobench_perf/src/autobench/aifftr01_lite)
   aifftr01_lite 77579 [005] 2603099.627424:        108 cpu/event=0xC5,umask=0x00/u:            40155f t_run_test (/home/koga/autobench_perf/src/autobench/aifftr01_lite)
   aifftr01_lite 77579 [005] 2603099.627433:      92283 cpu/event=0x3C,umask=0x00/u:            401549 t_run_test (/home/koga/autobench_perf/src/autobench/aifftr01_lite)
   aifftr01_lite 77579 [005] 2603099.627450:     235632 cpu/event=0xC0,umask=0x00/u:            4015e3 t_run_test (/home/koga/autobench_perf/src/autobench/aifftr01_lite)
   aifftr01_lite 77579 [005] 2603099.627457:      61850 cpu/event=0xD0,umask=0x81/u:            40156a t_run_test (/home/koga/autobench_perf/src/autobench/aifftr01_lite)
   aifftr01_lite 77579 [005] 2603099.627486:      64000 cpu/event=0xD0,umask=0x82/u:            400cf3 t_run_test (/home/koga/autobench_perf/src/autobench/aifftr01_lite)
   aifftr01_lite 77579 [005] 2603099.627521:      91772 cpu/event=0x3C,umask=0x00/u:            40114f t_run_test (/home/koga/autobench_perf/src/autobench/aifftr01_lite)
   aifftr01_lite 77579 [005] 2603099.627540:     233852 cpu/event=0xC0,umask=0x00/u:            401155 t_run_test (/home/koga/autobench_perf/src/autobench/aifftr01_lite)
   aifftr01_lite 77579 [005] 2603099.627545:        106 cpu/event=0xC5,umask=0x00/u:            4011d2 t_run_test (/home/koga/autobench_perf/src/autobench/aifftr01_lite)
   aifftr01_lite 77579 [005] 2603099.627552:      62466 cpu/event=0xD0,umask=0x81/u:            401148 t_run_test (/home/koga/autobench_perf/src/autobench/aifftr01_lite)
   aifftr01_lite 77579 [005] 2603099.627581:      64445 cpu/event=0xD0,umask=0x82/u:            401557 t_run_test (/home/koga/autobench_perf/src/autobench/aifftr01_lite)
   aifftr01_lite 77579 [005] 2603099.627614:      93300 cpu/event=0x3C,umask=0x00/u:            40158f t_run_test (/home/koga/autobench_perf/src/autobench/aifftr01_lite)
   aifftr01_lite 77579 [005] 2603099.627633:     237391 cpu/event=0xC0,umask=0x00/u:            400d00 t_run_test (/home/koga/autobench_perf/src/autobench/aifftr01_lite)
   aifftr01_lite 77579 [005] 2603099.627639:      62887 cpu/event=0xD0,umask=0x81/u:            400d0f t_run_test (/home/koga/autobench_perf/src/autobench/aifftr01_lite)
   aifftr01_lite 77579 [005] 2603099.627666:      64891 cpu/event=0xD0,umask=0x82/u:            400d30 t_run_test (/home/koga/autobench_perf/src/autobench/aifftr01_lite)
   aifftr01_lite 77579 [005] 2603099.627675:        105 cpu/event=0xC5,umask=0x00/u:            400eec t_run_test (/home/koga/autobench_perf/src/autobench/aifftr01_lite)
   aifftr01_lite 77579 [005] 2603099.627707:      94207 cpu/event=0x3C,umask=0x00/u:            401117 t_run_test (/home/koga/autobench_perf/src/autobench/aifftr01_lite)
   aifftr01_lite 77579 [005] 2603099.627725:      64055 cpu/event=0xD0,umask=0x81/u:            40132b t_run_test (/home/koga/autobench_perf/src/autobench/aifftr01_lite)
   aifftr01_lite 77579 [005] 2603099.627729:     239662 cpu/event=0xC0,umask=0x00/u:            401319 t_run_test (/home/koga/autobench_perf/src/autobench/aifftr01_lite)
   aifftr01_lite 77579 [005] 2603099.627760:      66346 cpu/event=0xD0,umask=0x82/u:            401538 t_run_test (/home/koga/autobench_perf/src/autobench/aifftr01_lite)
   aifftr01_lite 77579 [005] 2603099.627796:        103 cpu/event=0xC5,umask=0x00/u:            400db3 t_run_test (/home/koga/autobench_perf/src/autobench/aifftr01_lite)
   aifftr01_lite 77579 [005] 2603099.627802:      95045 cpu/event=0x3C,umask=0x00/u:            400d28 t_run_test (/home/koga/autobench_perf/src/autobench/aifftr01_lite)
   aifftr01_lite 77579 [005] 2603099.627820:     240648 cpu/event=0xC0,umask=0x00/u:            400d00 t_run_test (/home/koga/autobench_perf/src/autobench/aifftr01_lite)
   aifftr01_lite 77579 [005] 2603099.627826:      65410 cpu/event=0xD0,umask=0x81/u:            400d3a t_run_test (/home/koga/autobench_perf/src/autobench/aifftr01_lite)
   aifftr01_lite 77579 [005] 2603099.627856:      66881 cpu/event=0xD0,umask=0x82/u:            401152 t_run_test (/home/koga/autobench_perf/src/autobench/aifftr01_lite)
   aifftr01_lite 77579 [005] 2603099.627892:      95724 cpu/event=0x3C,umask=0x00/u:            40158f t_run_test (/home/koga/autobench_perf/src/autobench/aifftr01_lite)
   aifftr01_lite 77579 [005] 2603099.627911:     243767 cpu/event=0xC0,umask=0x00/u:            4014d6 t_run_test (/home/koga/autobench_perf/src/autobench/aifftr01_lite)
   aifftr01_lite 77579 [005] 2603099.627920:      65273 cpu/event=0xD0,umask=0x81/u:            401566 t_run_test (/home/koga/autobench_perf/src/autobench/aifftr01_lite)
   aifftr01_lite 77579 [005] 2603099.627936:        102 cpu/event=0xC5,umask=0x00/u:            401619 t_run_test (/home/koga/autobench_perf/src/autobench/aifftr01_lite)
   aifftr01_lite 77579 [005] 2603099.627953:      67164 cpu/event=0xD0,umask=0x82/u:            400cdf t_run_test (/home/koga/autobench_perf/src/autobench/aifftr01_lite)
   aifftr01_lite 77579 [005] 2603099.627988:      97000 cpu/event=0x3C,umask=0x00/u:            400ef7 t_run_test (/home/koga/autobench_perf/src/autobench/aifftr01_lite)
   aifftr01_lite 77579 [005] 2603099.628007:     246786 cpu/event=0xC0,umask=0x00/u:            401155 t_run_test (/home/koga/autobench_perf/src/autobench/aifftr01_lite)
   aifftr01_lite 77579 [005] 2603099.628016:      65847 cpu/event=0xD0,umask=0x81/u:            401135 t_run_test (/home/koga/autobench_perf/src/autobench/aifftr01_lite)
   aifftr01_lite 77579 [005] 2603099.628040:        100 cpu/event=0xC5,umask=0x00/u:            4012de t_run_test (/home/koga/autobench_perf/src/autobench/aifftr01_lite)
   aifftr01_lite 77579 [005] 2603099.628049:      67421 cpu/event=0xD0,umask=0x82/u:            400904 GetInputValues (/home/koga/autobench_perf/src/autobench/aifftr01_lite)
   aifftr01_lite 77579 [005] 2603099.628084:      97579 cpu/event=0x3C,umask=0x00/u:            40158c t_run_test (/home/koga/autobench_perf/src/autobench/aifftr01_lite)
   aifftr01_lite 77579 [005] 2603099.628104:     248043 cpu/event=0xC0,umask=0x00/u:            400cec t_run_test (/home/koga/autobench_perf/src/autobench/aifftr01_lite)
   aifftr01_lite 77579 [005] 2603099.628112:      66144 cpu/event=0xD0,umask=0x81/u:            400ccd t_run_test (/home/koga/autobench_perf/src/autobench/aifftr01_lite)
   aifftr01_lite 77579 [005] 2603099.628138:      67842 cpu/event=0xD0,umask=0x82/u:            400d00 t_run_test (/home/koga/autobench_perf/src/autobench/aifftr01_lite)
   aifftr01_lite 77579 [005] 2603099.628152:        100 cpu/event=0xC5,umask=0x00/u:            400f31 t_run_test (/home/koga/autobench_perf/src/autobench/aifftr01_lite)
   aifftr01_lite 77579 [005] 2603099.628181:      98043 cpu/event=0x3C,umask=0x00/u:            4010b6 t_run_test (/home/koga/autobench_perf/src/autobench/aifftr01_lite)
   aifftr01_lite 77579 [005] 2603099.628200:     249096 cpu/event=0xC0,umask=0x00/u:            4012f4 t_run_test (/home/koga/autobench_perf/src/autobench/aifftr01_lite)
   aifftr01_lite 77579 [005] 2603099.628207:      66543 cpu/event=0xD0,umask=0x81/u:            401350 t_run_test (/home/koga/autobench_perf/src/autobench/aifftr01_lite)
   aifftr01_lite 77579 [005] 2603099.628236:      68815 cpu/event=0xD0,umask=0x82/u:            4015d1 t_run_test (/home/koga/autobench_perf/src/autobench/aifftr01_lite)
   aifftr01_lite 77579 [005] 2603099.628271:        100 cpu/event=0xC5,umask=0x00/u:            400dc8 t_run_test (/home/koga/autobench_perf/src/autobench/aifftr01_lite)
   aifftr01_lite 77579 [005] 2603099.628278:      98443 cpu/event=0x3C,umask=0x00/u:            400d22 t_run_test (/home/koga/autobench_perf/src/autobench/aifftr01_lite)
   aifftr01_lite 77579 [005] 2603099.628297:     250330 cpu/event=0xC0,umask=0x00/u:            400ccd t_run_test (/home/koga/autobench_perf/src/autobench/aifftr01_lite)
   aifftr01_lite 77579 [005] 2603099.628305:      66961 cpu/event=0xD0,umask=0x81/u:            400d4b t_run_test (/home/koga/autobench_perf/src/autobench/aifftr01_lite)
   aifftr01_lite 77579 [005] 2603099.628335:      69009 cpu/event=0xD0,umask=0x82/u:            401127 t_run_test (/home/koga/autobench_perf/src/autobench/aifftr01_lite)
   aifftr01_lite 77579 [005] 2603099.628372:      98739 cpu/event=0x3C,umask=0x00/u:            401530 t_run_test (/home/koga/autobench_perf/src/autobench/aifftr01_lite)
   aifftr01_lite 77579 [005] 2603099.628389:         99 cpu/event=0xC5,umask=0x00/u:            4015f4 t_run_test (/home/koga/autobench_perf/src/autobench/aifftr01_lite)
   aifftr01_lite 77579 [005] 2603099.628396:     251112 cpu/event=0xC0,umask=0x00/u:            40153f t_run_test (/home/koga/autobench_perf/src/autobench/aifftr01_lite)
   aifftr01_lite 77579 [005] 2603099.628405:      67134 cpu/event=0xD0,umask=0x81/u:            40156d t_run_test (/home/koga/autobench_perf/src/autobench/aifftr01_lite)
   aifftr01_lite 77579 [005] 2603099.628434:      69128 cpu/event=0xD0,umask=0x82/u:            400d4b t_run_test (/home/koga/autobench_perf/src/autobench/aifftr01_lite)
   aifftr01_lite 77579 [005] 2603099.628469:      99665 cpu/event=0x3C,umask=0x00/u:            400fcf t_run_test (/home/koga/autobench_perf/src/autobench/aifftr01_lite)
   aifftr01_lite 77579 [005] 2603099.628489:     251724 cpu/event=0xC0,umask=0x00/u:            4010ce t_run_test (/home/koga/autobench_perf/src/autobench/aifftr01_lite)
   aifftr01_lite 77579 [005] 2603099.628499:      67156 cpu/event=0xD0,umask=0x81/u:            401163 t_run_test (/home/koga/autobench_perf/src/autobench/aifftr01_lite)
   aifftr01_lite 77579 [005] 2603099.628504:         98 cpu/event=0xC5,umask=0x00/u:            401155 t_run_test (/home/koga/autobench_perf/src/autobench/aifftr01_lite)
   aifftr01_lite 77579 [005] 2603099.628533:      69209 cpu/event=0xD0,umask=0x82/u:            401511 t_run_test (/home/koga/autobench_perf/src/autobench/aifftr01_lite)
   aifftr01_lite 77579 [005] 2603099.628568:      99947 cpu/event=0x3C,umask=0x00/u:            401765 t_run_test (/home/koga/autobench_perf/src/autobench/aifftr01_lite)
   aifftr01_lite 77579 [005] 2603099.628588:     253866 cpu/event=0xC0,umask=0x00/u:            400d12 t_run_test (/home/koga/autobench_perf/src/autobench/aifftr01_lite)
   aifftr01_lite 77579 [005] 2603099.628598:      67611 cpu/event=0xD0,umask=0x81/u:            400d1e t_run_test (/home/koga/autobench_perf/src/autobench/aifftr01_lite)
   aifftr01_lite 77579 [005] 2603099.628620:         98 cpu/event=0xC5,umask=0x00/u:            400ebc t_run_test (/home/koga/autobench_perf/src/autobench/aifftr01_lite)
   aifftr01_lite 77579 [005] 2603099.628633:      69272 cpu/event=0xD0,umask=0x82/u:            400fc1 t_run_test (/home/koga/autobench_perf/src/autobench/aifftr01_lite)
   aifftr01_lite 77579 [005] 2603099.628667:     100125 cpu/event=0x3C,umask=0x00/u:            401190 t_run_test (/home/koga/autobench_perf/src/autobench/aifftr01_lite)
   aifftr01_lite 77579 [005] 2603099.628687:     254388 cpu/event=0xC0,umask=0x00/u:            401538 t_run_test (/home/koga/autobench_perf/src/autobench/aifftr01_lite)
   aifftr01_lite 77579 [005] 2603099.628696:      67725 cpu/event=0xD0,umask=0x81/u:            401571 t_run_test (/home/koga/autobench_perf/src/autobench/aifftr01_lite)
   aifftr01_lite 77579 [005] 2603099.628723:      69315 cpu/event=0xD0,umask=0x82/u:            401557 t_run_test (/home/koga/autobench_perf/src/autobench/aifftr01_lite)
   aifftr01_lite 77579 [005] 2603099.628731:         98 cpu/event=0xC5,umask=0x00/u:            40176f t_run_test (/home/koga/autobench_perf/src/autobench/aifftr01_lite)
   aifftr01_lite 77579 [005] 2603099.628765:     100289 cpu/event=0x3C,umask=0x00/u:            400ccd t_run_test (/home/koga/autobench_perf/src/autobench/aifftr01_lite)
   aifftr01_lite 77579 [005] 2603099.628785:     254676 cpu/event=0xC0,umask=0x00/u:            400f88 t_run_test (/home/koga/autobench_perf/src/autobench/aifftr01_lite)
   aifftr01_lite 77579 [005] 2603099.628794:      67861 cpu/event=0xD0,umask=0x81/u:            4010ec t_run_test (/home/koga/autobench_perf/src/autobench/aifftr01_lite)
   aifftr01_lite 77579 [005] 2603099.628821:      70240 cpu/event=0xD0,umask=0x82/u:            4010b6 t_run_test (/home/koga/autobench_perf/src/autobench/aifftr01_lite)
   aifftr01_lite 77579 [005] 2603099.628835:         98 cpu/event=0xC5,umask=0x00/u:            401350 t_run_test (/home/koga/autobench_perf/src/autobench/aifftr01_lite)
   aifftr01_lite 77579 [005] 2603099.628864:     100473 cpu/event=0x3C,umask=0x00/u:            401577 t_run_test (/home/koga/autobench_perf/src/autobench/aifftr01_lite)
   aifftr01_lite 77579 [005] 2603099.628884:     255083 cpu/event=0xC0,umask=0x00/u:            4016e1 t_run_test (/home/koga/autobench_perf/src/autobench/aifftr01_lite)
   aifftr01_lite 77579 [005] 2603099.628893:      68056 cpu/event=0xD0,umask=0x81/u:            40090d GetInputValues (/home/koga/autobench_perf/src/autobench/aifftr01_lite)
   aifftr01_lite 77579 [005] 2603099.628922:      70397 cpu/event=0xD0,umask=0x82/u:            400d08 t_run_test (/home/koga/autobench_perf/src/autobench/aifftr01_lite)
   aifftr01_lite 77579 [005] 2603099.628953:         98 cpu/event=0xC5,umask=0x00/u:            4010b6 t_run_test (/home/koga/autobench_perf/src/autobench/aifftr01_lite)
   aifftr01_lite 77579 [005] 2603099.628964:     100570 cpu/event=0x3C,umask=0x00/u:            401163 t_run_test (/home/koga/autobench_perf/src/autobench/aifftr01_lite)
   aifftr01_lite 77579 [005] 2603099.628984:     255666 cpu/event=0xC0,umask=0x00/u:            4010ec t_run_test (/home/koga/autobench_perf/src/autobench/aifftr01_lite)
   aifftr01_lite 77579 [005] 2603099.628991:      68168 cpu/event=0xD0,umask=0x81/u:            4010f3 t_run_test (/home/koga/autobench_perf/src/autobench/aifftr01_lite)
   aifftr01_lite 77579 [005] 2603099.629022:      70368 cpu/event=0xD0,umask=0x82/u:            401520 t_run_test (/home/koga/autobench_perf/src/autobench/aifftr01_lite)
   aifftr01_lite 77579 [005] 2603099.629059:     100626 cpu/event=0x3C,umask=0x00/u:            400d30 t_run_test (/home/koga/autobench_perf/src/autobench/aifftr01_lite)
   aifftr01_lite 77579 [005] 2603099.629065:         97 cpu/event=0xC5,umask=0x00/u:            400db3 t_run_test (/home/koga/autobench_perf/src/autobench/aifftr01_lite)
   aifftr01_lite 77579 [005] 2603099.629083:     255665 cpu/event=0xC0,umask=0x00/u:            400d3a t_run_test (/home/koga/autobench_perf/src/autobench/aifftr01_lite)
   aifftr01_lite 77579 [005] 2603099.629092:      68339 cpu/event=0xD0,umask=0x81/u:            400ccd t_run_test (/home/koga/autobench_perf/src/autobench/aifftr01_lite)
   aifftr01_lite 77579 [005] 2603099.629123:      70332 cpu/event=0xD0,umask=0x82/u:            401155 t_run_test (/home/koga/autobench_perf/src/autobench/aifftr01_lite)
   aifftr01_lite 77579 [005] 2603099.629158:     101283 cpu/event=0x3C,umask=0x00/u:            401514 t_run_test (/home/koga/autobench_perf/src/autobench/aifftr01_lite)
   aifftr01_lite 77579 [005] 2603099.629169:         97 cpu/event=0xC5,umask=0x00/u:            401496 t_run_test (/home/koga/autobench_perf/src/autobench/aifftr01_lite)
   aifftr01_lite 77579 [005] 2603099.629183:     255770 cpu/event=0xC0,umask=0x00/u:            401528 t_run_test (/home/koga/autobench_perf/src/autobench/aifftr01_lite)
   aifftr01_lite 77579 [005] 2603099.629193:      68250 cpu/event=0xD0,umask=0x81/u:            40157e t_run_test (/home/koga/autobench_perf/src/autobench/aifftr01_lite)
   aifftr01_lite 77579 [005] 2603099.629223:      70268 cpu/event=0xD0,umask=0x82/u:            400d2c t_run_test (/home/koga/autobench_perf/src/autobench/aifftr01_lite)
   aifftr01_lite 77579 [005] 2603099.629258:     101379 cpu/event=0x3C,umask=0x00/u:            400fcf t_run_test (/home/koga/autobench_perf/src/autobench/aifftr01_lite)
   aifftr01_lite 77579 [005] 2603099.629277:         97 cpu/event=0xC5,umask=0x00/u:            4010e4 t_run_test (/home/koga/autobench_perf/src/autobench/aifftr01_lite)
   aifftr01_lite 77579 [005] 2603099.629283:     255827 cpu/event=0xC0,umask=0x00/u:            4010f0 t_run_test (/home/koga/autobench_perf/src/autobench/aifftr01_lite)
   aifftr01_lite 77579 [005] 2603099.629294:      68160 cpu/event=0xD0,umask=0x81/u:            401144 t_run_test (/home/koga/autobench_perf/src/autobench/aifftr01_lite)
   aifftr01_lite 77579 [005] 2603099.629324:      70240 cpu/event=0xD0,umask=0x82/u:            401571 t_run_test (/home/koga/autobench_perf/src/autobench/aifftr01_lite)
   aifftr01_lite 77579 [005] 2603099.629358:     101404 cpu/event=0x3C,umask=0x00/u:            400904 GetInputValues (/home/koga/autobench_perf/src/autobench/aifftr01_lite)
   aifftr01_lite 77579 [005] 2603099.629378:     255773 cpu/event=0xC0,umask=0x00/u:            400d4b t_run_test (/home/koga/autobench_perf/src/autobench/aifftr01_lite)
   aifftr01_lite 77579 [005] 2603099.629389:      68079 cpu/event=0xD0,umask=0x81/u:            400cdf t_run_test (/home/koga/autobench_perf/src/autobench/aifftr01_lite)
   aifftr01_lite 77579 [005] 2603099.629396:         97 cpu/event=0xC5,umask=0x00/u:            400db3 t_run_test (/home/koga/autobench_perf/src/autobench/aifftr01_lite)
   aifftr01_lite 77579 [005] 2603099.629424:      70180 cpu/event=0xD0,umask=0x82/u:            401107 t_run_test (/home/koga/autobench_perf/src/autobench/aifftr01_lite)
   aifftr01_lite 77579 [005] 2603099.629458:     101392 cpu/event=0x3C,umask=0x00/u:            401163 t_run_test (/home/koga/autobench_perf/src/autobench/aifftr01_lite)
   aifftr01_lite 77579 [005] 2603099.629477:     257545 cpu/event=0xC0,umask=0x00/u:            401517 t_run_test (/home/koga/autobench_perf/src/autobench/aifftr01_lite)
   aifftr01_lite 77579 [005] 2603099.629488:      68531 cpu/event=0xD0,umask=0x81/u:            401517 t_run_test (/home/koga/autobench_perf/src/autobench/aifftr01_lite)
   aifftr01_lite 77579 [005] 2603099.629513:         96 cpu/event=0xC5,umask=0x00/u:            4016fa t_run_test (/home/koga/autobench_perf/src/autobench/aifftr01_lite)
   aifftr01_lite 77579 [005] 2603099.629522:      70172 cpu/event=0xD0,umask=0x82/u:            400904 GetInputValues (/home/koga/autobench_perf/src/autobench/aifftr01_lite)
   aifftr01_lite 77579 [005] 2603099.629558:     101413 cpu/event=0x3C,umask=0x00/u:            400cdf t_run_test (/home/koga/autobench_perf/src/autobench/aifftr01_lite)
   aifftr01_lite 77579 [005] 2603099.629577:     257773 cpu/event=0xC0,umask=0x00/u:            40110f t_run_test (/home/koga/autobench_perf/src/autobench/aifftr01_lite)
   aifftr01_lite 77579 [005] 2603099.629587:      68600 cpu/event=0xD0,umask=0x81/u:            40113d t_run_test (/home/koga/autobench_perf/src/autobench/aifftr01_lite)
   aifftr01_lite 77579 [005] 2603099.629615:      70357 cpu/event=0xD0,umask=0x82/u:            4010ce t_run_test (/home/koga/autobench_perf/src/autobench/aifftr01_lite)
   aifftr01_lite 77579 [005] 2603099.629622:         96 cpu/event=0xC5,umask=0x00/u:            4012de t_run_test (/home/koga/autobench_perf/src/autobench/aifftr01_lite)
   aifftr01_lite 77579 [005] 2603099.629658:     101465 cpu/event=0x3C,umask=0x00/u:            40150d t_run_test (/home/koga/autobench_perf/src/autobench/aifftr01_lite)
   aifftr01_lite 77579 [005] 2603099.629675:     257856 cpu/event=0xC0,umask=0x00/u:            400904 GetInputValues (/home/koga/autobench_perf/src/autobench/aifftr01_lite)
   aifftr01_lite 77579 [005] 2603099.629686:      68671 cpu/event=0xD0,umask=0x81/u:            400cf0 t_run_test (/home/koga/autobench_perf/src/autobench/aifftr01_lite)
   aifftr01_lite 77579 [005] 2603099.629714:      71010 cpu/event=0xD0,umask=0x82/u:            400c96 t_run_test (/home/koga/autobench_perf/src/autobench/aifftr01_lite)
   aifftr01_lite 77579 [005] 2603099.629737:         96 cpu/event=0xC5,umask=0x00/u:            4011c9 t_run_test (/home/koga/autobench_perf/src/autobench/aifftr01_lite)
   aifftr01_lite 77579 [005] 2603099.629758:     101459 cpu/event=0x3C,umask=0x00/u:            40115c t_run_test (/home/koga/autobench_perf/src/autobench/aifftr01_lite)
   aifftr01_lite 77579 [005] 2603099.629776:     258474 cpu/event=0xC0,umask=0x00/u:            4012db t_run_test (/home/koga/autobench_perf/src/autobench/aifftr01_lite)
   aifftr01_lite 77579 [005] 2603099.629786:      68789 cpu/event=0xD0,umask=0x81/u:            400908 GetInputValues (/home/koga/autobench_perf/src/autobench/aifftr01_lite)
   aifftr01_lite 77579 [005] 2603099.629815:      71087 cpu/event=0xD0,umask=0x82/u:            401505 t_run_test (/home/koga/autobench_perf/src/autobench/aifftr01_lite)
   aifftr01_lite 77579 [005] 2603099.629849:         96 cpu/event=0xC5,umask=0x00/u:            400c96 t_run_test (/home/koga/autobench_perf/src/autobench/aifftr01_lite)
   aifftr01_lite 77579 [005] 2603099.629858:     101438 cpu/event=0x3C,umask=0x00/u:            400d4b t_run_test (/home/koga/autobench_perf/src/autobench/aifftr01_lite)
   aifftr01_lite 77579 [005] 2603099.629876:     258239 cpu/event=0xC0,umask=0x00/u:            400cae t_run_test (/home/koga/autobench_perf/src/autobench/aifftr01_lite)
   aifftr01_lite 77579 [005] 2603099.629884:      68814 cpu/event=0xD0,umask=0x81/u:            400ebc t_run_test (/home/koga/autobench_perf/src/autobench/aifftr01_lite)
   aifftr01_lite 77579 [005] 2603099.629916:      71036 cpu/event=0xD0,umask=0x82/u:            4010e0 t_run_test (/home/koga/autobench_perf/src/autobench/aifftr01_lite)
   aifftr01_lite 77579 [005] 2603099.629953:         96 cpu/event=0xC5,umask=0x00/u:            401505 t_run_test (/home/koga/autobench_perf/src/autobench/aifftr01_lite)
   aifftr01_lite 77579 [005] 2603099.629958:     101438 cpu/event=0x3C,umask=0x00/u:            401517 t_run_test (/home/koga/autobench_perf/src/autobench/aifftr01_lite)
   aifftr01_lite 77579 [005] 2603099.629976:     258101 cpu/event=0xC0,umask=0x00/u:            401563 t_run_test (/home/koga/autobench_perf/src/autobench/aifftr01_lite)
   aifftr01_lite 77579 [005] 2603099.629985:      68995 cpu/event=0xD0,umask=0x81/u:            40155b t_run_test (/home/koga/autobench_perf/src/autobench/aifftr01_lite)
   aifftr01_lite 77579 [005] 2603099.630016:      70951 cpu/event=0xD0,umask=0x82/u:            400cec t_run_test (/home/koga/autobench_perf/src/autobench/aifftr01_lite)
   aifftr01_lite 77579 [005] 2603099.630053:     101462 cpu/event=0x3C,umask=0x00/u:            401135 t_run_test (/home/koga/autobench_perf/src/autobench/aifftr01_lite)
   aifftr01_lite 77579 [005] 2603099.630061:         96 cpu/event=0xC5,umask=0x00/u:            4010ae t_run_test (/home/koga/autobench_perf/src/autobench/aifftr01_lite)
   aifftr01_lite 77579 [005] 2603099.630077:     258111 cpu/event=0xC0,umask=0x00/u:            401127 t_run_test (/home/koga/autobench_perf/src/autobench/aifftr01_lite)
   aifftr01_lite 77579 [005] 2603099.630087:      68895 cpu/event=0xD0,umask=0x81/u:            40114b t_run_test (/home/koga/autobench_perf/src/autobench/aifftr01_lite)
   aifftr01_lite 77579 [005] 2603099.630117:      70900 cpu/event=0xD0,umask=0x82/u:            401571 t_run_test (/home/koga/autobench_perf/src/autobench/aifftr01_lite)
   aifftr01_lite 77579 [005] 2603099.630153:     102068 cpu/event=0x3C,umask=0x00/u:            400cd6 t_run_test (/home/koga/autobench_perf/src/autobench/aifftr01_lite)
   aifftr01_lite 77579 [005] 2603099.630165:         96 cpu/event=0xC5,umask=0x00/u:            400c8e t_run_test (/home/koga/autobench_perf/src/autobench/aifftr01_lite)
   aifftr01_lite 77579 [005] 2603099.630177:     257984 cpu/event=0xC0,umask=0x00/u:            400d1a t_run_test (/home/koga/autobench_perf/src/autobench/aifftr01_lite)
   aifftr01_lite 77579 [005] 2603099.630187:      68748 cpu/event=0xD0,umask=0x81/u:            400d2c t_run_test (/home/koga/autobench_perf/src/autobench/aifftr01_lite)
   aifftr01_lite 77579 [005] 2603099.630218:      70817 cpu/event=0xD0,umask=0x82/u:            40114b t_run_test (/home/koga/autobench_perf/src/autobench/aifftr01_lite)
   aifftr01_lite 77579 [005] 2603099.630254:     102053 cpu/event=0x3C,umask=0x00/u:            4013e3 t_run_test (/home/koga/autobench_perf/src/autobench/aifftr01_lite)
   aifftr01_lite 77579 [005] 2603099.630272:     258066 cpu/event=0xC0,umask=0x00/u:            40158f t_run_test (/home/koga/autobench_perf/src/autobench/aifftr01_lite)
   aifftr01_lite 77579 [005] 2603099.630277:         96 cpu/event=0xC5,umask=0x00/u:            4014d6 t_run_test (/home/koga/autobench_perf/src/autobench/aifftr01_lite)
   aifftr01_lite 77579 [005] 2603099.630288:      68712 cpu/event=0xD0,umask=0x81/u:            401585 t_run_test (/home/koga/autobench_perf/src/autobench/aifftr01_lite)
   aifftr01_lite 77579 [005] 2603099.630318:      70781 cpu/event=0xD0,umask=0x82/u:            400d12 t_run_test (/home/koga/autobench_perf/src/autobench/aifftr01_lite)
   aifftr01_lite 77579 [005] 2603099.630354:     102009 cpu/event=0x3C,umask=0x00/u:            400908 GetInputValues (/home/koga/autobench_perf/src/autobench/aifftr01_lite)
   aifftr01_lite 77579 [005] 2603099.630372:     259518 cpu/event=0xC0,umask=0x00/u:            401093 t_run_test (/home/koga/autobench_perf/src/autobench/aifftr01_lite)
   aifftr01_lite 77579 [005] 2603099.630380:         96 cpu/event=0xC5,umask=0x00/u:            4010ae t_run_test (/home/koga/autobench_perf/src/autobench/aifftr01_lite)
   aifftr01_lite 77579 [005] 2603099.630388:      68630 cpu/event=0xD0,umask=0x81/u:            401104 t_run_test (/home/koga/autobench_perf/src/autobench/aifftr01_lite)
   aifftr01_lite 77579 [005] 2603099.630419:      70730 cpu/event=0xD0,umask=0x82/u:            401544 t_run_test (/home/koga/autobench_perf/src/autobench/aifftr01_lite)
   aifftr01_lite 77579 [005] 2603099.630454:     101977 cpu/event=0x3C,umask=0x00/u:            401747 t_run_test (/home/koga/autobench_perf/src/autobench/aifftr01_lite)
   aifftr01_lite 77579 [005] 2603099.630472:     259567 cpu/event=0xC0,umask=0x00/u:            400d0c t_run_test (/home/koga/autobench_perf/src/autobench/aifftr01_lite)
   aifftr01_lite 77579 [005] 2603099.630483:      68630 cpu/event=0xD0,umask=0x81/u:            400d12 t_run_test (/home/koga/autobench_perf/src/autobench/aifftr01_lite)
   aifftr01_lite 77579 [005] 2603099.630507:         96 cpu/event=0xC5,umask=0x00/u:            400ebc t_run_test (/home/koga/autobench_perf/src/autobench/aifftr01_lite)
   aifftr01_lite 77579 [005] 2603099.630519:      70668 cpu/event=0xD0,umask=0x82/u:            400f88 t_run_test (/home/koga/autobench_perf/src/autobench/aifftr01_lite)
   aifftr01_lite 77579 [005] 2603099.630555:     101914 cpu/event=0x3C,umask=0x00/u:            4010f3 t_run_test (/home/koga/autobench_perf/src/autobench/aifftr01_lite)
   aifftr01_lite 77579 [005] 2603099.630573:     259614 cpu/event=0xC0,umask=0x00/u:            401566 t_run_test (/home/koga/autobench_perf/src/autobench/aifftr01_lite)
   aifftr01_lite 77579 [005] 2603099.630582:      69117 cpu/event=0xD0,umask=0x81/u:            401509 t_run_test (/home/koga/autobench_perf/src/autobench/aifftr01_lite)
   aifftr01_lite 77579 [005] 2603099.630611:      70698 cpu/event=0xD0,umask=0x82/u:            4014c0 t_run_test (/home/koga/autobench_perf/src/autobench/aifftr01_lite)
   aifftr01_lite 77579 [005] 2603099.630621:         95 cpu/event=0xC5,umask=0x00/u:            400b62 t_run_test (/home/koga/autobench_perf/src/autobench/aifftr01_lite)
   aifftr01_lite 77579 [005] 2603099.630655:     101856 cpu/event=0x3C,umask=0x00/u:            400d85 t_run_test (/home/koga/autobench_perf/src/autobench/aifftr01_lite)
   aifftr01_lite 77579 [005] 2603099.630673:     259367 cpu/event=0xC0,umask=0x00/u:            400fa0 t_run_test (/home/koga/autobench_perf/src/autobench/aifftr01_lite)
   aifftr01_lite 77579 [005] 2603099.630681:      69184 cpu/event=0xD0,umask=0x81/u:            40114b t_run_test (/home/koga/autobench_perf/src/autobench/aifftr01_lite)
   aifftr01_lite 77579 [005] 2603099.630710:      71438 cpu/event=0xD0,umask=0x82/u:            4010a0 t_run_test (/home/koga/autobench_perf/src/autobench/aifftr01_lite)
   aifftr01_lite 77579 [005] 2603099.630732:         95 cpu/event=0xC5,umask=0x00/u:            40160f t_run_test (/home/koga/autobench_perf/src/autobench/aifftr01_lite)
   aifftr01_lite 77579 [005] 2603099.630756:     101817 cpu/event=0x3C,umask=0x00/u:            4014b2 t_run_test (/home/koga/autobench_perf/src/autobench/aifftr01_lite)
   aifftr01_lite 77579 [005] 2603099.630772:     259316 cpu/event=0xC0,umask=0x00/u:            40175b t_run_test (/home/koga/autobench_perf/src/autobench/aifftr01_lite)
   aifftr01_lite 77579 [005] 2603099.630783:      69234 cpu/event=0xD0,umask=0x81/u:            400b7a t_run_test (/home/koga/autobench_perf/src/autobench/aifftr01_lite)
   aifftr01_lite 77579 [005] 2603099.630812:      71489 cpu/event=0xD0,umask=0x82/u:            400cc5 t_run_test (/home/koga/autobench_perf/src/autobench/aifftr01_lite)
   aifftr01_lite 77579 [005] 2603099.630844:         95 cpu/event=0xC5,umask=0x00/u:            4010b6 t_run_test (/home/koga/autobench_perf/src/autobench/aifftr01_lite)
   aifftr01_lite 77579 [005] 2603099.630856:     101738 cpu/event=0x3C,umask=0x00/u:            40116d t_run_test (/home/koga/autobench_perf/src/autobench/aifftr01_lite)
   aifftr01_lite 77579 [005] 2603099.630874:     259622 cpu/event=0xC0,umask=0x00/u:            4011b5 t_run_test (/home/koga/autobench_perf/src/autobench/aifftr01_lite)
   aifftr01_lite 77579 [005] 2603099.630881:      69145 cpu/event=0xD0,umask=0x81/u:            40132b t_run_test (/home/koga/autobench_perf/src/autobench/aifftr01_lite)
   aifftr01_lite 77579 [005] 2603099.630914:      71332 cpu/event=0xD0,umask=0x82/u:            40157e t_run_test (/home/koga/autobench_perf/src/autobench/aifftr01_lite)
   aifftr01_lite 77579 [005] 2603099.630952:     101675 cpu/event=0x3C,umask=0x00/u:            400cc9 t_run_test (/home/koga/autobench_perf/src/autobench/aifftr01_lite)
   aifftr01_lite 77579 [005] 2603099.630957:         95 cpu/event=0xC5,umask=0x00/u:            400cc5 t_run_test (/home/koga/autobench_perf/src/autobench/aifftr01_lite)
   aifftr01_lite 77579 [005] 2603099.630975:     258918 cpu/event=0xC0,umask=0x00/u:            400d2c t_run_test (/home/koga/autobench_perf/src/autobench/aifftr01_lite)
   aifftr01_lite 77579 [005] 2603099.630982:      69243 cpu/event=0xD0,umask=0x81/u:            400d85 t_run_test (/home/koga/autobench_perf/src/autobench/aifftr01_lite)
   aifftr01_lite 77579 [005] 2603099.631015:      71208 cpu/event=0xD0,umask=0x82/u:            401131 t_run_test (/home/koga/autobench_perf/src/autobench/aifftr01_lite)
   aifftr01_lite 77579 [005] 2603099.631064:     101986 cpu/event=0x3C,umask=0x00/u:            401571 t_run_test (/home/koga/autobench_perf/src/autobench/aifftr01_lite)
   aifftr01_lite 77579 [005] 2603099.631083:     258165 cpu/event=0xC0,umask=0x00/u:            40156a t_run_test (/home/koga/autobench_perf/src/autobench/aifftr01_lite)
   aifftr01_lite 77579 [005] 2603099.631090:         95 cpu/event=0xC5,umask=0x00/u:            4015f4 t_run_test (/home/koga/autobench_perf/src/autobench/aifftr01_lite)
   aifftr01_lite 77579 [005] 2603099.631096:      68986 cpu/event=0xD0,umask=0x81/u:            4015d7 t_run_test (/home/koga/autobench_perf/src/autobench/aifftr01_lite)
   aifftr01_lite 77579 [005] 2603099.631129:      70926 cpu/event=0xD0,umask=0x82/u:            400cf3 t_run_test (/home/koga/autobench_perf/src/autobench/aifftr01_lite)
   aifftr01_lite 77579 [005] 2603099.631164:     100670 cpu/event=0x3C,umask=0x00/u:            401107 t_run_test (/home/koga/autobench_perf/src/autobench/aifftr01_lite)
   aifftr01_lite 77579 [005] 2603099.631177:         93 cpu/event=0xC5,umask=0x00/u:            4010b6 t_run_test (/home/koga/autobench_perf/src/autobench/aifftr01_lite)
   aifftr01_lite 77579 [005] 2603099.631189:     255802 cpu/event=0xC0,umask=0x00/u:            401144 t_run_test (/home/koga/autobench_perf/src/autobench/aifftr01_lite)
   aifftr01_lite 77579 [005] 2603099.631199:      67933 cpu/event=0xD0,umask=0x81/u:            401148 t_run_test (/home/koga/autobench_perf/src/autobench/aifftr01_lite)
   aifftr01_lite 77579 [005] 2603099.631231:      69837 cpu/event=0xD0,umask=0x82/u:            40156a t_run_test (/home/koga/autobench_perf/src/autobench/aifftr01_lite)
   aifftr01_lite 77579 [005] 2603099.631264:     100603 cpu/event=0x3C,umask=0x00/u:            400bb1 t_run_test (/home/koga/autobench_perf/src/autobench/aifftr01_lite)
   aifftr01_lite 77579 [005] 2603099.631282:         95 cpu/event=0xC5,umask=0x00/u:            400db3 t_run_test (/home/koga/autobench_perf/src/autobench/aifftr01_lite)
   aifftr01_lite 77579 [005] 2603099.631289:     253837 cpu/event=0xC0,umask=0x00/u:            400d28 t_run_test (/home/koga/autobench_perf/src/autobench/aifftr01_lite)
   aifftr01_lite 77579 [005] 2603099.631300:      67687 cpu/event=0xD0,umask=0x81/u:            400d4b t_run_test (/home/koga/autobench_perf/src/autobench/aifftr01_lite)
   aifftr01_lite 77579 [005] 2603099.631331:      69666 cpu/event=0xD0,umask=0x82/u:            40114b t_run_test (/home/koga/autobench_perf/src/autobench/aifftr01_lite)
   aifftr01_lite 77579 [005] 2603099.631363:     100675 cpu/event=0x3C,umask=0x00/u:            400904 GetInputValues (/home/koga/autobench_perf/src/autobench/aifftr01_lite)
   aifftr01_lite 77579 [005] 2603099.631384:     253845 cpu/event=0xC0,umask=0x00/u:            40155f t_run_test (/home/koga/autobench_perf/src/autobench/aifftr01_lite)
   aifftr01_lite 77579 [005] 2603099.631395:      67642 cpu/event=0xD0,umask=0x81/u:            401549 t_run_test (/home/koga/autobench_perf/src/autobench/aifftr01_lite)
   aifftr01_lite 77579 [005] 2603099.631399:         95 cpu/event=0xC5,umask=0x00/u:            4014d6 t_run_test (/home/koga/autobench_perf/src/autobench/aifftr01_lite)
   aifftr01_lite 77579 [005] 2603099.631430:      69665 cpu/event=0xD0,umask=0x82/u:            400cc5 t_run_test (/home/koga/autobench_perf/src/autobench/aifftr01_lite)
   aifftr01_lite 77579 [005] 2603099.631462:     100778 cpu/event=0x3C,umask=0x00/u:            400d0c t_run_test (/home/koga/autobench_perf/src/autobench/aifftr01_lite)
   aifftr01_lite 77579 [005] 2603099.631482:     255797 cpu/event=0xC0,umask=0x00/u:            4010ec t_run_test (/home/koga/autobench_perf/src/autobench/aifftr01_lite)
   aifftr01_lite 77579 [005] 2603099.631493:      68123 cpu/event=0xD0,umask=0x81/u:            401127 t_run_test (/home/koga/autobench_perf/src/autobench/aifftr01_lite)
   aifftr01_lite 77579 [005] 2603099.631505:         94 cpu/event=0xC5,umask=0x00/u:            4011ed t_run_test (/home/koga/autobench_perf/src/autobench/aifftr01_lite)
   aifftr01_lite 77579 [005] 2603099.631530:      69744 cpu/event=0xD0,umask=0x82/u:            4013c2 t_run_test (/home/koga/autobench_perf/src/autobench/aifftr01_lite)
   aifftr01_lite 77579 [005] 2603099.631562:     100889 cpu/event=0x3C,umask=0x00/u:            4015d1 t_run_test (/home/koga/autobench_perf/src/autobench/aifftr01_lite)
   aifftr01_lite 77579 [005] 2603099.631582:     256394 cpu/event=0xC0,umask=0x00/u:            400cc5 t_run_test (/home/koga/autobench_perf/src/autobench/aifftr01_lite)
   aifftr01_lite 77579 [005] 2603099.631591:      68269 cpu/event=0xD0,umask=0x81/u:            400d3a t_run_test (/home/koga/autobench_perf/src/autobench/aifftr01_lite)
   aifftr01_lite 77579 [005] 2603099.631621:      69783 cpu/event=0xD0,umask=0x82/u:            400cf7 t_run_test (/home/koga/autobench_perf/src/autobench/aifftr01_lite)
   aifftr01_lite 77579 [005] 2603099.631627:         94 cpu/event=0xC5,umask=0x00/u:            400ebc t_run_test (/home/koga/autobench_perf/src/autobench/aifftr01_lite)
   aifftr01_lite 77579 [005] 2603099.631661:     100941 cpu/event=0x3C,umask=0x00/u:            401117 t_run_test (/home/koga/autobench_perf/src/autobench/aifftr01_lite)
   aifftr01_lite 77579 [005] 2603099.631679:     256399 cpu/event=0xC0,umask=0x00/u:            401349 t_run_test (/home/koga/autobench_perf/src/autobench/aifftr01_lite)
   aifftr01_lite 77579 [005] 2603099.631690:      68387 cpu/event=0xD0,umask=0x81/u:            40154f t_run_test (/home/koga/autobench_perf/src/autobench/aifftr01_lite)
   aifftr01_lite 77579 [005] 2603099.631719:      70648 cpu/event=0xD0,umask=0x82/u:            401538 t_run_test (/home/koga/autobench_perf/src/autobench/aifftr01_lite)
   aifftr01_lite 77579 [005] 2603099.631736:         93 cpu/event=0xC5,umask=0x00/u:            400b62 t_run_test (/home/koga/autobench_perf/src/autobench/aifftr01_lite)
   aifftr01_lite 77579 [005] 2603099.631761:     101034 cpu/event=0x3C,umask=0x00/u:            400d44 t_run_test (/home/koga/autobench_perf/src/autobench/aifftr01_lite)
   aifftr01_lite 77579 [005] 2603099.631780:     257274 cpu/event=0xC0,umask=0x00/u:            400cc9 t_run_test (/home/koga/autobench_perf/src/autobench/aifftr01_lite)
   aifftr01_lite 77579 [005] 2603099.631788:      68486 cpu/event=0xD0,umask=0x81/u:            400908 GetInputValues (/home/koga/autobench_perf/src/autobench/aifftr01_lite)
   aifftr01_lite 77579 [005] 2603099.631819:      70781 cpu/event=0xD0,umask=0x82/u:            4010ec t_run_test (/home/koga/autobench_perf/src/autobench/aifftr01_lite)
   aifftr01_lite 77579 [005] 2603099.631837:         93 cpu/event=0xC5,umask=0x00/u:            401375 t_run_test (/home/koga/autobench_perf/src/autobench/aifftr01_lite)
   aifftr01_lite 77579 [005] 2603099.631860:     101071 cpu/event=0x3C,umask=0x00/u:            401566 t_run_test (/home/koga/autobench_perf/src/autobench/aifftr01_lite)
   aifftr01_lite 77579 [005] 2603099.631879:     257051 cpu/event=0xC0,umask=0x00/u:            40150d t_run_test (/home/koga/autobench_perf/src/autobench/aifftr01_lite)
   aifftr01_lite 77579 [005] 2603099.631888:      68698 cpu/event=0xD0,umask=0x81/u:            401577 t_run_test (/home/koga/autobench_perf/src/autobench/aifftr01_lite)
   aifftr01_lite 77579 [005] 2603099.631920:      70768 cpu/event=0xD0,umask=0x82/u:            400cd3 t_run_test (/home/koga/autobench_perf/src/autobench/aifftr01_lite)
   aifftr01_lite 77579 [005] 2603099.631941:         93 cpu/event=0xC5,umask=0x00/u:            400f43 t_run_test (/home/koga/autobench_perf/src/autobench/aifftr01_lite)
   aifftr01_lite 77579 [005] 2603099.631960:     101136 cpu/event=0x3C,umask=0x00/u:            401127 t_run_test (/home/koga/autobench_perf/src/autobench/aifftr01_lite)
   aifftr01_lite 77579 [005] 2603099.631979:     257131 cpu/event=0xC0,umask=0x00/u:            4010a0 t_run_test (/home/koga/autobench_perf/src/autobench/aifftr01_lite)
   aifftr01_lite 77579 [005] 2603099.631989:      68730 cpu/event=0xD0,umask=0x81/u:            4010e8 t_run_test (/home/koga/autobench_perf/src/autobench/aifftr01_lite)
   aifftr01_lite 77579 [005] 2603099.632021:      70733 cpu/event=0xD0,umask=0x82/u:            401505 t_run_test (/home/koga/autobench_perf/src/autobench/aifftr01_lite)
   aifftr01_lite 77579 [005] 2603099.632046:         93 cpu/event=0xC5,umask=0x00/u:            40176f t_run_test (/home/koga/autobench_perf/src/autobench/aifftr01_lite)
   aifftr01_lite 77579 [005] 2603099.632060:     101184 cpu/event=0x3C,umask=0x00/u:            400daa t_run_test (/home/koga/autobench_perf/src/autobench/aifftr01_lite)
   aifftr01_lite 77579 [005] 2603099.632080:     257127 cpu/event=0xC0,umask=0x00/u:            400cfb t_run_test (/home/koga/autobench_perf/src/autobench/aifftr01_lite)
   aifftr01_lite 77579 [005] 2603099.632091:      68601 cpu/event=0xD0,umask=0x81/u:            400cc0 t_run_test (/home/koga/autobench_perf/src/autobench/aifftr01_lite)
   aifftr01_lite 77579 [005] 2603099.632122:      70626 cpu/event=0xD0,umask=0x82/u:            40112d t_run_test (/home/koga/autobench_perf/src/autobench/aifftr01_lite)
   aifftr01_lite 77579 [005] 2603099.632149:         93 cpu/event=0xC5,umask=0x00/u:            40130e t_run_test (/home/koga/autobench_perf/src/autobench/aifftr01_lite)
   aifftr01_lite 77579 [005] 2603099.632160:     101168 cpu/event=0x3C,umask=0x00/u:            4013aa t_run_test (/home/koga/autobench_perf/src/autobench/aifftr01_lite)
   aifftr01_lite 77579 [005] 2603099.632180:     256897 cpu/event=0xC0,umask=0x00/u:            401566 t_run_test (/home/koga/autobench_perf/src/autobench/aifftr01_lite)
   aifftr01_lite 77579 [005] 2603099.632192:      68448 cpu/event=0xD0,umask=0x81/u:            40156d t_run_test (/home/koga/autobench_perf/src/autobench/aifftr01_lite)
   aifftr01_lite 77579 [005] 2603099.632223:      70527 cpu/event=0xD0,umask=0x82/u:            400d28 t_run_test (/home/koga/autobench_perf/src/autobench/aifftr01_lite)
   aifftr01_lite 77579 [005] 2603099.632254:         93 cpu/event=0xC5,umask=0x00/u:            400f31 t_run_test (/home/koga/autobench_perf/src/autobench/aifftr01_lite)
   aifftr01_lite 77579 [005] 2603099.632259:     101193 cpu/event=0x3C,umask=0x00/u:            400f53 t_run_test (/home/koga/autobench_perf/src/autobench/aifftr01_lite)
   aifftr01_lite 77579 [005] 2603099.632280:     256945 cpu/event=0xC0,umask=0x00/u:            401144 t_run_test (/home/koga/autobench_perf/src/autobench/aifftr01_lite)
   aifftr01_lite 77579 [005] 2603099.632292:      68383 cpu/event=0xD0,umask=0x81/u:            4010e8 t_run_test (/home/koga/autobench_perf/src/autobench/aifftr01_lite)
   aifftr01_lite 77579 [005] 2603099.632323:      70474 cpu/event=0xD0,umask=0x82/u:            40154f t_run_test (/home/koga/autobench_perf/src/autobench/aifftr01_lite)
   aifftr01_lite 77579 [005] 2603099.632355:     101237 cpu/event=0x3C,umask=0x00/u:            401511 t_run_test (/home/koga/autobench_perf/src/autobench/aifftr01_lite)
   aifftr01_lite 77579 [005] 2603099.632368:         93 cpu/event=0xC5,umask=0x00/u:            400ba3 t_run_test (/home/koga/autobench_perf/src/autobench/aifftr01_lite)
   aifftr01_lite 77579 [005] 2603099.632380:     256899 cpu/event=0xC0,umask=0x00/u:            400cec t_run_test (/home/koga/autobench_perf/src/autobench/aifftr01_lite)
   aifftr01_lite 77579 [005] 2603099.632392:      68347 cpu/event=0xD0,umask=0x81/u:            400c96 t_run_test (/home/koga/autobench_perf/src/autobench/aifftr01_lite)
   aifftr01_lite 77579 [005] 2603099.632424:      70424 cpu/event=0xD0,umask=0x82/u:            401127 t_run_test (/home/koga/autobench_perf/src/autobench/aifftr01_lite)
   aifftr01_lite 77579 [005] 2603099.632455:     101838 cpu/event=0x3C,umask=0x00/u:            4010b6 t_run_test (/home/koga/autobench_perf/src/autobench/aifftr01_lite)
   aifftr01_lite 77579 [005] 2603099.632466:         93 cpu/event=0xC5,umask=0x00/u:            40130e t_run_test (/home/koga/autobench_perf/src/autobench/aifftr01_lite)
   aifftr01_lite 77579 [005] 2603099.632480:     257040 cpu/event=0xC0,umask=0x00/u:            40154f t_run_test (/home/koga/autobench_perf/src/autobench/aifftr01_lite)
   aifftr01_lite 77579 [005] 2603099.632490:      68396 cpu/event=0xD0,umask=0x81/u:            401511 t_run_test (/home/koga/autobench_perf/src/autobench/aifftr01_lite)
   aifftr01_lite 77579 [005] 2603099.632520:      70389 cpu/event=0xD0,umask=0x82/u:            401747 t_run_test (/home/koga/autobench_perf/src/autobench/aifftr01_lite)
   aifftr01_lite 77579 [005] 2603099.632554:     101858 cpu/event=0x3C,umask=0x00/u:            400d28 t_run_test (/home/koga/autobench_perf/src/autobench/aifftr01_lite)
   aifftr01_lite 77579 [005] 2603099.632574:     257087 cpu/event=0xC0,umask=0x00/u:            400904 GetInputValues (/home/koga/autobench_perf/src/autobench/aifftr01_lite)
   aifftr01_lite 77579 [005] 2603099.632582:         94 cpu/event=0xC5,umask=0x00/u:            400fde t_run_test (/home/koga/autobench_perf/src/autobench/aifftr01_lite)
   aifftr01_lite 77579 [005] 2603099.632589:      68495 cpu/event=0xD0,umask=0x81/u:            401155 t_run_test (/home/koga/autobench_perf/src/autobench/aifftr01_lite)
   aifftr01_lite 77579 [005] 2603099.632619:      70700 cpu/event=0xD0,umask=0x82/u:            4010d2 t_run_test (/home/koga/autobench_perf/src/autobench/aifftr01_lite)
   aifftr01_lite 77579 [005] 2603099.632655:     101875 cpu/event=0x3C,umask=0x00/u:            401574 t_run_test (/home/koga/autobench_perf/src/autobench/aifftr01_lite)
   aifftr01_lite 77579 [005] 2603099.632673:     259135 cpu/event=0xC0,umask=0x00/u:            4016e1 t_run_test (/home/koga/autobench_perf/src/autobench/aifftr01_lite)
   aifftr01_lite 77579 [005] 2603099.632684:      68597 cpu/event=0xD0,umask=0x81/u:            400b6a t_run_test (/home/koga/autobench_perf/src/autobench/aifftr01_lite)
   aifftr01_lite 77579 [005] 2603099.632698:         94 cpu/event=0xC5,umask=0x00/u:            400d0c t_run_test (/home/koga/autobench_perf/src/autobench/aifftr01_lite)
   aifftr01_lite 77579 [005] 2603099.632719:      70786 cpu/event=0xD0,umask=0x82/u:            400d7c t_run_test (/home/koga/autobench_perf/src/autobench/aifftr01_lite)
   aifftr01_lite 77579 [005] 2603099.632755:     101841 cpu/event=0x3C,umask=0x00/u:            401117 t_run_test (/home/koga/autobench_perf/src/autobench/aifftr01_lite)
   aifftr01_lite 77579 [005] 2603099.632774:     259263 cpu/event=0xC0,umask=0x00/u:            4010d2 t_run_test (/home/koga/autobench_perf/src/autobench/aifftr01_lite)
   aifftr01_lite 77579 [005] 2603099.632782:      69066 cpu/event=0xD0,umask=0x81/u:            4012d0 t_run_test (/home/koga/autobench_perf/src/autobench/aifftr01_lite)
   aifftr01_lite 77579 [005] 2603099.632803:         94 cpu/event=0xC5,umask=0x00/u:            40158f t_run_test (/home/koga/autobench_perf/src/autobench/aifftr01_lite)
   aifftr01_lite 77579 [005] 2603099.632820:      70786 cpu/event=0xD0,umask=0x82/u:            401549 t_run_test (/home/koga/autobench_perf/src/autobench/aifftr01_lite)
   aifftr01_lite 77579 [005] 2603099.632855:     101800 cpu/event=0x3C,umask=0x00/u:            400d4b t_run_test (/home/koga/autobench_perf/src/autobench/aifftr01_lite)
   aifftr01_lite 77579 [005] 2603099.632874:     259100 cpu/event=0xC0,umask=0x00/u:            400d1a t_run_test (/home/koga/autobench_perf/src/autobench/aifftr01_lite)
   aifftr01_lite 77579 [005] 2603099.632882:      69271 cpu/event=0xD0,umask=0x81/u:            400d22 t_run_test (/home/koga/autobench_perf/src/autobench/aifftr01_lite)
   aifftr01_lite 77579 [005] 2603099.632908:         94 cpu/event=0xC5,umask=0x00/u:            4010b6 t_run_test (/home/koga/autobench_perf/src/autobench/aifftr01_lite)
   aifftr01_lite 77579 [005] 2603099.632920:      70764 cpu/event=0xD0,umask=0x82/u:            40111e t_run_test (/home/koga/autobench_perf/src/autobench/aifftr01_lite)
   aifftr01_lite 77579 [005] 2603099.632955:     101785 cpu/event=0x3C,umask=0x00/u:            40150d t_run_test (/home/koga/autobench_perf/src/autobench/aifftr01_lite)
   aifftr01_lite 77579 [005] 2603099.632974:     259096 cpu/event=0xC0,umask=0x00/u:            4015c2 t_run_test (/home/koga/autobench_perf/src/autobench/aifftr01_lite)
   aifftr01_lite 77579 [005] 2603099.632984:      69213 cpu/event=0xD0,umask=0x81/u:            4015e3 t_run_test (/home/koga/autobench_perf/src/autobench/aifftr01_lite)
   aifftr01_lite 77579 [005] 2603099.633016:      70708 cpu/event=0xD0,umask=0x82/u:            400c96 t_run_test (/home/koga/autobench_perf/src/autobench/aifftr01_lite)
   aifftr01_lite 77579 [005] 2603099.633021:         94 cpu/event=0xC5,umask=0x00/u:            400ccd t_run_test (/home/koga/autobench_perf/src/autobench/aifftr01_lite)
   aifftr01_lite 77579 [005] 2603099.633056:     101757 cpu/event=0x3C,umask=0x00/u:            4010e0 t_run_test (/home/koga/autobench_perf/src/autobench/aifftr01_lite)
   aifftr01_lite 77579 [005] 2603099.633075:     258927 cpu/event=0xC0,umask=0x00/u:            40110f t_run_test (/home/koga/autobench_perf/src/autobench/aifftr01_lite)
   aifftr01_lite 77579 [005] 2603099.633086:      69070 cpu/event=0xD0,umask=0x81/u:            401148 t_run_test (/home/koga/autobench_perf/src/autobench/aifftr01_lite)
   aifftr01_lite 77579 [005] 2603099.633117:      71123 cpu/event=0xD0,umask=0x82/u:            401511 t_run_test (/home/koga/autobench_perf/src/autobench/aifftr01_lite)
   aifftr01_lite 77579 [005] 2603099.633130:         94 cpu/event=0xC5,umask=0x00/u:            401603 t_run_test (/home/koga/autobench_perf/src/autobench/aifftr01_lite)
   aifftr01_lite 77579 [005] 2603099.633156:     101730 cpu/event=0x3C,umask=0x00/u:            400bb1 t_run_test (/home/koga/autobench_perf/src/autobench/aifftr01_lite)
   aifftr01_lite 77579 [005] 2603099.633176:     258676 cpu/event=0xC0,umask=0x00/u:            400d41 t_run_test (/home/koga/autobench_perf/src/autobench/aifftr01_lite)
   aifftr01_lite 77579 [005] 2603099.633187:      68921 cpu/event=0xD0,umask=0x81/u:            400cf7 t_run_test (/home/koga/autobench_perf/src/autobench/aifftr01_lite)
   aifftr01_lite 77579 [005] 2603099.633218:      71023 cpu/event=0xD0,umask=0x82/u:            401141 t_run_test (/home/koga/autobench_perf/src/autobench/aifftr01_lite)
   aifftr01_lite 77579 [005] 2603099.633225:         94 cpu/event=0xC5,umask=0x00/u:            4011c9 t_run_test (/home/koga/autobench_perf/src/autobench/aifftr01_lite)
   aifftr01_lite 77579 [005] 2603099.633256:     101705 cpu/event=0x3C,umask=0x00/u:            400904 GetInputValues (/home/koga/autobench_perf/src/autobench/aifftr01_lite)
   aifftr01_lite 77579 [005] 2603099.633276:     258435 cpu/event=0xC0,umask=0x00/u:            401509 t_run_test (/home/koga/autobench_perf/src/autobench/aifftr01_lite)
   aifftr01_lite 77579 [005] 2603099.633288:      68796 cpu/event=0xD0,umask=0x81/u:            4014ce t_run_test (/home/koga/autobench_perf/src/autobench/aifftr01_lite)
   aifftr01_lite 77579 [005] 2603099.633319:      70893 cpu/event=0xD0,umask=0x82/u:            400d30 t_run_test (/home/koga/autobench_perf/src/autobench/aifftr01_lite)
   aifftr01_lite 77579 [005] 2603099.633332:         95 cpu/event=0xC5,umask=0x00/u:            400c96 t_run_test (/home/koga/autobench_perf/src/autobench/aifftr01_lite)
   aifftr01_lite 77579 [005] 2603099.633356:     101690 cpu/event=0x3C,umask=0x00/u:            400ea3 t_run_test (/home/koga/autobench_perf/src/autobench/aifftr01_lite)
   aifftr01_lite 77579 [005] 2603099.633376:     258240 cpu/event=0xC0,umask=0x00/u:            4010f0 t_run_test (/home/koga/autobench_perf/src/autobench/aifftr01_lite)
   aifftr01_lite 77579 [005] 2603099.633388:      68710 cpu/event=0xD0,umask=0x81/u:            40116d t_run_test (/home/koga/autobench_perf/src/autobench/aifftr01_lite)
   aifftr01_lite 77579 [005] 2603099.633419:      70838 cpu/event=0xD0,umask=0x82/u:            401549 t_run_test (/home/koga/autobench_perf/src/autobench/aifftr01_lite)
   aifftr01_lite 77579 [005] 2603099.633452:     101692 cpu/event=0x3C,umask=0x00/u:            401511 t_run_test (/home/koga/autobench_perf/src/autobench/aifftr01_lite)
   aifftr01_lite 77579 [005] 2603099.633459:         95 cpu/event=0xC5,umask=0x00/u:            4015f4 t_run_test (/home/koga/autobench_perf/src/autobench/aifftr01_lite)
   aifftr01_lite 77579 [005] 2603099.633476:     258318 cpu/event=0xC0,umask=0x00/u:            400d36 t_run_test (/home/koga/autobench_perf/src/autobench/aifftr01_lite)
   aifftr01_lite 77579 [005] 2603099.633488:      68731 cpu/event=0xD0,umask=0x81/u:            400cd6 t_run_test (/home/koga/autobench_perf/src/autobench/aifftr01_lite)
   aifftr01_lite 77579 [005] 2603099.633518:      70805 cpu/event=0xD0,umask=0x82/u:            400908 GetInputValues (/home/koga/autobench_perf/src/autobench/aifftr01_lite)
   aifftr01_lite 77579 [005] 2603099.633552:     102223 cpu/event=0x3C,umask=0x00/u:            4010f6 t_run_test (/home/koga/autobench_perf/src/autobench/aifftr01_lite)
   aifftr01_lite 77579 [005] 2603099.633557:         94 cpu/event=0xC5,umask=0x00/u:            401148 t_run_test (/home/koga/autobench_perf/src/autobench/aifftr01_lite)
   aifftr01_lite 77579 [005] 2603099.633576:     258378 cpu/event=0xC0,umask=0x00/u:            4013f1 t_run_test (/home/koga/autobench_perf/src/autobench/aifftr01_lite)
   aifftr01_lite 77579 [005] 2603099.633587:      68762 cpu/event=0xD0,umask=0x81/u:            401574 t_run_test (/home/koga/autobench_perf/src/autobench/aifftr01_lite)
   aifftr01_lite 77579 [005] 2603099.633616:      70923 cpu/event=0xD0,umask=0x82/u:            401511 t_run_test (/home/koga/autobench_perf/src/autobench/aifftr01_lite)
   aifftr01_lite 77579 [005] 2603099.633652:     102222 cpu/event=0x3C,umask=0x00/u:            400ccd t_run_test (/home/koga/autobench_perf/src/autobench/aifftr01_lite)
   aifftr01_lite 77579 [005] 2603099.633668:         95 cpu/event=0xC5,umask=0x00/u:            400ebc t_run_test (/home/koga/autobench_perf/src/autobench/aifftr01_lite)
   aifftr01_lite 77579 [005] 2603099.633674:     258228 cpu/event=0xC0,umask=0x00/u:            400f27 t_run_test (/home/koga/autobench_perf/src/autobench/aifftr01_lite)
   aifftr01_lite 77579 [005] 2603099.633686:      68853 cpu/event=0xD0,umask=0x81/u:            401152 t_run_test (/home/koga/autobench_perf/src/autobench/aifftr01_lite)
   aifftr01_lite 77579 [005] 2603099.633716:      71095 cpu/event=0xD0,umask=0x82/u:            4010ec t_run_test (/home/koga/autobench_perf/src/autobench/aifftr01_lite)
   aifftr01_lite 77579 [005] 2603099.633753:     102172 cpu/event=0x3C,umask=0x00/u:            40156d t_run_test (/home/koga/autobench_perf/src/autobench/aifftr01_lite)
   aifftr01_lite 77579 [005] 2603099.633771:     258936 cpu/event=0xC0,umask=0x00/u:            401585 t_run_test (/home/koga/autobench_perf/src/autobench/aifftr01_lite)
   aifftr01_lite 77579 [005] 2603099.633778:         95 cpu/event=0xC5,umask=0x00/u:            40176f t_run_test (/home/koga/autobench_perf/src/autobench/aifftr01_lite)
   aifftr01_lite 77579 [005] 2603099.633785:      68931 cpu/event=0xD0,umask=0x81/u:            400904 GetInputValues (/home/koga/autobench_perf/src/autobench/aifftr01_lite)
   aifftr01_lite 77579 [005] 2603099.633817:      71105 cpu/event=0xD0,umask=0x82/u:            400d2c t_run_test (/home/koga/autobench_perf/src/autobench/aifftr01_lite)
   aifftr01_lite 77579 [005] 2603099.633853:     102099 cpu/event=0x3C,umask=0x00/u:            401152 t_run_test (/home/koga/autobench_perf/src/autobench/aifftr01_lite)
   aifftr01_lite 77579 [005] 2603099.633871:     260101 cpu/event=0xC0,umask=0x00/u:            4010ec t_run_test (/home/koga/autobench_perf/src/autobench/aifftr01_lite)
   aifftr01_lite 77579 [005] 2603099.633879:      69020 cpu/event=0xD0,umask=0x81/u:            4010a0 t_run_test (/home/koga/autobench_perf/src/autobench/aifftr01_lite)
   aifftr01_lite 77579 [005] 2603099.633886:         95 cpu/event=0xC5,umask=0x00/u:            4012d0 t_run_test (/home/koga/autobench_perf/src/autobench/aifftr01_lite)
   aifftr01_lite 77579 [005] 2603099.633918:      71054 cpu/event=0xD0,umask=0x82/u:            40158c t_run_test (/home/koga/autobench_perf/src/autobench/aifftr01_lite)
   aifftr01_lite 77579 [005] 2603099.633954:     102043 cpu/event=0x3C,umask=0x00/u:            400d28 t_run_test (/home/koga/autobench_perf/src/autobench/aifftr01_lite)
   aifftr01_lite 77579 [005] 2603099.633972:     260051 cpu/event=0xC0,umask=0x00/u:            400d22 t_run_test (/home/koga/autobench_perf/src/autobench/aifftr01_lite)
   aifftr01_lite 77579 [005] 2603099.633981:      69520 cpu/event=0xD0,umask=0x81/u:            400d28 t_run_test (/home/koga/autobench_perf/src/autobench/aifftr01_lite)
   aifftr01_lite 77579 [005] 2603099.633992:         95 cpu/event=0xC5,umask=0x00/u:            400f31 t_run_test (/home/koga/autobench_perf/src/autobench/aifftr01_lite)
   aifftr01_lite 77579 [005] 2603099.634019:      70980 cpu/event=0xD0,umask=0x82/u:            4010e0 t_run_test (/home/koga/autobench_perf/src/autobench/aifftr01_lite)
   aifftr01_lite 77579 [005] 2603099.634054:     101969 cpu/event=0x3C,umask=0x00/u:            401588 t_run_test (/home/koga/autobench_perf/src/autobench/aifftr01_lite)
   aifftr01_lite 77579 [005] 2603099.634073:     259750 cpu/event=0xC0,umask=0x00/u:            401509 t_run_test (/home/koga/autobench_perf/src/autobench/aifftr01_lite)
   aifftr01_lite 77579 [005] 2603099.634083:      69375 cpu/event=0xD0,umask=0x81/u:            4015b3 t_run_test (/home/koga/autobench_perf/src/autobench/aifftr01_lite)
   aifftr01_lite 77579 [005] 2603099.634096:         95 cpu/event=0xC5,umask=0x00/u:            401791 t_run_test (/home/koga/autobench_perf/src/autobench/aifftr01_lite)
   aifftr01_lite 77579 [005] 2603099.634119:      70892 cpu/event=0xD0,umask=0x82/u:            400cc9 t_run_test (/home/koga/autobench_perf/src/autobench/aifftr01_lite)
   aifftr01_lite 77579 [005] 2603099.634155:     101943 cpu/event=0x3C,umask=0x00/u:            401148 t_run_test (/home/koga/autobench_perf/src/autobench/aifftr01_lite)
   aifftr01_lite 77579 [005] 2603099.634174:     259470 cpu/event=0xC0,umask=0x00/u:            401155 t_run_test (/home/koga/autobench_perf/src/autobench/aifftr01_lite)
   aifftr01_lite 77579 [005] 2603099.634185:      69209 cpu/event=0xD0,umask=0x81/u:            4010ae t_run_test (/home/koga/autobench_perf/src/autobench/aifftr01_lite)
   aifftr01_lite 77579 [005] 2603099.634197:         95 cpu/event=0xC5,umask=0x00/u:            4012de t_run_test (/home/koga/autobench_perf/src/autobench/aifftr01_lite)
   aifftr01_lite 77579 [005] 2603099.634220:      70823 cpu/event=0xD0,umask=0x82/u:            401566 t_run_test (/home/koga/autobench_perf/src/autobench/aifftr01_lite)
   aifftr01_lite 77579 [005] 2603099.634255:     101902 cpu/event=0x3C,umask=0x00/u:            400b98 t_run_test (/home/koga/autobench_perf/src/autobench/aifftr01_lite)
   aifftr01_lite 77579 [005] 2603099.634274:     259209 cpu/event=0xC0,umask=0x00/u:            400cd6 t_run_test (/home/koga/autobench_perf/src/autobench/aifftr01_lite)
   aifftr01_lite 77579 [005] 2603099.634286:      69064 cpu/event=0xD0,umask=0x81/u:            400d44 t_run_test (/home/koga/autobench_perf/src/autobench/aifftr01_lite)
   aifftr01_lite 77579 [005] 2603099.634301:         95 cpu/event=0xC5,umask=0x00/u:            400dc8 t_run_test (/home/koga/autobench_perf/src/autobench/aifftr01_lite)
   aifftr01_lite 77579 [005] 2603099.634322:      70735 cpu/event=0xD0,umask=0x82/u:            401166 t_run_test (/home/koga/autobench_perf/src/autobench/aifftr01_lite)
   aifftr01_lite 77579 [005] 2603099.634355:     101856 cpu/event=0x3C,umask=0x00/u:            400904 GetInputValues (/home/koga/autobench_perf/src/autobench/aifftr01_lite)
   aifftr01_lite 77579 [005] 2603099.634375:     259056 cpu/event=0xC0,umask=0x00/u:            401511 t_run_test (/home/koga/autobench_perf/src/autobench/aifftr01_lite)
   aifftr01_lite 77579 [005] 2603099.634387:      68966 cpu/event=0xD0,umask=0x81/u:            401577 t_run_test (/home/koga/autobench_perf/src/autobench/aifftr01_lite)
   aifftr01_lite 77579 [005] 2603099.634405:         95 cpu/event=0xC5,umask=0x00/u:            4016fa t_run_test (/home/koga/autobench_perf/src/autobench/aifftr01_lite)
   aifftr01_lite 77579 [005] 2603099.634421:      70640 cpu/event=0xD0,umask=0x82/u:            400d44 t_run_test (/home/koga/autobench_perf/src/autobench/aifftr01_lite)
   aifftr01_lite 77579 [005] 2603099.634455:     101839 cpu/event=0x3C,umask=0x00/u:            400ebc t_run_test (/home/koga/autobench_perf/src/autobench/aifftr01_lite)
   aifftr01_lite 77579 [005] 2603099.634475:     258888 cpu/event=0xC0,umask=0x00/u:            40114f t_run_test (/home/koga/autobench_perf/src/autobench/aifftr01_lite)
   aifftr01_lite 77579 [005] 2603099.634487:      68892 cpu/event=0xD0,umask=0x81/u:            4010f6 t_run_test (/home/koga/autobench_perf/src/autobench/aifftr01_lite)
   aifftr01_lite 77579 [005] 2603099.634509:         95 cpu/event=0xC5,umask=0x00/u:            4012de t_run_test (/home/koga/autobench_perf/src/autobench/aifftr01_lite)
   aifftr01_lite 77579 [005] 2603099.634522:      70671 cpu/event=0xD0,umask=0x82/u:            4013f1 t_run_test (/home/koga/autobench_perf/src/autobench/aifftr01_lite)
   aifftr01_lite 77579 [005] 2603099.634556:     101810 cpu/event=0x3C,umask=0x00/u:            401557 t_run_test (/home/koga/autobench_perf/src/autobench/aifftr01_lite)
   aifftr01_lite 77579 [005] 2603099.634575:     258905 cpu/event=0xC0,umask=0x00/u:            400d4b t_run_test (/home/koga/autobench_perf/src/autobench/aifftr01_lite)
   aifftr01_lite 77579 [005] 2603099.634587:      68891 cpu/event=0xD0,umask=0x81/u:            400d25 t_run_test (/home/koga/autobench_perf/src/autobench/aifftr01_lite)
   aifftr01_lite 77579 [005] 2603099.634614:      70592 cpu/event=0xD0,umask=0x82/u:            400f02 t_run_test (/home/koga/autobench_perf/src/autobench/aifftr01_lite)
   aifftr01_lite 77579 [005] 2603099.634620:         95 cpu/event=0xC5,umask=0x00/u:            400f43 t_run_test (/home/koga/autobench_perf/src/autobench/aifftr01_lite)
   aifftr01_lite 77579 [005] 2603099.634655:     101783 cpu/event=0x3C,umask=0x00/u:            401122 t_run_test (/home/koga/autobench_perf/src/autobench/aifftr01_lite)
   aifftr01_lite 77579 [005] 2603099.634676:     258757 cpu/event=0xC0,umask=0x00/u:            4013f1 t_run_test (/home/koga/autobench_perf/src/autobench/aifftr01_lite)
   aifftr01_lite 77579 [005] 2603099.634686:      68891 cpu/event=0xD0,umask=0x81/u:            401544 t_run_test (/home/koga/autobench_perf/src/autobench/aifftr01_lite)
   aifftr01_lite 77579 [005] 2603099.634713:      71344 cpu/event=0xD0,umask=0x82/u:            40150d t_run_test (/home/koga/autobench_perf/src/autobench/aifftr01_lite)
   aifftr01_lite 77579 [005] 2603099.634727:         95 cpu/event=0xC5,umask=0x00/u:            40093f GetInputValues (/home/koga/autobench_perf/src/autobench/aifftr01_lite)
   aifftr01_lite 77579 [005] 2603099.634756:     101803 cpu/event=0x3C,umask=0x00/u:            400d3a t_run_test (/home/koga/autobench_perf/src/autobench/aifftr01_lite)
   aifftr01_lite 77579 [005] 2603099.634774:     258593 cpu/event=0xC0,umask=0x00/u:            400f1d t_run_test (/home/koga/autobench_perf/src/autobench/aifftr01_lite)
   aifftr01_lite 77579 [005] 2603099.634786:      68956 cpu/event=0xD0,umask=0x81/u:            401117 t_run_test (/home/koga/autobench_perf/src/autobench/aifftr01_lite)
   aifftr01_lite 77579 [005] 2603099.634814:      71423 cpu/event=0xD0,umask=0x82/u:            4010f3 t_run_test (/home/koga/autobench_perf/src/autobench/aifftr01_lite)
   aifftr01_lite 77579 [005] 2603099.634835:         95 cpu/event=0xC5,umask=0x00/u:            401400 t_run_test (/home/koga/autobench_perf/src/autobench/aifftr01_lite)
   aifftr01_lite 77579 [005] 2603099.634856:     101763 cpu/event=0x3C,umask=0x00/u:            401533 t_run_test (/home/koga/autobench_perf/src/autobench/aifftr01_lite)
   aifftr01_lite 77579 [005] 2603099.634875:     259182 cpu/event=0xC0,umask=0x00/u:            40155f t_run_test (/home/koga/autobench_perf/src/autobench/aifftr01_lite)
   aifftr01_lite 77579 [005] 2603099.634885:      69004 cpu/event=0xD0,umask=0x81/u:            400908 GetInputValues (/home/koga/autobench_perf/src/autobench/aifftr01_lite)
   aifftr01_lite 77579 [005] 2603099.634915:      71343 cpu/event=0xD0,umask=0x82/u:            400d44 t_run_test (/home/koga/autobench_perf/src/autobench/aifftr01_lite)
   aifftr01_lite 77579 [005] 2603099.634945:         95 cpu/event=0xC5,umask=0x00/u:            4011d2 t_run_test (/home/koga/autobench_perf/src/autobench/aifftr01_lite)
   aifftr01_lite 77579 [005] 2603099.634956:     101719 cpu/event=0x3C,umask=0x00/u:            40116d t_run_test (/home/koga/autobench_perf/src/autobench/aifftr01_lite)
   aifftr01_lite 77579 [005] 2603099.634976:     258781 cpu/event=0xC0,umask=0x00/u:            401148 t_run_test (/home/koga/autobench_perf/src/autobench/aifftr01_lite)
   aifftr01_lite 77579 [005] 2603099.634984:      69044 cpu/event=0xD0,umask=0x81/u:            4012db t_run_test (/home/koga/autobench_perf/src/autobench/aifftr01_lite)
   aifftr01_lite 77579 [005] 2603099.635033:      71198 cpu/event=0xD0,umask=0x82/u:            401581 t_run_test (/home/koga/autobench_perf/src/autobench/aifftr01_lite)
   aifftr01_lite 77579 [005] 2603099.635068:     101676 cpu/event=0x3C,umask=0x00/u:            400cc9 t_run_test (/home/koga/autobench_perf/src/autobench/aifftr01_lite)
   aifftr01_lite 77579 [005] 2603099.635074:         95 cpu/event=0xC5,umask=0x00/u:            400ccd t_run_test (/home/koga/autobench_perf/src/autobench/aifftr01_lite)
   aifftr01_lite 77579 [005] 2603099.635094:     258501 cpu/event=0xC0,umask=0x00/u:            400cec t_run_test (/home/koga/autobench_perf/src/autobench/aifftr01_lite)
   aifftr01_lite 77579 [005] 2603099.635103:      69071 cpu/event=0xD0,umask=0x81/u:            400d30 t_run_test (/home/koga/autobench_perf/src/autobench/aifftr01_lite)
   aifftr01_lite 77579 [005] 2603099.635136:      69854 cpu/event=0xD0,umask=0x82/u:            401144 t_run_test (/home/koga/autobench_perf/src/autobench/aifftr01_lite)
   aifftr01_lite 77579 [005] 2603099.635177:     100332 cpu/event=0x3C,umask=0x00/u:            401520 t_run_test (/home/koga/autobench_perf/src/autobench/aifftr01_lite)
   aifftr01_lite 77579 [005] 2603099.635182:         94 cpu/event=0xC5,umask=0x00/u:            4015f4 t_run_test (/home/koga/autobench_perf/src/autobench/aifftr01_lite)
   aifftr01_lite 77579 [005] 2603099.635202:     253592 cpu/event=0xC0,umask=0x00/u:            401530 t_run_test (/home/koga/autobench_perf/src/autobench/aifftr01_lite)
   aifftr01_lite 77579 [005] 2603099.635212:      67686 cpu/event=0xD0,umask=0x81/u:            401585 t_run_test (/home/koga/autobench_perf/src/autobench/aifftr01_lite)
   aifftr01_lite 77579 [005] 2603099.635240:      69595 cpu/event=0xD0,umask=0x82/u:            400cc5 t_run_test (/home/koga/autobench_perf/src/autobench/aifftr01_lite)
   aifftr01_lite 77579 [005] 2603099.635269:      99270 cpu/event=0x3C,umask=0x00/u:            400f88 t_run_test (/home/koga/autobench_perf/src/autobench/aifftr01_lite)
   aifftr01_lite 77579 [005] 2603099.635283:         94 cpu/event=0xC5,umask=0x00/u:            4010b6 t_run_test (/home/koga/autobench_perf/src/autobench/aifftr01_lite)
   aifftr01_lite 77579 [005] 2603099.635294:     251156 cpu/event=0xC0,umask=0x00/u:            401155 t_run_test (/home/koga/autobench_perf/src/autobench/aifftr01_lite)
   aifftr01_lite 77579 [005] 2603099.635305:      67008 cpu/event=0xD0,umask=0x81/u:            4010d2 t_run_test (/home/koga/autobench_perf/src/autobench/aifftr01_lite)
   aifftr01_lite 77579 [005] 2603099.635332:      69273 cpu/event=0xD0,umask=0x82/u:            40155f t_run_test (/home/koga/autobench_perf/src/autobench/aifftr01_lite)
   aifftr01_lite 77579 [005] 2603099.635361:     100353 cpu/event=0x3C,umask=0x00/u:            401735 t_run_test (/home/koga/autobench_perf/src/autobench/aifftr01_lite)
   aifftr01_lite 77579 [005] 2603099.635380:         94 cpu/event=0xC5,umask=0x00/u:            400c96 t_run_test (/home/koga/autobench_perf/src/autobench/aifftr01_lite)
   aifftr01_lite 77579 [005] 2603099.635385:     253950 cpu/event=0xC0,umask=0x00/u:            400cc0 t_run_test (/home/koga/autobench_perf/src/autobench/aifftr01_lite)
   aifftr01_lite 77579 [005] 2603099.635396:      67654 cpu/event=0xD0,umask=0x81/u:            400d22 t_run_test (/home/koga/autobench_perf/src/autobench/aifftr01_lite)
   aifftr01_lite 77579 [005] 2603099.635424:      69992 cpu/event=0xD0,umask=0x82/u:            401152 t_run_test (/home/koga/autobench_perf/src/autobench/aifftr01_lite)
   aifftr01_lite 77579 [005] 2603099.635453:     101538 cpu/event=0x3C,umask=0x00/u:            4010e4 t_run_test (/home/koga/autobench_perf/src/autobench/aifftr01_lite)
   aifftr01_lite 77579 [005] 2603099.635472:     257081 cpu/event=0xC0,umask=0x00/u:            401528 t_run_test (/home/koga/autobench_perf/src/autobench/aifftr01_lite)
   aifftr01_lite 77579 [005] 2603099.635479:         95 cpu/event=0xC5,umask=0x00/u:            4014de t_run_test (/home/koga/autobench_perf/src/autobench/aifftr01_lite)
   aifftr01_lite 77579 [005] 2603099.635488:      68439 cpu/event=0xD0,umask=0x81/u:            401517 t_run_test (/home/koga/autobench_perf/src/autobench/aifftr01_lite)
   aifftr01_lite 77579 [005] 2603099.635516:      70770 cpu/event=0xD0,umask=0x82/u:            400b6a t_run_test (/home/koga/autobench_perf/src/autobench/aifftr01_lite)
   aifftr01_lite 77579 [005] 2603099.635546:     102638 cpu/event=0x3C,umask=0x00/u:            400d8a t_run_test (/home/koga/autobench_perf/src/autobench/aifftr01_lite)
   aifftr01_lite 77579 [005] 2603099.635565:     261925 cpu/event=0xC0,umask=0x00/u:            400fcf t_run_test (/home/koga/autobench_perf/src/autobench/aifftr01_lite)
   aifftr01_lite 77579 [005] 2603099.635576:      69249 cpu/event=0xD0,umask=0x81/u:            4010e8 t_run_test (/home/koga/autobench_perf/src/autobench/aifftr01_lite)
   aifftr01_lite 77579 [005] 2603099.635581:         95 cpu/event=0xC5,umask=0x00/u:            4011c1 t_run_test (/home/koga/autobench_perf/src/autobench/aifftr01_lite)
   aifftr01_lite 77579 [005] 2603099.635607:      71526 cpu/event=0xD0,umask=0x82/u:            40110f t_run_test (/home/koga/autobench_perf/src/autobench/aifftr01_lite)
   aifftr01_lite 77579 [005] 2603099.635639:     103636 cpu/event=0x3C,umask=0x00/u:            401549 t_run_test (/home/koga/autobench_perf/src/autobench/aifftr01_lite)
   aifftr01_lite 77579 [005] 2603099.635657:     264422 cpu/event=0xC0,umask=0x00/u:            400904 GetInputValues (/home/koga/autobench_perf/src/autobench/aifftr01_lite)
   aifftr01_lite 77579 [005] 2603099.635669:      70430 cpu/event=0xD0,umask=0x81/u:            400d12 t_run_test (/home/koga/autobench_perf/src/autobench/aifftr01_lite)
   aifftr01_lite 77579 [005] 2603099.635680:         95 cpu/event=0xC5,umask=0x00/u:            400c8e t_run_test (/home/koga/autobench_perf/src/autobench/aifftr01_lite)
   aifftr01_lite 77579 [005] 2603099.635700:      72455 cpu/event=0xD0,umask=0x82/u:            400cc5 t_run_test (/home/koga/autobench_perf/src/autobench/aifftr01_lite)
   aifftr01_lite 77579 [005] 2603099.635734:     104516 cpu/event=0x3C,umask=0x00/u:            401107 t_run_test (/home/koga/autobench_perf/src/autobench/aifftr01_lite)
   aifftr01_lite 77579 [005] 2603099.635752:     267221 cpu/event=0xC0,umask=0x00/u:            401319 t_run_test (/home/koga/autobench_perf/src/autobench/aifftr01_lite)
   aifftr01_lite 77579 [005] 2603099.635763:      71112 cpu/event=0xD0,umask=0x81/u:            40156d t_run_test (/home/koga/autobench_perf/src/autobench/aifftr01_lite)
   aifftr01_lite 77579 [005] 2603099.635779:         95 cpu/event=0xC5,umask=0x00/u:            401609 t_run_test (/home/koga/autobench_perf/src/autobench/aifftr01_lite)
   aifftr01_lite 77579 [005] 2603099.635795:      73081 cpu/event=0xD0,umask=0x82/u:            40159f t_run_test (/home/koga/autobench_perf/src/autobench/aifftr01_lite)
   aifftr01_lite 77579 [005] 2603099.635828:     105304 cpu/event=0x3C,umask=0x00/u:            400cf7 t_run_test (/home/koga/autobench_perf/src/autobench/aifftr01_lite)
   aifftr01_lite 77579 [005] 2603099.635848:     268868 cpu/event=0xC0,umask=0x00/u:            400eb9 t_run_test (/home/koga/autobench_perf/src/autobench/aifftr01_lite)
   aifftr01_lite 77579 [005] 2603099.635859:      71617 cpu/event=0xD0,umask=0x81/u:            400f80 t_run_test (/home/koga/autobench_perf/src/autobench/aifftr01_lite)
   aifftr01_lite 77579 [005] 2603099.635876:         95 cpu/event=0xC5,umask=0x00/u:            4010a9 t_run_test (/home/koga/autobench_perf/src/autobench/aifftr01_lite)
   aifftr01_lite 77579 [005] 2603099.635891:      73606 cpu/event=0xD0,umask=0x82/u:            401117 t_run_test (/home/koga/autobench_perf/src/autobench/aifftr01_lite)
   aifftr01_lite 77579 [005] 2603099.635924:     106007 cpu/event=0x3C,umask=0x00/u:            40158c t_run_test (/home/koga/autobench_perf/src/autobench/aifftr01_lite)
   aifftr01_lite 77579 [005] 2603099.635944:     270162 cpu/event=0xC0,umask=0x00/u:            4016f7 t_run_test (/home/koga/autobench_perf/src/autobench/aifftr01_lite)
   aifftr01_lite 77579 [005] 2603099.635955:      72027 cpu/event=0xD0,umask=0x81/u:            400b6a t_run_test (/home/koga/autobench_perf/src/autobench/aifftr01_lite)
   aifftr01_lite 77579 [005] 2603099.635971:         96 cpu/event=0xC5,umask=0x00/u:            400cc5 t_run_test (/home/koga/autobench_perf/src/autobench/aifftr01_lite)
   aifftr01_lite 77579 [005] 2603099.635987:      73994 cpu/event=0xD0,umask=0x82/u:            400cae t_run_test (/home/koga/autobench_perf/src/autobench/aifftr01_lite)
   aifftr01_lite 77579 [005] 2603099.636020:     106596 cpu/event=0x3C,umask=0x00/u:            4010ec t_run_test (/home/koga/autobench_perf/src/autobench/aifftr01_lite)
   aifftr01_lite 77579 [005] 2603099.636041:     271591 cpu/event=0xC0,umask=0x00/u:            4012c5 t_run_test (/home/koga/autobench_perf/src/autobench/aifftr01_lite)
   aifftr01_lite 77579 [005] 2603099.636051:      72420 cpu/event=0xD0,umask=0x81/u:            4013b2 t_run_test (/home/koga/autobench_perf/src/autobench/aifftr01_lite)
   aifftr01_lite 77579 [005] 2603099.636067:         97 cpu/event=0xC5,umask=0x00/u:            4014d6 t_run_test (/home/koga/autobench_perf/src/autobench/aifftr01_lite)
   aifftr01_lite 77579 [005] 2603099.636083:      74380 cpu/event=0xD0,umask=0x82/u:            401553 t_run_test (/home/koga/autobench_perf/src/autobench/aifftr01_lite)
   aifftr01_lite 77579 [005] 2603099.636117:     107127 cpu/event=0x3C,umask=0x00/u:            400cf0 t_run_test (/home/koga/autobench_perf/src/autobench/aifftr01_lite)
   aifftr01_lite 77579 [005] 2603099.636138:     272834 cpu/event=0xC0,umask=0x00/u:            400eb9 t_run_test (/home/koga/autobench_perf/src/autobench/aifftr01_lite)
   aifftr01_lite 77579 [005] 2603099.636148:      72749 cpu/event=0xD0,umask=0x81/u:            400fa0 t_run_test (/home/koga/autobench_perf/src/autobench/aifftr01_lite)
   aifftr01_lite 77579 [005] 2603099.636164:         98 cpu/event=0xC5,umask=0x00/u:            4010b6 t_run_test (/home/koga/autobench_perf/src/autobench/aifftr01_lite)
   aifftr01_lite 77579 [005] 2603099.636180:      74757 cpu/event=0xD0,umask=0x82/u:            401144 t_run_test (/home/koga/autobench_perf/src/autobench/aifftr01_lite)
   aifftr01_lite 77579 [005] 2603099.636214:     107608 cpu/event=0x3C,umask=0x00/u:            40155f t_run_test (/home/koga/autobench_perf/src/autobench/aifftr01_lite)
   aifftr01_lite 77579 [005] 2603099.636235:     273936 cpu/event=0xC0,umask=0x00/u:            401717 t_run_test (/home/koga/autobench_perf/src/autobench/aifftr01_lite)
   aifftr01_lite 77579 [005] 2603099.636245:      73062 cpu/event=0xD0,umask=0x81/u:            400b6a t_run_test (/home/koga/autobench_perf/src/autobench/aifftr01_lite)
   aifftr01_lite 77579 [005] 2603099.636262:         99 cpu/event=0xC5,umask=0x00/u:            400c96 t_run_test (/home/koga/autobench_perf/src/autobench/aifftr01_lite)
   aifftr01_lite 77579 [005] 2603099.636277:      75065 cpu/event=0xD0,umask=0x82/u:            400d0c t_run_test (/home/koga/autobench_perf/src/autobench/aifftr01_lite)
   aifftr01_lite 77579 [005] 2603099.636311:     108030 cpu/event=0x3C,umask=0x00/u:            4010e8 t_run_test (/home/koga/autobench_perf/src/autobench/aifftr01_lite)
   aifftr01_lite 77579 [005] 2603099.636332:     275050 cpu/event=0xC0,umask=0x00/u:            4012d5 t_run_test (/home/koga/autobench_perf/src/autobench/aifftr01_lite)
   aifftr01_lite 77579 [005] 2603099.636343:      73325 cpu/event=0xD0,umask=0x81/u:            4013e3 t_run_test (/home/koga/autobench_perf/src/autobench/aifftr01_lite)
   aifftr01_lite 77579 [005] 2603099.636370:      75349 cpu/event=0xD0,umask=0x82/u:            401514 t_run_test (/home/koga/autobench_perf/src/autobench/aifftr01_lite)
   aifftr01_lite 77579 [005] 2603099.636382:        100 cpu/event=0xC5,umask=0x00/u:            401717 t_run_test (/home/koga/autobench_perf/src/autobench/aifftr01_lite)
   aifftr01_lite 77579 [005] 2603099.636409:     108394 cpu/event=0x3C,umask=0x00/u:            400cc9 t_run_test (/home/koga/autobench_perf/src/autobench/aifftr01_lite)
   aifftr01_lite 77579 [005] 2603099.636430:     276053 cpu/event=0xC0,umask=0x00/u:            400f09 t_run_test (/home/koga/autobench_perf/src/autobench/aifftr01_lite)
   aifftr01_lite 77579 [005] 2603099.636441:      73528 cpu/event=0xD0,umask=0x81/u:            40114b t_run_test (/home/koga/autobench_perf/src/autobench/aifftr01_lite)
   aifftr01_lite 77579 [005] 2603099.636468:      76033 cpu/event=0xD0,umask=0x82/u:            401152 t_run_test (/home/koga/autobench_perf/src/autobench/aifftr01_lite)
   aifftr01_lite 77579 [005] 2603099.636479:         99 cpu/event=0xC5,umask=0x00/u:            4012de t_run_test (/home/koga/autobench_perf/src/autobench/aifftr01_lite)
   aifftr01_lite 77579 [005] 2603099.636507:     108693 cpu/event=0x3C,umask=0x00/u:            401528 t_run_test (/home/koga/autobench_perf/src/autobench/aifftr01_lite)
   aifftr01_lite 77579 [005] 2603099.636527:     276812 cpu/event=0xC0,umask=0x00/u:            40175b t_run_test (/home/koga/autobench_perf/src/autobench/aifftr01_lite)
   aifftr01_lite 77579 [005] 2603099.636539:      73733 cpu/event=0xD0,umask=0x81/u:            400cc9 t_run_test (/home/koga/autobench_perf/src/autobench/aifftr01_lite)
   aifftr01_lite 77579 [005] 2603099.636566:      76240 cpu/event=0xD0,umask=0x82/u:            400cc9 t_run_test (/home/koga/autobench_perf/src/autobench/aifftr01_lite)
   aifftr01_lite 77579 [005] 2603099.636577:        100 cpu/event=0xC5,umask=0x00/u:            400f31 t_run_test (/home/koga/autobench_perf/src/autobench/aifftr01_lite)
   aifftr01_lite 77579 [005] 2603099.636605:     108985 cpu/event=0x3C,umask=0x00/u:            40116d t_run_test (/home/koga/autobench_perf/src/autobench/aifftr01_lite)
   aifftr01_lite 77579 [005] 2603099.636626:     277691 cpu/event=0xC0,umask=0x00/u:            400904 GetInputValues (/home/koga/autobench_perf/src/autobench/aifftr01_lite)
   aifftr01_lite 77579 [005] 2603099.636638:      73878 cpu/event=0xD0,umask=0x81/u:            40155f t_run_test (/home/koga/autobench_perf/src/autobench/aifftr01_lite)
   aifftr01_lite 77579 [005] 2603099.636665:      76393 cpu/event=0xD0,umask=0x82/u:            4014c0 t_run_test (/home/koga/autobench_perf/src/autobench/aifftr01_lite)
   aifftr01_lite 77579 [005] 2603099.636687:        101 cpu/event=0xC5,umask=0x00/u:            400c96 t_run_test (/home/koga/autobench_perf/src/autobench/aifftr01_lite)
   aifftr01_lite 77579 [005] 2603099.636704:     109253 cpu/event=0x3C,umask=0x00/u:            400d30 t_run_test (/home/koga/autobench_perf/src/autobench/aifftr01_lite)
   aifftr01_lite 77579 [005] 2603099.636726:     278064 cpu/event=0xC0,umask=0x00/u:            400fcf t_run_test (/home/koga/autobench_perf/src/autobench/aifftr01_lite)
   aifftr01_lite 77579 [005] 2603099.636737:      74028 cpu/event=0xD0,umask=0x81/u:            401131 t_run_test (/home/koga/autobench_perf/src/autobench/aifftr01_lite)
   aifftr01_lite 77579 [005] 2603099.636764:      76528 cpu/event=0xD0,umask=0x82/u:            4010b6 t_run_test (/home/koga/autobench_perf/src/autobench/aifftr01_lite)
   aifftr01_lite 77579 [005] 2603099.636787:        101 cpu/event=0xC5,umask=0x00/u:            4014d6 t_run_test (/home/koga/autobench_perf/src/autobench/aifftr01_lite)
   aifftr01_lite 77579 [005] 2603099.636802:     109465 cpu/event=0x3C,umask=0x00/u:            401511 t_run_test (/home/koga/autobench_perf/src/autobench/aifftr01_lite)
   aifftr01_lite 77579 [005] 2603099.636824:     278142 cpu/event=0xC0,umask=0x00/u:            400cf0 t_run_test (/home/koga/autobench_perf/src/autobench/aifftr01_lite)
   aifftr01_lite 77579 [005] 2603099.636835:      74133 cpu/event=0xD0,umask=0x81/u:            400d00 t_run_test (/home/koga/autobench_perf/src/autobench/aifftr01_lite)
   aifftr01_lite 77579 [005] 2603099.636864:      76607 cpu/event=0xD0,umask=0x82/u:            400f24 t_run_test (/home/koga/autobench_perf/src/autobench/aifftr01_lite)
   aifftr01_lite 77579 [005] 2603099.636895:        101 cpu/event=0xC5,umask=0x00/u:            4011ed t_run_test (/home/koga/autobench_perf/src/autobench/aifftr01_lite)
   aifftr01_lite 77579 [005] 2603099.636901:     109666 cpu/event=0x3C,umask=0x00/u:            40113d t_run_test (/home/koga/autobench_perf/src/autobench/aifftr01_lite)
   aifftr01_lite 77579 [005] 2603099.636924:     278622 cpu/event=0xC0,umask=0x00/u:            401520 t_run_test (/home/koga/autobench_perf/src/autobench/aifftr01_lite)
   aifftr01_lite 77579 [005] 2603099.636935:      74238 cpu/event=0xD0,umask=0x81/u:            401528 t_run_test (/home/koga/autobench_perf/src/autobench/aifftr01_lite)
   aifftr01_lite 77579 [005] 2603099.636966:      76614 cpu/event=0xD0,umask=0x82/u:            400b62 t_run_test (/home/koga/autobench_perf/src/autobench/aifftr01_lite)
   aifftr01_lite 77579 [005] 2603099.636996:     109810 cpu/event=0x3C,umask=0x00/u:            400ca9 t_run_test (/home/koga/autobench_perf/src/autobench/aifftr01_lite)
   aifftr01_lite 77579 [005] 2603099.637006:        101 cpu/event=0xC5,umask=0x00/u:            400ebc t_run_test (/home/koga/autobench_perf/src/autobench/aifftr01_lite)
   aifftr01_lite 77579 [005] 2603099.637022:     278930 cpu/event=0xC0,umask=0x00/u:            401155 t_run_test (/home/koga/autobench_perf/src/autobench/aifftr01_lite)
   aifftr01_lite 77579 [005] 2603099.637034:      74273 cpu/event=0xD0,umask=0x81/u:            4010be t_run_test (/home/koga/autobench_perf/src/autobench/aifftr01_lite)
   aifftr01_lite 77579 [005] 2603099.637065:      76443 cpu/event=0xD0,umask=0x82/u:            401585 t_run_test (/home/koga/autobench_perf/src/autobench/aifftr01_lite)
   aifftr01_lite 77579 [005] 2603099.637095:     110573 cpu/event=0x3C,umask=0x00/u:            4014f2 t_run_test (/home/koga/autobench_perf/src/autobench/aifftr01_lite)
   aifftr01_lite 77579 [005] 2603099.637116:        101 cpu/event=0xC5,umask=0x00/u:            400dad t_run_test (/home/koga/autobench_perf/src/autobench/aifftr01_lite)
   aifftr01_lite 77579 [005] 2603099.637121:     279406 cpu/event=0xC0,umask=0x00/u:            400d1e t_run_test (/home/koga/autobench_perf/src/autobench/aifftr01_lite)
   aifftr01_lite 77579 [005] 2603099.637133:      74356 cpu/event=0xD0,umask=0x81/u:            400c96 t_run_test (/home/koga/autobench_perf/src/autobench/aifftr01_lite)
   aifftr01_lite 77579 [005] 2603099.637163:      76534 cpu/event=0xD0,umask=0x82/u:            401155 t_run_test (/home/koga/autobench_perf/src/autobench/aifftr01_lite)
   aifftr01_lite 77579 [005] 2603099.637194:     110720 cpu/event=0x3C,umask=0x00/u:            40114f t_run_test (/home/koga/autobench_perf/src/autobench/aifftr01_lite)
   aifftr01_lite 77579 [005] 2603099.637215:        101 cpu/event=0xC5,umask=0x00/u:            4014d6 t_run_test (/home/koga/autobench_perf/src/autobench/aifftr01_lite)
   aifftr01_lite 77579 [005] 2603099.637220:     279720 cpu/event=0xC0,umask=0x00/u:            40157e t_run_test (/home/koga/autobench_perf/src/autobench/aifftr01_lite)
   aifftr01_lite 77579 [005] 2603099.637232:      74463 cpu/event=0xD0,umask=0x81/u:            40150d t_run_test (/home/koga/autobench_perf/src/autobench/aifftr01_lite)
   aifftr01_lite 77579 [005] 2603099.637262:      76697 cpu/event=0xD0,umask=0x82/u:            400d30 t_run_test (/home/koga/autobench_perf/src/autobench/aifftr01_lite)
   aifftr01_lite 77579 [005] 2603099.637293:     110820 cpu/event=0x3C,umask=0x00/u:            400f3f t_run_test (/home/koga/autobench_perf/src/autobench/aifftr01_lite)
   aifftr01_lite 77579 [005] 2603099.637315:     280041 cpu/event=0xC0,umask=0x00/u:            401135 t_run_test (/home/koga/autobench_perf/src/autobench/aifftr01_lite)
   aifftr01_lite 77579 [005] 2603099.637323:        101 cpu/event=0xC5,umask=0x00/u:            4011ed t_run_test (/home/koga/autobench_perf/src/autobench/aifftr01_lite)
   aifftr01_lite 77579 [005] 2603099.637331:      74567 cpu/event=0xD0,umask=0x81/u:            4010e4 t_run_test (/home/koga/autobench_perf/src/autobench/aifftr01_lite)
   aifftr01_lite 77579 [005] 2603099.637361:      76871 cpu/event=0xD0,umask=0x82/u:            401571 t_run_test (/home/koga/autobench_perf/src/autobench/aifftr01_lite)
   aifftr01_lite 77579 [005] 2603099.637393:     110916 cpu/event=0x3C,umask=0x00/u:            400911 GetInputValues (/home/koga/autobench_perf/src/autobench/aifftr01_lite)
   aifftr01_lite 77579 [005] 2603099.637413:     282236 cpu/event=0xC0,umask=0x00/u:            400cf7 t_run_test (/home/koga/autobench_perf/src/autobench/aifftr01_lite)
   aifftr01_lite 77579 [005] 2603099.637425:      74688 cpu/event=0xD0,umask=0x81/u:            400d30 t_run_test (/home/koga/autobench_perf/src/autobench/aifftr01_lite)
   aifftr01_lite 77579 [005] 2603099.637438:        101 cpu/event=0xC5,umask=0x00/u:            400ebc t_run_test (/home/koga/autobench_perf/src/autobench/aifftr01_lite)
   aifftr01_lite 77579 [005] 2603099.637459:      76965 cpu/event=0xD0,umask=0x82/u:            4010ec t_run_test (/home/koga/autobench_perf/src/autobench/aifftr01_lite)
   aifftr01_lite 77579 [005] 2603099.637493:     110962 cpu/event=0x3C,umask=0x00/u:            4013e3 t_run_test (/home/koga/autobench_perf/src/autobench/aifftr01_lite)
   aifftr01_lite 77579 [005] 2603099.637513:     282640 cpu/event=0xC0,umask=0x00/u:            401566 t_run_test (/home/koga/autobench_perf/src/autobench/aifftr01_lite)
   aifftr01_lite 77579 [005] 2603099.637523:      75273 cpu/event=0xD0,umask=0x81/u:            401538 t_run_test (/home/koga/autobench_perf/src/autobench/aifftr01_lite)
   aifftr01_lite 77579 [005] 2603099.637546:        101 cpu/event=0xC5,umask=0x00/u:            400db3 t_run_test (/home/koga/autobench_perf/src/autobench/aifftr01_lite)
   aifftr01_lite 77579 [005] 2603099.637559:      77096 cpu/event=0xD0,umask=0x82/u:            400d0f t_run_test (/home/koga/autobench_perf/src/autobench/aifftr01_lite)
   aifftr01_lite 77579 [005] 2603099.637592:     111031 cpu/event=0x3C,umask=0x00/u:            401144 t_run_test (/home/koga/autobench_perf/src/autobench/aifftr01_lite)
   aifftr01_lite 77579 [005] 2603099.637613:     282781 cpu/event=0xC0,umask=0x00/u:            401141 t_run_test (/home/koga/autobench_perf/src/autobench/aifftr01_lite)
   aifftr01_lite 77579 [005] 2603099.637623:      75395 cpu/event=0xD0,umask=0x81/u:            4010d2 t_run_test (/home/koga/autobench_perf/src/autobench/aifftr01_lite)
   aifftr01_lite 77579 [005] 2603099.637649:        101 cpu/event=0xC5,umask=0x00/u:            4014ce t_run_test (/home/koga/autobench_perf/src/autobench/aifftr01_lite)
   aifftr01_lite 77579 [005] 2603099.637658:      77131 cpu/event=0xD0,umask=0x82/u:            40156d t_run_test (/home/koga/autobench_perf/src/autobench/aifftr01_lite)
   aifftr01_lite 77579 [005] 2603099.637692:     111082 cpu/event=0x3C,umask=0x00/u:            400d03 t_run_test (/home/koga/autobench_perf/src/autobench/aifftr01_lite)
   aifftr01_lite 77579 [005] 2603099.637712:     282815 cpu/event=0xC0,umask=0x00/u:            400cc9 t_run_test (/home/koga/autobench_perf/src/autobench/aifftr01_lite)
   aifftr01_lite 77579 [005] 2603099.637722:      75462 cpu/event=0xD0,umask=0x81/u:            400d3a t_run_test (/home/koga/autobench_perf/src/autobench/aifftr01_lite)
   aifftr01_lite 77579 [005] 2603099.637752:      77246 cpu/event=0xD0,umask=0x82/u:            401155 t_run_test (/home/koga/autobench_perf/src/autobench/aifftr01_lite)
   aifftr01_lite 77579 [005] 2603099.637757:        101 cpu/event=0xC5,umask=0x00/u:            4010b6 t_run_test (/home/koga/autobench_perf/src/autobench/aifftr01_lite)
   aifftr01_lite 77579 [005] 2603099.637792:     111095 cpu/event=0x3C,umask=0x00/u:            40154f t_run_test (/home/koga/autobench_perf/src/autobench/aifftr01_lite)
   aifftr01_lite 77579 [005] 2603099.637812:     282976 cpu/event=0xC0,umask=0x00/u:            40153f t_run_test (/home/koga/autobench_perf/src/autobench/aifftr01_lite)
   aifftr01_lite 77579 [005] 2603099.637821:      75577 cpu/event=0xD0,umask=0x81/u:            401571 t_run_test (/home/koga/autobench_perf/src/autobench/aifftr01_lite)
   aifftr01_lite 77579 [005] 2603099.637851:      77817 cpu/event=0xD0,umask=0x82/u:            400d28 t_run_test (/home/koga/autobench_perf/src/autobench/aifftr01_lite)
   aifftr01_lite 77579 [005] 2603099.637868:        101 cpu/event=0xC5,umask=0x00/u:            400ebc t_run_test (/home/koga/autobench_perf/src/autobench/aifftr01_lite)
   aifftr01_lite 77579 [005] 2603099.637892:     111123 cpu/event=0x3C,umask=0x00/u:            40116d t_run_test (/home/koga/autobench_perf/src/autobench/aifftr01_lite)
   aifftr01_lite 77579 [005] 2603099.637912:     283060 cpu/event=0xC0,umask=0x00/u:            401139 t_run_test (/home/koga/autobench_perf/src/autobench/aifftr01_lite)
   aifftr01_lite 77579 [005] 2603099.637921:      75674 cpu/event=0xD0,umask=0x81/u:            40090d GetInputValues (/home/koga/autobench_perf/src/autobench/aifftr01_lite)
   aifftr01_lite 77579 [005] 2603099.637951:      77920 cpu/event=0xD0,umask=0x82/u:            401525 t_run_test (/home/koga/autobench_perf/src/autobench/aifftr01_lite)
   aifftr01_lite 77579 [005] 2603099.637979:        101 cpu/event=0xC5,umask=0x00/u:            400cc5 t_run_test (/home/koga/autobench_perf/src/autobench/aifftr01_lite)
   aifftr01_lite 77579 [005] 2603099.637992:     111134 cpu/event=0x3C,umask=0x00/u:            400d25 t_run_test (/home/koga/autobench_perf/src/autobench/aifftr01_lite)
   aifftr01_lite 77579 [005] 2603099.638011:     283172 cpu/event=0xC0,umask=0x00/u:            400f09 t_run_test (/home/koga/autobench_perf/src/autobench/aifftr01_lite)
   aifftr01_lite 77579 [005] 2603099.638022:      75616 cpu/event=0xD0,umask=0x81/u:            401135 t_run_test (/home/koga/autobench_perf/src/autobench/aifftr01_lite)
   aifftr01_lite 77579 [005] 2603099.638050:      77966 cpu/event=0xD0,umask=0x82/u:            4011ed t_run_test (/home/koga/autobench_perf/src/autobench/aifftr01_lite)
   aifftr01_lite 77579 [005] 2603099.638088:     111117 cpu/event=0x3C,umask=0x00/u:            401566 t_run_test (/home/koga/autobench_perf/src/autobench/aifftr01_lite)
   aifftr01_lite 77579 [005] 2603099.638101:        101 cpu/event=0xC5,umask=0x00/u:            401609 t_run_test (/home/koga/autobench_perf/src/autobench/aifftr01_lite)
   aifftr01_lite 77579 [005] 2603099.638111:     283546 cpu/event=0xC0,umask=0x00/u:            40090d GetInputValues (/home/koga/autobench_perf/src/autobench/aifftr01_lite)
   aifftr01_lite 77579 [005] 2603099.638122:      75561 cpu/event=0xD0,umask=0x81/u:            400d41 t_run_test (/home/koga/autobench_perf/src/autobench/aifftr01_lite)
   aifftr01_lite 77579 [005] 2603099.638151:      78005 cpu/event=0xD0,umask=0x82/u:            400d00 t_run_test (/home/koga/autobench_perf/src/autobench/aifftr01_lite)
   aifftr01_lite 77579 [005] 2603099.638187:     111756 cpu/event=0x3C,umask=0x00/u:            40116a t_run_test (/home/koga/autobench_perf/src/autobench/aifftr01_lite)
   aifftr01_lite 77579 [005] 2603099.638200:        100 cpu/event=0xC5,umask=0x00/u:            401375 t_run_test (/home/koga/autobench_perf/src/autobench/aifftr01_lite)
   aifftr01_lite 77579 [005] 2603099.638212:     283666 cpu/event=0xC0,umask=0x00/u:            401511 t_run_test (/home/koga/autobench_perf/src/autobench/aifftr01_lite)
   aifftr01_lite 77579 [005] 2603099.638223:      75506 cpu/event=0xD0,umask=0x81/u:            40154f t_run_test (/home/koga/autobench_perf/src/autobench/aifftr01_lite)
   aifftr01_lite 77579 [005] 2603099.638253:      77954 cpu/event=0xD0,umask=0x82/u:            400904 GetInputValues (/home/koga/autobench_perf/src/autobench/aifftr01_lite)
   aifftr01_lite 77579 [005] 2603099.638288:     111785 cpu/event=0x3C,umask=0x00/u:            400c96 t_run_test (/home/koga/autobench_perf/src/autobench/aifftr01_lite)
   aifftr01_lite 77579 [005] 2603099.638307:     283252 cpu/event=0xC0,umask=0x00/u:            401122 t_run_test (/home/koga/autobench_perf/src/autobench/aifftr01_lite)
   aifftr01_lite 77579 [005] 2603099.638317:        101 cpu/event=0xC5,umask=0x00/u:            4010b6 t_run_test (/home/koga/autobench_perf/src/autobench/aifftr01_lite)
   aifftr01_lite 77579 [005] 2603099.638324:      75431 cpu/event=0xD0,umask=0x81/u:            401135 t_run_test (/home/koga/autobench_perf/src/autobench/aifftr01_lite)
   aifftr01_lite 77579 [005] 2603099.638355:      77714 cpu/event=0xD0,umask=0x82/u:            401577 t_run_test (/home/koga/autobench_perf/src/autobench/aifftr01_lite)
   aifftr01_lite 77579 [005] 2603099.638388:     111739 cpu/event=0x3C,umask=0x00/u:            401710 t_run_test (/home/koga/autobench_perf/src/autobench/aifftr01_lite)
   aifftr01_lite 77579 [005] 2603099.638408:     284832 cpu/event=0xC0,umask=0x00/u:            400d22 t_run_test (/home/koga/autobench_perf/src/autobench/aifftr01_lite)
   aifftr01_lite 77579 [005] 2603099.638420:      75352 cpu/event=0xD0,umask=0x81/u:            400d1a t_run_test (/home/koga/autobench_perf/src/autobench/aifftr01_lite)
   aifftr01_lite 77579 [005] 2603099.638439:        100 cpu/event=0xC5,umask=0x00/u:            400ebc t_run_test (/home/koga/autobench_perf/src/autobench/aifftr01_lite)
   aifftr01_lite 77579 [005] 2603099.638454:      77543 cpu/event=0xD0,umask=0x82/u:            40110f t_run_test (/home/koga/autobench_perf/src/autobench/aifftr01_lite)
   aifftr01_lite 77579 [005] 2603099.638488:     111669 cpu/event=0x3C,umask=0x00/u:            400900 GetInputValues (/home/koga/autobench_perf/src/autobench/aifftr01_lite)
   aifftr01_lite 77579 [005] 2603099.638508:     284807 cpu/event=0xC0,umask=0x00/u:            401549 t_run_test (/home/koga/autobench_perf/src/autobench/aifftr01_lite)
   aifftr01_lite 77579 [005] 2603099.638519:      75787 cpu/event=0xD0,umask=0x81/u:            401571 t_run_test (/home/koga/autobench_perf/src/autobench/aifftr01_lite)
   aifftr01_lite 77579 [005] 2603099.638545:         99 cpu/event=0xC5,umask=0x00/u:            400daa t_run_test (/home/koga/autobench_perf/src/autobench/aifftr01_lite)
   aifftr01_lite 77579 [005] 2603099.638553:      77633 cpu/event=0xD0,umask=0x82/u:            400d16 t_run_test (/home/koga/autobench_perf/src/autobench/aifftr01_lite)
   aifftr01_lite 77579 [005] 2603099.638589:     111638 cpu/event=0x3C,umask=0x00/u:            4010e8 t_run_test (/home/koga/autobench_perf/src/autobench/aifftr01_lite)
   aifftr01_lite 77579 [005] 2603099.638608:     284793 cpu/event=0xC0,umask=0x00/u:            401104 t_run_test (/home/koga/autobench_perf/src/autobench/aifftr01_lite)
   aifftr01_lite 77579 [005] 2603099.638619:      75842 cpu/event=0xD0,umask=0x81/u:            4010f3 t_run_test (/home/koga/autobench_perf/src/autobench/aifftr01_lite)
   aifftr01_lite 77579 [005] 2603099.638648:         99 cpu/event=0xC5,umask=0x00/u:            4014b2 t_run_test (/home/koga/autobench_perf/src/autobench/aifftr01_lite)
   aifftr01_lite 77579 [005] 2603099.638653:      77701 cpu/event=0xD0,umask=0x82/u:            401549 t_run_test (/home/koga/autobench_perf/src/autobench/aifftr01_lite)
   aifftr01_lite 77579 [005] 2603099.638689:     111620 cpu/event=0x3C,umask=0x00/u:            400d12 t_run_test (/home/koga/autobench_perf/src/autobench/aifftr01_lite)
   aifftr01_lite 77579 [005] 2603099.638707:     284752 cpu/event=0xC0,umask=0x00/u:            400d30 t_run_test (/home/koga/autobench_perf/src/autobench/aifftr01_lite)
   aifftr01_lite 77579 [005] 2603099.638718:      75888 cpu/event=0xD0,umask=0x81/u:            400cc0 t_run_test (/home/koga/autobench_perf/src/autobench/aifftr01_lite)
   aifftr01_lite 77579 [005] 2603099.638747:         99 cpu/event=0xC5,umask=0x00/u:            4010ec t_run_test (/home/koga/autobench_perf/src/autobench/aifftr01_lite)
   aifftr01_lite 77579 [005] 2603099.638752:      77743 cpu/event=0xD0,umask=0x82/u:            40114f t_run_test (/home/koga/autobench_perf/src/autobench/aifftr01_lite)
   aifftr01_lite 77579 [005] 2603099.638789:     111592 cpu/event=0x3C,umask=0x00/u:            401511 t_run_test (/home/koga/autobench_perf/src/autobench/aifftr01_lite)
   aifftr01_lite 77579 [005] 2603099.638808:     284820 cpu/event=0xC0,umask=0x00/u:            401511 t_run_test (/home/koga/autobench_perf/src/autobench/aifftr01_lite)
   aifftr01_lite 77579 [005] 2603099.638817:      75969 cpu/event=0xD0,umask=0x81/u:            4015bd t_run_test (/home/koga/autobench_perf/src/autobench/aifftr01_lite)
   aifftr01_lite 77579 [005] 2603099.638847:      77816 cpu/event=0xD0,umask=0x82/u:            400d4b t_run_test (/home/koga/autobench_perf/src/autobench/aifftr01_lite)
   aifftr01_lite 77579 [005] 2603099.638861:         99 cpu/event=0xC5,umask=0x00/u:            400c51 t_run_test (/home/koga/autobench_perf/src/autobench/aifftr01_lite)
   aifftr01_lite 77579 [005] 2603099.638889:     111548 cpu/event=0x3C,umask=0x00/u:            40111e t_run_test (/home/koga/autobench_perf/src/autobench/aifftr01_lite)
   aifftr01_lite 77579 [005] 2603099.638908:     284803 cpu/event=0xC0,umask=0x00/u:            401186 t_run_test (/home/koga/autobench_perf/src/autobench/aifftr01_lite)
   aifftr01_lite 77579 [005] 2603099.638916:      76049 cpu/event=0xD0,umask=0x81/u:            4012d5 t_run_test (/home/koga/autobench_perf/src/autobench/aifftr01_lite)
   aifftr01_lite 77579 [005] 2603099.638947:      78355 cpu/event=0xD0,umask=0x82/u:            4014d6 t_run_test (/home/koga/autobench_perf/src/autobench/aifftr01_lite)
   aifftr01_lite 77579 [005] 2603099.638973:         99 cpu/event=0xC5,umask=0x00/u:            400daa t_run_test (/home/koga/autobench_perf/src/autobench/aifftr01_lite)
   aifftr01_lite 77579 [005] 2603099.638990:     111548 cpu/event=0x3C,umask=0x00/u:            400ccd t_run_test (/home/koga/autobench_perf/src/autobench/aifftr01_lite)
   aifftr01_lite 77579 [005] 2603099.639008:     284783 cpu/event=0xC0,umask=0x00/u:            400d12 t_run_test (/home/koga/autobench_perf/src/autobench/aifftr01_lite)
   aifftr01_lite 77579 [005] 2603099.639029:      75937 cpu/event=0xD0,umask=0x81/u:            400f88 t_run_test (/home/koga/autobench_perf/src/autobench/aifftr01_lite)
   aifftr01_lite 77579 [005] 2603099.639058:      78189 cpu/event=0xD0,umask=0x82/u:            401144 t_run_test (/home/koga/autobench_perf/src/autobench/aifftr01_lite)
   aifftr01_lite 77579 [005] 2603099.639087:         99 cpu/event=0xC5,umask=0x00/u:            4014de t_run_test (/home/koga/autobench_perf/src/autobench/aifftr01_lite)
   aifftr01_lite 77579 [005] 2603099.639100:     111284 cpu/event=0x3C,umask=0x00/u:            401538 t_run_test (/home/koga/autobench_perf/src/autobench/aifftr01_lite)
   aifftr01_lite 77579 [005] 2603099.639119:     284020 cpu/event=0xC0,umask=0x00/u:            401775 t_run_test (/home/koga/autobench_perf/src/autobench/aifftr01_lite)
   aifftr01_lite 77579 [005] 2603099.639131:      74824 cpu/event=0xD0,umask=0x81/u:            400d30 t_run_test (/home/koga/autobench_perf/src/autobench/aifftr01_lite)
   aifftr01_lite 77579 [005] 2603099.639159:      77193 cpu/event=0xD0,umask=0x82/u:            400cc9 t_run_test (/home/koga/autobench_perf/src/autobench/aifftr01_lite)
   aifftr01_lite 77579 [005] 2603099.639196:     110013 cpu/event=0x3C,umask=0x00/u:            40112d t_run_test (/home/koga/autobench_perf/src/autobench/aifftr01_lite)
   aifftr01_lite 77579 [005] 2603099.639200:         99 cpu/event=0xC5,umask=0x00/u:            4010b6 t_run_test (/home/koga/autobench_perf/src/autobench/aifftr01_lite)
   aifftr01_lite 77579 [005] 2603099.639222:     280611 cpu/event=0xC0,umask=0x00/u:            4013f1 t_run_test (/home/koga/autobench_perf/src/autobench/aifftr01_lite)
   aifftr01_lite 77579 [005] 2603099.639231:      74682 cpu/event=0xD0,umask=0x81/u:            401571 t_run_test (/home/koga/autobench_perf/src/autobench/aifftr01_lite)
   aifftr01_lite 77579 [005] 2603099.639259:      77092 cpu/event=0xD0,umask=0x82/u:            401511 t_run_test (/home/koga/autobench_perf/src/autobench/aifftr01_lite)
   aifftr01_lite 77579 [005] 2603099.639295:     110618 cpu/event=0x3C,umask=0x00/u:            400cae t_run_test (/home/koga/autobench_perf/src/autobench/aifftr01_lite)
   aifftr01_lite 77579 [005] 2603099.639308:         99 cpu/event=0xC5,umask=0x00/u:            400eec t_run_test (/home/koga/autobench_perf/src/autobench/aifftr01_lite)
   aifftr01_lite 77579 [005] 2603099.639320:     279608 cpu/event=0xC0,umask=0x00/u:            4010fb t_run_test (/home/koga/autobench_perf/src/autobench/aifftr01_lite)
   aifftr01_lite 77579 [005] 2603099.639331:      74640 cpu/event=0xD0,umask=0x81/u:            401144 t_run_test (/home/koga/autobench_perf/src/autobench/aifftr01_lite)
   aifftr01_lite 77579 [005] 2603099.639360:      77064 cpu/event=0xD0,umask=0x82/u:            400908 GetInputValues (/home/koga/autobench_perf/src/autobench/aifftr01_lite)
   aifftr01_lite 77579 [005] 2603099.639394:     110765 cpu/event=0x3C,umask=0x00/u:            40158f t_run_test (/home/koga/autobench_perf/src/autobench/aifftr01_lite)
   aifftr01_lite 77579 [005] 2603099.639415:     280105 cpu/event=0xC0,umask=0x00/u:            400d0c t_run_test (/home/koga/autobench_perf/src/autobench/aifftr01_lite)
   aifftr01_lite 77579 [005] 2603099.639425:         99 cpu/event=0xC5,umask=0x00/u:            400da2 t_run_test (/home/koga/autobench_perf/src/autobench/aifftr01_lite)
   aifftr01_lite 77579 [005] 2603099.639430:      74675 cpu/event=0xD0,umask=0x81/u:            400d28 t_run_test (/home/koga/autobench_perf/src/autobench/aifftr01_lite)
   aifftr01_lite 77579 [005] 2603099.639461:      77006 cpu/event=0xD0,umask=0x82/u:            400fcf t_run_test (/home/koga/autobench_perf/src/autobench/aifftr01_lite)
   aifftr01_lite 77579 [005] 2603099.639494:     110838 cpu/event=0x3C,umask=0x00/u:            4010a0 t_run_test (/home/koga/autobench_perf/src/autobench/aifftr01_lite)
   aifftr01_lite 77579 [005] 2603099.639513:     282178 cpu/event=0xC0,umask=0x00/u:            401511 t_run_test (/home/koga/autobench_perf/src/autobench/aifftr01_lite)
   aifftr01_lite 77579 [005] 2603099.639525:      74763 cpu/event=0xD0,umask=0x81/u:            4014ee t_run_test (/home/koga/autobench_perf/src/autobench/aifftr01_lite)
   aifftr01_lite 77579 [005] 2603099.639545:         98 cpu/event=0xC5,umask=0x00/u:            4016fa t_run_test (/home/koga/autobench_perf/src/autobench/aifftr01_lite)
   aifftr01_lite 77579 [005] 2603099.639559:      76911 cpu/event=0xD0,umask=0x82/u:            400d41 t_run_test (/home/koga/autobench_perf/src/autobench/aifftr01_lite)
   aifftr01_lite 77579 [005] 2603099.639593:     110899 cpu/event=0x3C,umask=0x00/u:            400f09 t_run_test (/home/koga/autobench_perf/src/autobench/aifftr01_lite)
   aifftr01_lite 77579 [005] 2603099.639613:     282605 cpu/event=0xC0,umask=0x00/u:            40112d t_run_test (/home/koga/autobench_perf/src/autobench/aifftr01_lite)
   aifftr01_lite 77579 [005] 2603099.639624:      75270 cpu/event=0xD0,umask=0x81/u:            4010f6 t_run_test (/home/koga/autobench_perf/src/autobench/aifftr01_lite)
   aifftr01_lite 77579 [005] 2603099.639644:         97 cpu/event=0xC5,umask=0x00/u:            401375 t_run_test (/home/koga/autobench_perf/src/autobench/aifftr01_lite)
   aifftr01_lite 77579 [005] 2603099.639658:      77049 cpu/event=0xD0,umask=0x82/u:            401574 t_run_test (/home/koga/autobench_perf/src/autobench/aifftr01_lite)
   aifftr01_lite 77579 [005] 2603099.639693:     110966 cpu/event=0x3C,umask=0x00/u:            40090d GetInputValues (/home/koga/autobench_perf/src/autobench/aifftr01_lite)
   aifftr01_lite 77579 [005] 2603099.639713:     282791 cpu/event=0xC0,umask=0x00/u:            400d51 t_run_test (/home/koga/autobench_perf/src/autobench/aifftr01_lite)
   aifftr01_lite 77579 [005] 2603099.639724:      75361 cpu/event=0xD0,umask=0x81/u:            400d41 t_run_test (/home/koga/autobench_perf/src/autobench/aifftr01_lite)
   aifftr01_lite 77579 [005] 2603099.639751:         98 cpu/event=0xC5,umask=0x00/u:            4010b6 t_run_test (/home/koga/autobench_perf/src/autobench/aifftr01_lite)
   aifftr01_lite 77579 [005] 2603099.639758:      77154 cpu/event=0xD0,umask=0x82/u:            40116d t_run_test (/home/koga/autobench_perf/src/autobench/aifftr01_lite)
   aifftr01_lite 77579 [005] 2603099.639792:     111024 cpu/event=0x3C,umask=0x00/u:            4013a2 t_run_test (/home/koga/autobench_perf/src/autobench/aifftr01_lite)
   aifftr01_lite 77579 [005] 2603099.639813:     282876 cpu/event=0xC0,umask=0x00/u:            40158c t_run_test (/home/koga/autobench_perf/src/autobench/aifftr01_lite)
   aifftr01_lite 77579 [005] 2603099.639823:      75399 cpu/event=0xD0,umask=0x81/u:            40156a t_run_test (/home/koga/autobench_perf/src/autobench/aifftr01_lite)
   aifftr01_lite 77579 [005] 2603099.639853:      77205 cpu/event=0xD0,umask=0x82/u:            400ccd t_run_test (/home/koga/autobench_perf/src/autobench/aifftr01_lite)
   aifftr01_lite 77579 [005] 2603099.639860:         98 cpu/event=0xC5,umask=0x00/u:            400db3 t_run_test (/home/koga/autobench_perf/src/autobench/aifftr01_lite)
   aifftr01_lite 77579 [005] 2603099.639892:     111063 cpu/event=0x3C,umask=0x00/u:            40114b t_run_test (/home/koga/autobench_perf/src/autobench/aifftr01_lite)
   aifftr01_lite 77579 [005] 2603099.639913:     282880 cpu/event=0xC0,umask=0x00/u:            4011a4 t_run_test (/home/koga/autobench_perf/src/autobench/aifftr01_lite)
   aifftr01_lite 77579 [005] 2603099.639923:      75438 cpu/event=0xD0,umask=0x81/u:            40111e t_run_test (/home/koga/autobench_perf/src/autobench/aifftr01_lite)
   aifftr01_lite 77579 [005] 2603099.639952:      77740 cpu/event=0xD0,umask=0x82/u:            40156d t_run_test (/home/koga/autobench_perf/src/autobench/aifftr01_lite)
   aifftr01_lite 77579 [005] 2603099.639975:         98 cpu/event=0xC5,umask=0x00/u:            4016fa t_run_test (/home/koga/autobench_perf/src/autobench/aifftr01_lite)
   aifftr01_lite 77579 [005] 2603099.639992:     111098 cpu/event=0x3C,umask=0x00/u:            400cf7 t_run_test (/home/koga/autobench_perf/src/autobench/aifftr01_lite)
   aifftr01_lite 77579 [005] 2603099.640012:     282888 cpu/event=0xC0,umask=0x00/u:            400d4b t_run_test (/home/koga/autobench_perf/src/autobench/aifftr01_lite)
   aifftr01_lite 77579 [005] 2603099.640021:      75485 cpu/event=0xD0,umask=0x81/u:            400cd3 t_run_test (/home/koga/autobench_perf/src/autobench/aifftr01_lite)
   aifftr01_lite 77579 [005] 2603099.640051:      77796 cpu/event=0xD0,umask=0x82/u:            401155 t_run_test (/home/koga/autobench_perf/src/autobench/aifftr01_lite)
   aifftr01_lite 77579 [005] 2603099.640072:         98 cpu/event=0xC5,umask=0x00/u:            40130e t_run_test (/home/koga/autobench_perf/src/autobench/aifftr01_lite)
   aifftr01_lite 77579 [005] 2603099.640092:     111111 cpu/event=0x3C,umask=0x00/u:            401520 t_run_test (/home/koga/autobench_perf/src/autobench/aifftr01_lite)
   aifftr01_lite 77579 [005] 2603099.640111:     283106 cpu/event=0xC0,umask=0x00/u:            401571 t_run_test (/home/koga/autobench_perf/src/autobench/aifftr01_lite)
   aifftr01_lite 77579 [005] 2603099.640120:      75611 cpu/event=0xD0,umask=0x81/u:            40155f t_run_test (/home/koga/autobench_perf/src/autobench/aifftr01_lite)
   aifftr01_lite 77579 [005] 2603099.640150:      77887 cpu/event=0xD0,umask=0x82/u:            400d0f t_run_test (/home/koga/autobench_perf/src/autobench/aifftr01_lite)
   aifftr01_lite 77579 [005] 2603099.640180:         99 cpu/event=0xC5,umask=0x00/u:            4010be t_run_test (/home/koga/autobench_perf/src/autobench/aifftr01_lite)
   aifftr01_lite 77579 [005] 2603099.640192:     111139 cpu/event=0x3C,umask=0x00/u:            4010f0 t_run_test (/home/koga/autobench_perf/src/autobench/aifftr01_lite)
   aifftr01_lite 77579 [005] 2603099.640211:     283368 cpu/event=0xC0,umask=0x00/u:            401155 t_run_test (/home/koga/autobench_perf/src/autobench/aifftr01_lite)
   aifftr01_lite 77579 [005] 2603099.640220:      75747 cpu/event=0xD0,umask=0x81/u:            40132b t_run_test (/home/koga/autobench_perf/src/autobench/aifftr01_lite)
   aifftr01_lite 77579 [005] 2603099.640250:      77963 cpu/event=0xD0,umask=0x82/u:            401505 t_run_test (/home/koga/autobench_perf/src/autobench/aifftr01_lite)
   aifftr01_lite 77579 [005] 2603099.640284:         99 cpu/event=0xC5,umask=0x00/u:            400daa t_run_test (/home/koga/autobench_perf/src/autobench/aifftr01_lite)
   aifftr01_lite 77579 [005] 2603099.640292:     111128 cpu/event=0x3C,umask=0x00/u:            400d3a t_run_test (/home/koga/autobench_perf/src/autobench/aifftr01_lite)
   aifftr01_lite 77579 [005] 2603099.640311:     283418 cpu/event=0xC0,umask=0x00/u:            400eb9 t_run_test (/home/koga/autobench_perf/src/autobench/aifftr01_lite)
   aifftr01_lite 77579 [005] 2603099.640323:      75776 cpu/event=0xD0,umask=0x81/u:            400fc1 t_run_test (/home/koga/autobench_perf/src/autobench/aifftr01_lite)
   aifftr01_lite 77579 [005] 2603099.640351:      77972 cpu/event=0xD0,umask=0x82/u:            401117 t_run_test (/home/koga/autobench_perf/src/autobench/aifftr01_lite)
   aifftr01_lite 77579 [005] 2603099.640388:     111151 cpu/event=0x3C,umask=0x00/u:            401557 t_run_test (/home/koga/autobench_perf/src/autobench/aifftr01_lite)
   aifftr01_lite 77579 [005] 2603099.640404:         99 cpu/event=0xC5,umask=0x00/u:            4016fa t_run_test (/home/koga/autobench_perf/src/autobench/aifftr01_lite)
   aifftr01_lite 77579 [005] 2603099.640411:     283305 cpu/event=0xC0,umask=0x00/u:            401775 t_run_test (/home/koga/autobench_perf/src/autobench/aifftr01_lite)
   aifftr01_lite 77579 [005] 2603099.640424:      75505 cpu/event=0xD0,umask=0x81/u:            400d3d t_run_test (/home/koga/autobench_perf/src/autobench/aifftr01_lite)
   aifftr01_lite 77579 [005] 2603099.640452:      77892 cpu/event=0xD0,umask=0x82/u:            400d1e t_run_test (/home/koga/autobench_perf/src/autobench/aifftr01_lite)
   aifftr01_lite 77579 [005] 2603099.640487:     111770 cpu/event=0x3C,umask=0x00/u:            4010e4 t_run_test (/home/koga/autobench_perf/src/autobench/aifftr01_lite)
   aifftr01_lite 77579 [005] 2603099.640508:     283599 cpu/event=0xC0,umask=0x00/u:            401517 t_run_test (/home/koga/autobench_perf/src/autobench/aifftr01_lite)
   aifftr01_lite 77579 [005] 2603099.640518:         98 cpu/event=0xC5,umask=0x00/u:            4015ee t_run_test (/home/koga/autobench_perf/src/autobench/aifftr01_lite)
   aifftr01_lite 77579 [005] 2603099.640524:      75412 cpu/event=0xD0,umask=0x81/u:            401511 t_run_test (/home/koga/autobench_perf/src/autobench/aifftr01_lite)
   aifftr01_lite 77579 [005] 2603099.640552:      77829 cpu/event=0xD0,umask=0x82/u:            401778 t_run_test (/home/koga/autobench_perf/src/autobench/aifftr01_lite)
   aifftr01_lite 77579 [005] 2603099.640587:     111812 cpu/event=0x3C,umask=0x00/u:            400cc9 t_run_test (/home/koga/autobench_perf/src/autobench/aifftr01_lite)
   aifftr01_lite 77579 [005] 2603099.640608:     284514 cpu/event=0xC0,umask=0x00/u:            4010f0 t_run_test (/home/koga/autobench_perf/src/autobench/aifftr01_lite)
   aifftr01_lite 77579 [005] 2603099.640620:      75398 cpu/event=0xD0,umask=0x81/u:            4010f0 t_run_test (/home/koga/autobench_perf/src/autobench/aifftr01_lite)
   aifftr01_lite 77579 [005] 2603099.640625:         98 cpu/event=0xC5,umask=0x00/u:            4011bc t_run_test (/home/koga/autobench_perf/src/autobench/aifftr01_lite)
   aifftr01_lite 77579 [005] 2603099.640656:      77789 cpu/event=0xD0,umask=0x82/u:            4013e3 t_run_test (/home/koga/autobench_perf/src/autobench/aifftr01_lite)
   aifftr01_lite 77579 [005] 2603099.640688:     111796 cpu/event=0x3C,umask=0x00/u:            401520 t_run_test (/home/koga/autobench_perf/src/autobench/aifftr01_lite)
   aifftr01_lite 77579 [005] 2603099.640709:     284557 cpu/event=0xC0,umask=0x00/u:            400cf0 t_run_test (/home/koga/autobench_perf/src/autobench/aifftr01_lite)
   aifftr01_lite 77579 [005] 2603099.640720:      75733 cpu/event=0xD0,umask=0x81/u:            400ccd t_run_test (/home/koga/autobench_perf/src/autobench/aifftr01_lite)
   aifftr01_lite 77579 [005] 2603099.640740:         98 cpu/event=0xC5,umask=0x00/u:            400ebc t_run_test (/home/koga/autobench_perf/src/autobench/aifftr01_lite)
   aifftr01_lite 77579 [005] 2603099.640755:      77479 cpu/event=0xD0,umask=0x82/u:            401182 t_run_test (/home/koga/autobench_perf/src/autobench/aifftr01_lite)
   aifftr01_lite 77579 [005] 2603099.640788:     111717 cpu/event=0x3C,umask=0x00/u:            401349 t_run_test (/home/koga/autobench_perf/src/autobench/aifftr01_lite)
   aifftr01_lite 77579 [005] 2603099.640809:     284362 cpu/event=0xC0,umask=0x00/u:            401538 t_run_test (/home/koga/autobench_perf/src/autobench/aifftr01_lite)
   aifftr01_lite 77579 [005] 2603099.640820:      75723 cpu/event=0xD0,umask=0x81/u:            401574 t_run_test (/home/koga/autobench_perf/src/autobench/aifftr01_lite)
   aifftr01_lite 77579 [005] 2603099.640844:         98 cpu/event=0xC5,umask=0x00/u:            400ba3 t_run_test (/home/koga/autobench_perf/src/autobench/aifftr01_lite)
   aifftr01_lite 77579 [005] 2603099.640855:      77539 cpu/event=0xD0,umask=0x82/u:            400d30 t_run_test (/home/koga/autobench_perf/src/autobench/aifftr01_lite)
   aifftr01_lite 77579 [005] 2603099.640888:     111688 cpu/event=0x3C,umask=0x00/u:            400900 GetInputValues (/home/koga/autobench_perf/src/autobench/aifftr01_lite)
   aifftr01_lite 77579 [005] 2603099.640909:     284315 cpu/event=0xC0,umask=0x00/u:            40114f t_run_test (/home/koga/autobench_perf/src/autobench/aifftr01_lite)
   aifftr01_lite 77579 [005] 2603099.640921:      75727 cpu/event=0xD0,umask=0x81/u:            401166 t_run_test (/home/koga/autobench_perf/src/autobench/aifftr01_lite)
   aifftr01_lite 77579 [005] 2603099.640948:         98 cpu/event=0xC5,umask=0x00/u:            4014d6 t_run_test (/home/koga/autobench_perf/src/autobench/aifftr01_lite)
   aifftr01_lite 77579 [005] 2603099.640954:      77552 cpu/event=0xD0,umask=0x82/u:            40153f t_run_test (/home/koga/autobench_perf/src/autobench/aifftr01_lite)
   aifftr01_lite 77579 [005] 2603099.640989:     111665 cpu/event=0x3C,umask=0x00/u:            400d03 t_run_test (/home/koga/autobench_perf/src/autobench/aifftr01_lite)
   aifftr01_lite 77579 [005] 2603099.641009:     284091 cpu/event=0xC0,umask=0x00/u:            400cd0 t_run_test (/home/koga/autobench_perf/src/autobench/aifftr01_lite)
   aifftr01_lite 77579 [005] 2603099.641020:      75710 cpu/event=0xD0,umask=0x81/u:            400d0c t_run_test (/home/koga/autobench_perf/src/autobench/aifftr01_lite)
   aifftr01_lite 77579 [005] 2603099.641049:      77599 cpu/event=0xD0,umask=0x82/u:            401144 t_run_test (/home/koga/autobench_perf/src/autobench/aifftr01_lite)
   aifftr01_lite 77579 [005] 2603099.641060:         98 cpu/event=0xC5,umask=0x00/u:            4011ed t_run_test (/home/koga/autobench_perf/src/autobench/aifftr01_lite)
   aifftr01_lite 77579 [005] 2603099.641089:     111632 cpu/event=0x3C,umask=0x00/u:            401509 t_run_test (/home/koga/autobench_perf/src/autobench/aifftr01_lite)
   aifftr01_lite 77579 [005] 2603099.641109:     284243 cpu/event=0xC0,umask=0x00/u:            401585 t_run_test (/home/koga/autobench_perf/src/autobench/aifftr01_lite)
   aifftr01_lite 77579 [005] 2603099.641119:      75805 cpu/event=0xD0,umask=0x81/u:            40156d t_run_test (/home/koga/autobench_perf/src/autobench/aifftr01_lite)
   aifftr01_lite 77579 [005] 2603099.641148:      78144 cpu/event=0xD0,umask=0x82/u:            400ce4 t_run_test (/home/koga/autobench_perf/src/autobench/aifftr01_lite)
   aifftr01_lite 77579 [005] 2603099.641168:         98 cpu/event=0xC5,umask=0x00/u:            400db3 t_run_test (/home/koga/autobench_perf/src/autobench/aifftr01_lite)
   aifftr01_lite 77579 [005] 2603099.641189:     111609 cpu/event=0x3C,umask=0x00/u:            401139 t_run_test (/home/koga/autobench_perf/src/autobench/aifftr01_lite)
   aifftr01_lite 77579 [005] 2603099.641209:     284150 cpu/event=0xC0,umask=0x00/u:            401166 t_run_test (/home/koga/autobench_perf/src/autobench/aifftr01_lite)
   aifftr01_lite 77579 [005] 2603099.641218:      75867 cpu/event=0xD0,umask=0x81/u:            401122 t_run_test (/home/koga/autobench_perf/src/autobench/aifftr01_lite)
   aifftr01_lite 77579 [005] 2603099.641248:      78197 cpu/event=0xD0,umask=0x82/u:            40157e t_run_test (/home/koga/autobench_perf/src/autobench/aifftr01_lite)
   aifftr01_lite 77579 [005] 2603099.641273:         98 cpu/event=0xC5,umask=0x00/u:            400bfe t_run_test (/home/koga/autobench_perf/src/autobench/aifftr01_lite)
   aifftr01_lite 77579 [005] 2603099.641289:     111600 cpu/event=0x3C,umask=0x00/u:            400d41 t_run_test (/home/koga/autobench_perf/src/autobench/aifftr01_lite)
   aifftr01_lite 77579 [005] 2603099.641309:     284192 cpu/event=0xC0,umask=0x00/u:            400da2 t_run_test (/home/koga/autobench_perf/src/autobench/aifftr01_lite)
   aifftr01_lite 77579 [005] 2603099.641319:      75948 cpu/event=0xD0,umask=0x81/u:            400911 GetInputValues (/home/koga/autobench_perf/src/autobench/aifftr01_lite)
   aifftr01_lite 77579 [005] 2603099.641348:      78210 cpu/event=0xD0,umask=0x82/u:            40111e t_run_test (/home/koga/autobench_perf/src/autobench/aifftr01_lite)
   aifftr01_lite 77579 [005] 2603099.641378:         98 cpu/event=0xC5,umask=0x00/u:            401520 t_run_test (/home/koga/autobench_perf/src/autobench/aifftr01_lite)
   aifftr01_lite 77579 [005] 2603099.641389:     111520 cpu/event=0x3C,umask=0x00/u:            40150d t_run_test (/home/koga/autobench_perf/src/autobench/aifftr01_lite)
   aifftr01_lite 77579 [005] 2603099.641409:     284117 cpu/event=0xC0,umask=0x00/u:            401714 t_run_test (/home/koga/autobench_perf/src/autobench/aifftr01_lite)
   aifftr01_lite 77579 [005] 2603099.641421:      75895 cpu/event=0xD0,umask=0x81/u:            400d0c t_run_test (/home/koga/autobench_perf/src/autobench/aifftr01_lite)
   aifftr01_lite 77579 [005] 2603099.641449:      78203 cpu/event=0xD0,umask=0x82/u:            400d30 t_run_test (/home/koga/autobench_perf/src/autobench/aifftr01_lite)
   aifftr01_lite 77579 [005] 2603099.641485:     111523 cpu/event=0x3C,umask=0x00/u:            401144 t_run_test (/home/koga/autobench_perf/src/autobench/aifftr01_lite)
   aifftr01_lite 77579 [005] 2603099.641501:         98 cpu/event=0xC5,umask=0x00/u:            4012de t_run_test (/home/koga/autobench_perf/src/autobench/aifftr01_lite)
   aifftr01_lite 77579 [005] 2603099.641510:     284173 cpu/event=0xC0,umask=0x00/u:            400900 GetInputValues (/home/koga/autobench_perf/src/autobench/aifftr01_lite)
   aifftr01_lite 77579 [005] 2603099.641522:      75715 cpu/event=0xD0,umask=0x81/u:            40150d t_run_test (/home/koga/autobench_perf/src/autobench/aifftr01_lite)
   aifftr01_lite 77579 [005] 2603099.641549:      78180 cpu/event=0xD0,umask=0x82/u:            40155f t_run_test (/home/koga/autobench_perf/src/autobench/aifftr01_lite)
   aifftr01_lite 77579 [005] 2603099.641585:     112117 cpu/event=0x3C,umask=0x00/u:            400c96 t_run_test (/home/koga/autobench_perf/src/autobench/aifftr01_lite)
   aifftr01_lite 77579 [005] 2603099.641602:         97 cpu/event=0xC5,umask=0x00/u:            400f80 t_run_test (/home/koga/autobench_perf/src/autobench/aifftr01_lite)
   aifftr01_lite 77579 [005] 2603099.641610:     284036 cpu/event=0xC0,umask=0x00/u:            4010e0 t_run_test (/home/koga/autobench_perf/src/autobench/aifftr01_lite)
   aifftr01_lite 77579 [005] 2603099.641623:      75615 cpu/event=0xD0,umask=0x81/u:            401155 t_run_test (/home/koga/autobench_perf/src/autobench/aifftr01_lite)
   aifftr01_lite 77579 [005] 2603099.641652:      78123 cpu/event=0xD0,umask=0x82/u:            400904 GetInputValues (/home/koga/autobench_perf/src/autobench/aifftr01_lite)
   aifftr01_lite 77579 [005] 2603099.641686:     112122 cpu/event=0x3C,umask=0x00/u:            4015cb t_run_test (/home/koga/autobench_perf/src/autobench/aifftr01_lite)
   aifftr01_lite 77579 [005] 2603099.641706:     283705 cpu/event=0xC0,umask=0x00/u:            400d36 t_run_test (/home/koga/autobench_perf/src/autobench/aifftr01_lite)
   aifftr01_lite 77579 [005] 2603099.641718:         97 cpu/event=0xC5,umask=0x00/u:            400c96 t_run_test (/home/koga/autobench_perf/src/autobench/aifftr01_lite)
   aifftr01_lite 77579 [005] 2603099.641723:      75526 cpu/event=0xD0,umask=0x81/u:            400c96 t_run_test (/home/koga/autobench_perf/src/autobench/aifftr01_lite)
   aifftr01_lite 77579 [005] 2603099.641753:      77866 cpu/event=0xD0,umask=0x82/u:            4010f6 t_run_test (/home/koga/autobench_perf/src/autobench/aifftr01_lite)
   aifftr01_lite 77579 [005] 2603099.641787:     112018 cpu/event=0x3C,umask=0x00/u:            4012c5 t_run_test (/home/koga/autobench_perf/src/autobench/aifftr01_lite)
   aifftr01_lite 77579 [005] 2603099.641806:     285385 cpu/event=0xC0,umask=0x00/u:            40153f t_run_test (/home/koga/autobench_perf/src/autobench/aifftr01_lite)
   aifftr01_lite 77579 [005] 2603099.641819:      75495 cpu/event=0xD0,umask=0x81/u:            40153f t_run_test (/home/koga/autobench_perf/src/autobench/aifftr01_lite)
   aifftr01_lite 77579 [005] 2603099.641837:         97 cpu/event=0xC5,umask=0x00/u:            4016fa t_run_test (/home/koga/autobench_perf/src/autobench/aifftr01_lite)
   aifftr01_lite 77579 [005] 2603099.641853:      77752 cpu/event=0xD0,umask=0x82/u:            400d36 t_run_test (/home/koga/autobench_perf/src/autobench/aifftr01_lite)
   aifftr01_lite 77579 [005] 2603099.641887:     111937 cpu/event=0x3C,umask=0x00/u:            400911 GetInputValues (/home/koga/autobench_perf/src/autobench/aifftr01_lite)
   aifftr01_lite 77579 [005] 2603099.641906:     285378 cpu/event=0xC0,umask=0x00/u:            401155 t_run_test (/home/koga/autobench_perf/src/autobench/aifftr01_lite)
   aifftr01_lite 77579 [005] 2603099.641918:      75922 cpu/event=0xD0,umask=0x81/u:            401152 t_run_test (/home/koga/autobench_perf/src/autobench/aifftr01_lite)
   aifftr01_lite 77579 [005] 2603099.641934:         96 cpu/event=0xC5,umask=0x00/u:            40130e t_run_test (/home/koga/autobench_perf/src/autobench/aifftr01_lite)
   aifftr01_lite 77579 [005] 2603099.641952:      77800 cpu/event=0xD0,umask=0x82/u:            401563 t_run_test (/home/koga/autobench_perf/src/autobench/aifftr01_lite)
   aifftr01_lite 77579 [005] 2603099.641987:     111889 cpu/event=0x3C,umask=0x00/u:            400ce4 t_run_test (/home/koga/autobench_perf/src/autobench/aifftr01_lite)
   aifftr01_lite 77579 [005] 2603099.642006:     285222 cpu/event=0xC0,umask=0x00/u:            400d30 t_run_test (/home/koga/autobench_perf/src/autobench/aifftr01_lite)
   aifftr01_lite 77579 [005] 2603099.642018:      75966 cpu/event=0xD0,umask=0x81/u:            400cc5 t_run_test (/home/koga/autobench_perf/src/autobench/aifftr01_lite)
   aifftr01_lite 77579 [005] 2603099.642044:         97 cpu/event=0xC5,umask=0x00/u:            4011d2 t_run_test (/home/koga/autobench_perf/src/autobench/aifftr01_lite)
   aifftr01_lite 77579 [005] 2603099.642052:      77843 cpu/event=0xD0,umask=0x82/u:            401141 t_run_test (/home/koga/autobench_perf/src/autobench/aifftr01_lite)
   aifftr01_lite 77579 [005] 2603099.642088:     111827 cpu/event=0x3C,umask=0x00/u:            401574 t_run_test (/home/koga/autobench_perf/src/autobench/aifftr01_lite)
   aifftr01_lite 77579 [005] 2603099.642107:     285226 cpu/event=0xC0,umask=0x00/u:            40150d t_run_test (/home/koga/autobench_perf/src/autobench/aifftr01_lite)
   aifftr01_lite 77579 [005] 2603099.642118:      76034 cpu/event=0xD0,umask=0x81/u:            40156a t_run_test (/home/koga/autobench_perf/src/autobench/aifftr01_lite)
   aifftr01_lite 77579 [005] 2603099.642145:         97 cpu/event=0xC5,umask=0x00/u:            400cd3 t_run_test (/home/koga/autobench_perf/src/autobench/aifftr01_lite)
   aifftr01_lite 77579 [005] 2603099.642152:      77820 cpu/event=0xD0,umask=0x82/u:            400d1a t_run_test (/home/koga/autobench_perf/src/autobench/aifftr01_lite)
   aifftr01_lite 77579 [005] 2603099.642188:     111763 cpu/event=0x3C,umask=0x00/u:            40112d t_run_test (/home/koga/autobench_perf/src/autobench/aifftr01_lite)
   aifftr01_lite 77579 [005] 2603099.642207:     284956 cpu/event=0xC0,umask=0x00/u:            401152 t_run_test (/home/koga/autobench_perf/src/autobench/aifftr01_lite)
   aifftr01_lite 77579 [005] 2603099.642217:      76028 cpu/event=0xD0,umask=0x81/u:            40116a t_run_test (/home/koga/autobench_perf/src/autobench/aifftr01_lite)
   aifftr01_lite 77579 [005] 2603099.642247:      77892 cpu/event=0xD0,umask=0x82/u:            401528 t_run_test (/home/koga/autobench_perf/src/autobench/aifftr01_lite)
   aifftr01_lite 77579 [005] 2603099.642256:         97 cpu/event=0xC5,umask=0x00/u:            40160f t_run_test (/home/koga/autobench_perf/src/autobench/aifftr01_lite)
   aifftr01_lite 77579 [005] 2603099.642289:     111715 cpu/event=0x3C,umask=0x00/u:            400ccd t_run_test (/home/koga/autobench_perf/src/autobench/aifftr01_lite)
   aifftr01_lite 77579 [005] 2603099.642308:     284977 cpu/event=0xC0,umask=0x00/u:            400c96 t_run_test (/home/koga/autobench_perf/src/autobench/aifftr01_lite)
   aifftr01_lite 77579 [005] 2603099.642317:      76117 cpu/event=0xD0,umask=0x81/u:            400f09 t_run_test (/home/koga/autobench_perf/src/autobench/aifftr01_lite)
   aifftr01_lite 77579 [005] 2603099.642347:      78363 cpu/event=0xD0,umask=0x82/u:            40116d t_run_test (/home/koga/autobench_perf/src/autobench/aifftr01_lite)
   aifftr01_lite 77579 [005] 2603099.642351:         97 cpu/event=0xC5,umask=0x00/u:            4011bc t_run_test (/home/koga/autobench_perf/src/autobench/aifftr01_lite)
   aifftr01_lite 77579 [005] 2603099.642389:     111659 cpu/event=0x3C,umask=0x00/u:            4014d6 t_run_test (/home/koga/autobench_perf/src/autobench/aifftr01_lite)
   aifftr01_lite 77579 [005] 2603099.642408:     284731 cpu/event=0xC0,umask=0x00/u:            4016ec t_run_test (/home/koga/autobench_perf/src/autobench/aifftr01_lite)
   aifftr01_lite 77579 [005] 2603099.642420:      76081 cpu/event=0xD0,umask=0x81/u:            400baa t_run_test (/home/koga/autobench_perf/src/autobench/aifftr01_lite)
   aifftr01_lite 77579 [005] 2603099.642447:      78402 cpu/event=0xD0,umask=0x82/u:            400ccd t_run_test (/home/koga/autobench_perf/src/autobench/aifftr01_lite)
   aifftr01_lite 77579 [005] 2603099.642459:         98 cpu/event=0xC5,umask=0x00/u:            400ebc t_run_test (/home/koga/autobench_perf/src/autobench/aifftr01_lite)
   aifftr01_lite 77579 [005] 2603099.642489:     111612 cpu/event=0x3C,umask=0x00/u:            4010f0 t_run_test (/home/koga/autobench_perf/src/autobench/aifftr01_lite)
   aifftr01_lite 77579 [005] 2603099.642507:     284643 cpu/event=0xC0,umask=0x00/u:            401359 t_run_test (/home/koga/autobench_perf/src/autobench/aifftr01_lite)
   aifftr01_lite 77579 [005] 2603099.642521:      75851 cpu/event=0xD0,umask=0x81/u:            40157e t_run_test (/home/koga/autobench_perf/src/autobench/aifftr01_lite)
   aifftr01_lite 77579 [005] 2603099.642548:      78337 cpu/event=0xD0,umask=0x82/u:            40155f t_run_test (/home/koga/autobench_perf/src/autobench/aifftr01_lite)
   aifftr01_lite 77579 [005] 2603099.642573:         98 cpu/event=0xC5,umask=0x00/u:            400c96 t_run_test (/home/koga/autobench_perf/src/autobench/aifftr01_lite)
   aifftr01_lite 77579 [005] 2603099.642590:     111564 cpu/event=0x3C,umask=0x00/u:            400d6c t_run_test (/home/koga/autobench_perf/src/autobench/aifftr01_lite)
   aifftr01_lite 77579 [005] 2603099.642610:     284856 cpu/event=0xC0,umask=0x00/u:            401163 t_run_test (/home/koga/autobench_perf/src/autobench/aifftr01_lite)
   aifftr01_lite 77579 [005] 2603099.642622:      75748 cpu/event=0xD0,umask=0x81/u:            401144 t_run_test (/home/koga/autobench_perf/src/autobench/aifftr01_lite)
   aifftr01_lite 77579 [005] 2603099.642650:      78253 cpu/event=0xD0,umask=0x82/u:            40135c t_run_test (/home/koga/autobench_perf/src/autobench/aifftr01_lite)
   aifftr01_lite 77579 [005] 2603099.642686:     111520 cpu/event=0x3C,umask=0x00/u:            40154f t_run_test (/home/koga/autobench_perf/src/autobench/aifftr01_lite)
   aifftr01_lite 77579 [005] 2603099.642694:         98 cpu/event=0xC5,umask=0x00/u:            4016fa t_run_test (/home/koga/autobench_perf/src/autobench/aifftr01_lite)
   aifftr01_lite 77579 [005] 2603099.642710:     284065 cpu/event=0xC0,umask=0x00/u:            400cc5 t_run_test (/home/koga/autobench_perf/src/autobench/aifftr01_lite)
   aifftr01_lite 77579 [005] 2603099.642723:      75623 cpu/event=0xD0,umask=0x81/u:            400cdf t_run_test (/home/koga/autobench_perf/src/autobench/aifftr01_lite)
   aifftr01_lite 77579 [005] 2603099.642753:      78104 cpu/event=0xD0,umask=0x82/u:            4010e0 t_run_test (/home/koga/autobench_perf/src/autobench/aifftr01_lite)
   aifftr01_lite 77579 [005] 2603099.642786:     112100 cpu/event=0x3C,umask=0x00/u:            4010ec t_run_test (/home/koga/autobench_perf/src/autobench/aifftr01_lite)
   aifftr01_lite 77579 [005] 2603099.642792:         97 cpu/event=0xC5,umask=0x00/u:            40130e t_run_test (/home/koga/autobench_perf/src/autobench/aifftr01_lite)
   aifftr01_lite 77579 [005] 2603099.642810:     284005 cpu/event=0xC0,umask=0x00/u:            401511 t_run_test (/home/koga/autobench_perf/src/autobench/aifftr01_lite)
   aifftr01_lite 77579 [005] 2603099.642823:      75578 cpu/event=0xD0,umask=0x81/u:            40156a t_run_test (/home/koga/autobench_perf/src/autobench/aifftr01_lite)
   aifftr01_lite 77579 [005] 2603099.642853:      77823 cpu/event=0xD0,umask=0x82/u:            400ce4 t_run_test (/home/koga/autobench_perf/src/autobench/aifftr01_lite)
   aifftr01_lite 77579 [005] 2603099.642886:     112084 cpu/event=0x3C,umask=0x00/u:            400908 GetInputValues (/home/koga/autobench_perf/src/autobench/aifftr01_lite)
   aifftr01_lite 77579 [005] 2603099.642895:         98 cpu/event=0xC5,umask=0x00/u:            400fde t_run_test (/home/koga/autobench_perf/src/autobench/aifftr01_lite)
   aifftr01_lite 77579 [005] 2603099.642910:     283952 cpu/event=0xC0,umask=0x00/u:            40112d t_run_test (/home/koga/autobench_perf/src/autobench/aifftr01_lite)
   aifftr01_lite 77579 [005] 2603099.642922:      75544 cpu/event=0xD0,umask=0x81/u:            40115c t_run_test (/home/koga/autobench_perf/src/autobench/aifftr01_lite)
   aifftr01_lite 77579 [005] 2603099.642952:      77854 cpu/event=0xD0,umask=0x82/u:            4015a9 t_run_test (/home/koga/autobench_perf/src/autobench/aifftr01_lite)
   aifftr01_lite 77579 [005] 2603099.642987:     112028 cpu/event=0x3C,umask=0x00/u:            400ba3 t_run_test (/home/koga/autobench_perf/src/autobench/aifftr01_lite)
   aifftr01_lite 77579 [005] 2603099.643003:         98 cpu/event=0xC5,umask=0x00/u:            400c96 t_run_test (/home/koga/autobench_perf/src/autobench/aifftr01_lite)
   aifftr01_lite 77579 [005] 2603099.643010:     283943 cpu/event=0xC0,umask=0x00/u:            400d25 t_run_test (/home/koga/autobench_perf/src/autobench/aifftr01_lite)
   aifftr01_lite 77579 [005] 2603099.643031:      75579 cpu/event=0xD0,umask=0x81/u:            400cc5 t_run_test (/home/koga/autobench_perf/src/autobench/aifftr01_lite)
   aifftr01_lite 77579 [005] 2603099.643063:      77896 cpu/event=0xD0,umask=0x82/u:            401127 t_run_test (/home/koga/autobench_perf/src/autobench/aifftr01_lite)
   aifftr01_lite 77579 [005] 2603099.643097:     111903 cpu/event=0x3C,umask=0x00/u:            401574 t_run_test (/home/koga/autobench_perf/src/autobench/aifftr01_lite)
   aifftr01_lite 77579 [005] 2603099.643117:     283915 cpu/event=0xC0,umask=0x00/u:            40157e t_run_test (/home/koga/autobench_perf/src/autobench/aifftr01_lite)
   aifftr01_lite 77579 [005] 2603099.643128:      74809 cpu/event=0xD0,umask=0x81/u:            401544 t_run_test (/home/koga/autobench_perf/src/autobench/aifftr01_lite)
   aifftr01_lite 77579 [005] 2603099.643138:         98 cpu/event=0xC5,umask=0x00/u:            4016fa t_run_test (/home/koga/autobench_perf/src/autobench/aifftr01_lite)
   aifftr01_lite 77579 [005] 2603099.643163:      76949 cpu/event=0xD0,umask=0x82/u:            400da5 t_run_test (/home/koga/autobench_perf/src/autobench/aifftr01_lite)
   aifftr01_lite 77579 [005] 2603099.643197:     110644 cpu/event=0x3C,umask=0x00/u:            401163 t_run_test (/home/koga/autobench_perf/src/autobench/aifftr01_lite)
   aifftr01_lite 77579 [005] 2603099.643217:     281577 cpu/event=0xC0,umask=0x00/u:            401122 t_run_test (/home/koga/autobench_perf/src/autobench/aifftr01_lite)
   aifftr01_lite 77579 [005] 2603099.643227:      75109 cpu/event=0xD0,umask=0x81/u:            4010ff t_run_test (/home/koga/autobench_perf/src/autobench/aifftr01_lite)
   aifftr01_lite 77579 [005] 2603099.643236:         96 cpu/event=0xC5,umask=0x00/u:            4012de t_run_test (/home/koga/autobench_perf/src/autobench/aifftr01_lite)
   aifftr01_lite 77579 [005] 2603099.643262:      76925 cpu/event=0xD0,umask=0x82/u:            401557 t_run_test (/home/koga/autobench_perf/src/autobench/aifftr01_lite)
   aifftr01_lite 77579 [005] 2603099.643297:     110566 cpu/event=0x3C,umask=0x00/u:            400cc0 t_run_test (/home/koga/autobench_perf/src/autobench/aifftr01_lite)
   aifftr01_lite 77579 [005] 2603099.643316:     281535 cpu/event=0xC0,umask=0x00/u:            400cf3 t_run_test (/home/koga/autobench_perf/src/autobench/aifftr01_lite)
   aifftr01_lite 77579 [005] 2603099.643325:      75224 cpu/event=0xD0,umask=0x81/u:            400d0c t_run_test (/home/koga/autobench_perf/src/autobench/aifftr01_lite)
   aifftr01_lite 77579 [005] 2603099.643332:         97 cpu/event=0xC5,umask=0x00/u:            400ebc t_run_test (/home/koga/autobench_perf/src/autobench/aifftr01_lite)
   aifftr01_lite 77579 [005] 2603099.643360:      77030 cpu/event=0xD0,umask=0x82/u:            4010e8 t_run_test (/home/koga/autobench_perf/src/autobench/aifftr01_lite)
   aifftr01_lite 77579 [005] 2603099.643396:     110604 cpu/event=0x3C,umask=0x00/u:            401571 t_run_test (/home/koga/autobench_perf/src/autobench/aifftr01_lite)
   aifftr01_lite 77579 [005] 2603099.643416:     281804 cpu/event=0xC0,umask=0x00/u:            401577 t_run_test (/home/koga/autobench_perf/src/autobench/aifftr01_lite)
   aifftr01_lite 77579 [005] 2603099.643425:      75367 cpu/event=0xD0,umask=0x81/u:            4016fa t_run_test (/home/koga/autobench_perf/src/autobench/aifftr01_lite)
   aifftr01_lite 77579 [005] 2603099.643435:         98 cpu/event=0xC5,umask=0x00/u:            400ba3 t_run_test (/home/koga/autobench_perf/src/autobench/aifftr01_lite)
   aifftr01_lite 77579 [005] 2603099.643460:      77164 cpu/event=0xD0,umask=0x82/u:            400ccd t_run_test (/home/koga/autobench_perf/src/autobench/aifftr01_lite)
   aifftr01_lite 77579 [005] 2603099.643496:     110710 cpu/event=0x3C,umask=0x00/u:            40116d t_run_test (/home/koga/autobench_perf/src/autobench/aifftr01_lite)
   aifftr01_lite 77579 [005] 2603099.643515:     282057 cpu/event=0xC0,umask=0x00/u:            40112d t_run_test (/home/koga/autobench_perf/src/autobench/aifftr01_lite)
   aifftr01_lite 77579 [005] 2603099.643527:      75444 cpu/event=0xD0,umask=0x81/u:            4013aa t_run_test (/home/koga/autobench_perf/src/autobench/aifftr01_lite)
   aifftr01_lite 77579 [005] 2603099.643537:         98 cpu/event=0xC5,umask=0x00/u:            4014de t_run_test (/home/koga/autobench_perf/src/autobench/aifftr01_lite)
   aifftr01_lite 77579 [005] 2603099.643559:      77249 cpu/event=0xD0,umask=0x82/u:            4014d6 t_run_test (/home/koga/autobench_perf/src/autobench/aifftr01_lite)
   aifftr01_lite 77579 [005] 2603099.643595:     110781 cpu/event=0x3C,umask=0x00/u:            400cf3 t_run_test (/home/koga/autobench_perf/src/autobench/aifftr01_lite)
   aifftr01_lite 77579 [005] 2603099.643614:     282153 cpu/event=0xC0,umask=0x00/u:            400ef7 t_run_test (/home/koga/autobench_perf/src/autobench/aifftr01_lite)
   aifftr01_lite 77579 [005] 2603099.643627:      75263 cpu/event=0xD0,umask=0x81/u:            401135 t_run_test (/home/koga/autobench_perf/src/autobench/aifftr01_lite)
   aifftr01_lite 77579 [005] 2603099.643642:         98 cpu/event=0xC5,umask=0x00/u:            4010a9 t_run_test (/home/koga/autobench_perf/src/autobench/aifftr01_lite)
   aifftr01_lite 77579 [005] 2603099.643659:      77320 cpu/event=0xD0,umask=0x82/u:            4011b5 t_run_test (/home/koga/autobench_perf/src/autobench/aifftr01_lite)
   aifftr01_lite 77579 [005] 2603099.643695:     110839 cpu/event=0x3C,umask=0x00/u:            401533 t_run_test (/home/koga/autobench_perf/src/autobench/aifftr01_lite)
   aifftr01_lite 77579 [005] 2603099.643714:     282510 cpu/event=0xC0,umask=0x00/u:            400904 GetInputValues (/home/koga/autobench_perf/src/autobench/aifftr01_lite)
   aifftr01_lite 77579 [005] 2603099.643727:      75266 cpu/event=0xD0,umask=0x81/u:            400ce4 t_run_test (/home/koga/autobench_perf/src/autobench/aifftr01_lite)
   aifftr01_lite 77579 [005] 2603099.643754:      77347 cpu/event=0xD0,umask=0x82/u:            400cc9 t_run_test (/home/koga/autobench_perf/src/autobench/aifftr01_lite)
   aifftr01_lite 77579 [005] 2603099.643760:         98 cpu/event=0xC5,umask=0x00/u:            400eae t_run_test (/home/koga/autobench_perf/src/autobench/aifftr01_lite)
   aifftr01_lite 77579 [005] 2603099.643794:     110893 cpu/event=0x3C,umask=0x00/u:            401163 t_run_test (/home/koga/autobench_perf/src/autobench/aifftr01_lite)
   aifftr01_lite 77579 [005] 2603099.643815:     282529 cpu/event=0xC0,umask=0x00/u:            40158f t_run_test (/home/koga/autobench_perf/src/autobench/aifftr01_lite)
   aifftr01_lite 77579 [005] 2603099.643828:      75233 cpu/event=0xD0,umask=0x81/u:            401577 t_run_test (/home/koga/autobench_perf/src/autobench/aifftr01_lite)
   aifftr01_lite 77579 [005] 2603099.643854:      77792 cpu/event=0xD0,umask=0x82/u:            401747 t_run_test (/home/koga/autobench_perf/src/autobench/aifftr01_lite)
   aifftr01_lite 77579 [005] 2603099.643869:         97 cpu/event=0xC5,umask=0x00/u:            400c96 t_run_test (/home/koga/autobench_perf/src/autobench/aifftr01_lite)
   aifftr01_lite 77579 [005] 2603099.643894:     110954 cpu/event=0x3C,umask=0x00/u:            400cf3 t_run_test (/home/koga/autobench_perf/src/autobench/aifftr01_lite)
   aifftr01_lite 77579 [005] 2603099.643915:     282232 cpu/event=0xC0,umask=0x00/u:            4010ec t_run_test (/home/koga/autobench_perf/src/autobench/aifftr01_lite)
   aifftr01_lite 77579 [005] 2603099.643928:      75177 cpu/event=0xD0,umask=0x81/u:            40116d t_run_test (/home/koga/autobench_perf/src/autobench/aifftr01_lite)
   aifftr01_lite 77579 [005] 2603099.643958:      77778 cpu/event=0xD0,umask=0x82/u:            4013e3 t_run_test (/home/koga/autobench_perf/src/autobench/aifftr01_lite)
   aifftr01_lite 77579 [005] 2603099.643969:         97 cpu/event=0xC5,umask=0x00/u:            4014d6 t_run_test (/home/koga/autobench_perf/src/autobench/aifftr01_lite)
   aifftr01_lite 77579 [005] 2603099.643994:     110974 cpu/event=0x3C,umask=0x00/u:            401571 t_run_test (/home/koga/autobench_perf/src/autobench/aifftr01_lite)
   aifftr01_lite 77579 [005] 2603099.644015:     282378 cpu/event=0xC0,umask=0x00/u:            400ccd t_run_test (/home/koga/autobench_perf/src/autobench/aifftr01_lite)
   aifftr01_lite 77579 [005] 2603099.644028:      75158 cpu/event=0xD0,umask=0x81/u:            400d3a t_run_test (/home/koga/autobench_perf/src/autobench/aifftr01_lite)
   aifftr01_lite 77579 [005] 2603099.644057:      77483 cpu/event=0xD0,umask=0x82/u:            40114b t_run_test (/home/koga/autobench_perf/src/autobench/aifftr01_lite)
   aifftr01_lite 77579 [005] 2603099.644068:         97 cpu/event=0xC5,umask=0x00/u:            4011d2 t_run_test (/home/koga/autobench_perf/src/autobench/aifftr01_lite)
   aifftr01_lite 77579 [005] 2603099.644094:     111018 cpu/event=0x3C,umask=0x00/u:            4012fb t_run_test (/home/koga/autobench_perf/src/autobench/aifftr01_lite)
   aifftr01_lite 77579 [005] 2603099.644115:     282401 cpu/event=0xC0,umask=0x00/u:            401585 t_run_test (/home/koga/autobench_perf/src/autobench/aifftr01_lite)
   aifftr01_lite 77579 [005] 2603099.644128:      75153 cpu/event=0xD0,umask=0x81/u:            4014ce t_run_test (/home/koga/autobench_perf/src/autobench/aifftr01_lite)
   aifftr01_lite 77579 [005] 2603099.644157:      77494 cpu/event=0xD0,umask=0x82/u:            400d28 t_run_test (/home/koga/autobench_perf/src/autobench/aifftr01_lite)
   aifftr01_lite 77579 [005] 2603099.644185:         97 cpu/event=0xC5,umask=0x00/u:            400dee t_run_test (/home/koga/autobench_perf/src/autobench/aifftr01_lite)
   aifftr01_lite 77579 [005] 2603099.644193:     111069 cpu/event=0x3C,umask=0x00/u:            400904 GetInputValues (/home/koga/autobench_perf/src/autobench/aifftr01_lite)
   aifftr01_lite 77579 [005] 2603099.644214:     282330 cpu/event=0xC0,umask=0x00/u:            401107 t_run_test (/home/koga/autobench_perf/src/autobench/aifftr01_lite)
   aifftr01_lite 77579 [005] 2603099.644226:      75179 cpu/event=0xD0,umask=0x81/u:            4010f6 t_run_test (/home/koga/autobench_perf/src/autobench/aifftr01_lite)
   aifftr01_lite 77579 [005] 2603099.644256:      77580 cpu/event=0xD0,umask=0x82/u:            401585 t_run_test (/home/koga/autobench_perf/src/autobench/aifftr01_lite)
   aifftr01_lite 77579 [005] 2603099.644284:         97 cpu/event=0xC5,umask=0x00/u:            40176f t_run_test (/home/koga/autobench_perf/src/autobench/aifftr01_lite)
   aifftr01_lite 77579 [005] 2603099.644293:     111115 cpu/event=0x3C,umask=0x00/u:            400b86 t_run_test (/home/koga/autobench_perf/src/autobench/aifftr01_lite)
   aifftr01_lite 77579 [005] 2603099.644314:     282656 cpu/event=0xC0,umask=0x00/u:            400ccd t_run_test (/home/koga/autobench_perf/src/autobench/aifftr01_lite)
   aifftr01_lite 77579 [005] 2603099.644325:      75293 cpu/event=0xD0,umask=0x81/u:            400d0f t_run_test (/home/koga/autobench_perf/src/autobench/aifftr01_lite)
   aifftr01_lite 77579 [005] 2603099.644355:      77651 cpu/event=0xD0,umask=0x82/u:            401127 t_run_test (/home/koga/autobench_perf/src/autobench/aifftr01_lite)
   aifftr01_lite 77579 [005] 2603099.644387:         97 cpu/event=0xC5,umask=0x00/u:            401400 t_run_test (/home/koga/autobench_perf/src/autobench/aifftr01_lite)
   aifftr01_lite 77579 [005] 2603099.644393:     111145 cpu/event=0x3C,umask=0x00/u:            401525 t_run_test (/home/koga/autobench_perf/src/autobench/aifftr01_lite)
   aifftr01_lite 77579 [005] 2603099.644413:     282803 cpu/event=0xC0,umask=0x00/u:            401553 t_run_test (/home/koga/autobench_perf/src/autobench/aifftr01_lite)
   aifftr01_lite 77579 [005] 2603099.644424:      75398 cpu/event=0xD0,umask=0x81/u:            40156d t_run_test (/home/koga/autobench_perf/src/autobench/aifftr01_lite)
   aifftr01_lite 77579 [005] 2603099.644455:      77700 cpu/event=0xD0,umask=0x82/u:            400cd6 t_run_test (/home/koga/autobench_perf/src/autobench/aifftr01_lite)
   aifftr01_lite 77579 [005] 2603099.644489:     111142 cpu/event=0x3C,umask=0x00/u:            4010f6 t_run_test (/home/koga/autobench_perf/src/autobench/aifftr01_lite)
   aifftr01_lite 77579 [005] 2603099.644496:         97 cpu/event=0xC5,umask=0x00/u:            40104b t_run_test (/home/koga/autobench_perf/src/autobench/aifftr01_lite)
   aifftr01_lite 77579 [005] 2603099.644513:     282936 cpu/event=0xC0,umask=0x00/u:            4010ec t_run_test (/home/koga/autobench_perf/src/autobench/aifftr01_lite)
   aifftr01_lite 77579 [005] 2603099.644523:      75498 cpu/event=0xD0,umask=0x81/u:            4011af t_run_test (/home/koga/autobench_perf/src/autobench/aifftr01_lite)
   aifftr01_lite 77579 [005] 2603099.644554:      77761 cpu/event=0xD0,umask=0x82/u:            401571 t_run_test (/home/koga/autobench_perf/src/autobench/aifftr01_lite)
   aifftr01_lite 77579 [005] 2603099.644589:     111781 cpu/event=0x3C,umask=0x00/u:            400d22 t_run_test (/home/koga/autobench_perf/src/autobench/aifftr01_lite)
   aifftr01_lite 77579 [005] 2603099.644599:         97 cpu/event=0xC5,umask=0x00/u:            400dce t_run_test (/home/koga/autobench_perf/src/autobench/aifftr01_lite)
   aifftr01_lite 77579 [005] 2603099.644613:     283079 cpu/event=0xC0,umask=0x00/u:            400d1a t_run_test (/home/koga/autobench_perf/src/autobench/aifftr01_lite)
   aifftr01_lite 77579 [005] 2603099.644622:      75597 cpu/event=0xD0,umask=0x81/u:            400ea3 t_run_test (/home/koga/autobench_perf/src/autobench/aifftr01_lite)
   aifftr01_lite 77579 [005] 2603099.644654:      77791 cpu/event=0xD0,umask=0x82/u:            40113d t_run_test (/home/koga/autobench_perf/src/autobench/aifftr01_lite)
   aifftr01_lite 77579 [005] 2603099.644689:     111792 cpu/event=0x3C,umask=0x00/u:            40153f t_run_test (/home/koga/autobench_perf/src/autobench/aifftr01_lite)
   aifftr01_lite 77579 [005] 2603099.644708:     283180 cpu/event=0xC0,umask=0x00/u:            4014d6 t_run_test (/home/koga/autobench_perf/src/autobench/aifftr01_lite)
   aifftr01_lite 77579 [005] 2603099.644715:         97 cpu/event=0xC5,umask=0x00/u:            401717 t_run_test (/home/koga/autobench_perf/src/autobench/aifftr01_lite)
   aifftr01_lite 77579 [005] 2603099.644724:      75674 cpu/event=0xD0,umask=0x81/u:            400b72 t_run_test (/home/koga/autobench_perf/src/autobench/aifftr01_lite)
   aifftr01_lite 77579 [005] 2603099.644754:      77836 cpu/event=0xD0,umask=0x82/u:            400d3a t_run_test (/home/koga/autobench_perf/src/autobench/aifftr01_lite)
   aifftr01_lite 77579 [005] 2603099.644789:     111770 cpu/event=0x3C,umask=0x00/u:            4010f3 t_run_test (/home/koga/autobench_perf/src/autobench/aifftr01_lite)
   aifftr01_lite 77579 [005] 2603099.644808:     284834 cpu/event=0xC0,umask=0x00/u:            4012fb t_run_test (/home/koga/autobench_perf/src/autobench/aifftr01_lite)
   aifftr01_lite 77579 [005] 2603099.644817:         97 cpu/event=0xC5,umask=0x00/u:            4013a2 t_run_test (/home/koga/autobench_perf/src/autobench/aifftr01_lite)
   aifftr01_lite 77579 [005] 2603099.644825:      75524 cpu/event=0xD0,umask=0x81/u:            401571 t_run_test (/home/koga/autobench_perf/src/autobench/aifftr01_lite)
   aifftr01_lite 77579 [005] 2603099.644854:      77850 cpu/event=0xD0,umask=0x82/u:            40158f t_run_test (/home/koga/autobench_perf/src/autobench/aifftr01_lite)
   aifftr01_lite 77579 [005] 2603099.644889:     111723 cpu/event=0x3C,umask=0x00/u:            400d00 t_run_test (/home/koga/autobench_perf/src/autobench/aifftr01_lite)
   aifftr01_lite 77579 [005] 2603099.644908:     284923 cpu/event=0xC0,umask=0x00/u:            400900 GetInputValues (/home/koga/autobench_perf/src/autobench/aifftr01_lite)
   aifftr01_lite 77579 [005] 2603099.644921:      75451 cpu/event=0xD0,umask=0x81/u:            401104 t_run_test (/home/koga/autobench_perf/src/autobench/aifftr01_lite)
   aifftr01_lite 77579 [005] 2603099.644928:         97 cpu/event=0xC5,umask=0x00/u:            4010b6 t_run_test (/home/koga/autobench_perf/src/autobench/aifftr01_lite)
   aifftr01_lite 77579 [005] 2603099.644954:      77848 cpu/event=0xD0,umask=0x82/u:            4012c5 t_run_test (/home/koga/autobench_perf/src/autobench/aifftr01_lite)
   aifftr01_lite 77579 [005] 2603099.644990:     111699 cpu/event=0x3C,umask=0x00/u:            401566 t_run_test (/home/koga/autobench_perf/src/autobench/aifftr01_lite)
   aifftr01_lite 77579 [005] 2603099.645010:     285015 cpu/event=0xC0,umask=0x00/u:            400cf3 t_run_test (/home/koga/autobench_perf/src/autobench/aifftr01_lite)
   aifftr01_lite 77579 [005] 2603099.645022:      75846 cpu/event=0xD0,umask=0x81/u:            400d3d t_run_test (/home/koga/autobench_perf/src/autobench/aifftr01_lite)
   aifftr01_lite 77579 [005] 2603099.645046:         97 cpu/event=0xC5,umask=0x00/u:            400dce t_run_test (/home/koga/autobench_perf/src/autobench/aifftr01_lite)
   aifftr01_lite 77579 [005] 2603099.645058:      77791 cpu/event=0xD0,umask=0x82/u:            400f88 t_run_test (/home/koga/autobench_perf/src/autobench/aifftr01_lite)
   aifftr01_lite 77579 [005] 2603099.645090:     111652 cpu/event=0x3C,umask=0x00/u:            40112d t_run_test (/home/koga/autobench_perf/src/autobench/aifftr01_lite)
   aifftr01_lite 77579 [005] 2603099.645110:     284352 cpu/event=0xC0,umask=0x00/u:            40158c t_run_test (/home/koga/autobench_perf/src/autobench/aifftr01_lite)
   aifftr01_lite 77579 [005] 2603099.645122:      75766 cpu/event=0xD0,umask=0x81/u:            4014d6 t_run_test (/home/koga/autobench_perf/src/autobench/aifftr01_lite)
   aifftr01_lite 77579 [005] 2603099.645148:         96 cpu/event=0xC5,umask=0x00/u:            40093f GetInputValues (/home/koga/autobench_perf/src/autobench/aifftr01_lite)
   aifftr01_lite 77579 [005] 2603099.645158:      77462 cpu/event=0xD0,umask=0x82/u:            400d48 t_run_test (/home/koga/autobench_perf/src/autobench/aifftr01_lite)
   aifftr01_lite 77579 [005] 2603099.645190:     111612 cpu/event=0x3C,umask=0x00/u:            400ebc t_run_test (/home/koga/autobench_perf/src/autobench/aifftr01_lite)
   aifftr01_lite 77579 [005] 2603099.645210:     284272 cpu/event=0xC0,umask=0x00/u:            4010f0 t_run_test (/home/koga/autobench_perf/src/autobench/aifftr01_lite)
   aifftr01_lite 77579 [005] 2603099.645222:      75704 cpu/event=0xD0,umask=0x81/u:            401139 t_run_test (/home/koga/autobench_perf/src/autobench/aifftr01_lite)
   aifftr01_lite 77579 [005] 2603099.645252:      77502 cpu/event=0xD0,umask=0x82/u:            40154f t_run_test (/home/koga/autobench_perf/src/autobench/aifftr01_lite)
   aifftr01_lite 77579 [005] 2603099.645263:         96 cpu/event=0xC5,umask=0x00/u:            40160f t_run_test (/home/koga/autobench_perf/src/autobench/aifftr01_lite)
   aifftr01_lite 77579 [005] 2603099.645290:     111591 cpu/event=0x3C,umask=0x00/u:            400911 GetInputValues (/home/koga/autobench_perf/src/autobench/aifftr01_lite)
   aifftr01_lite 77579 [005] 2603099.645309:     284303 cpu/event=0xC0,umask=0x00/u:            400cdf t_run_test (/home/koga/autobench_perf/src/autobench/aifftr01_lite)
   aifftr01_lite 77579 [005] 2603099.645322:      75723 cpu/event=0xD0,umask=0x81/u:            400c96 t_run_test (/home/koga/autobench_perf/src/autobench/aifftr01_lite)
   aifftr01_lite 77579 [005] 2603099.645351:      78086 cpu/event=0xD0,umask=0x82/u:            40116d t_run_test (/home/koga/autobench_perf/src/autobench/aifftr01_lite)
   aifftr01_lite 77579 [005] 2603099.645360:         96 cpu/event=0xC5,umask=0x00/u:            4010b6 t_run_test (/home/koga/autobench_perf/src/autobench/aifftr01_lite)
   aifftr01_lite 77579 [005] 2603099.645390:     111580 cpu/event=0x3C,umask=0x00/u:            401577 t_run_test (/home/koga/autobench_perf/src/autobench/aifftr01_lite)
   aifftr01_lite 77579 [005] 2603099.645409:     284417 cpu/event=0xC0,umask=0x00/u:            401538 t_run_test (/home/koga/autobench_perf/src/autobench/aifftr01_lite)
   aifftr01_lite 77579 [005] 2603099.645421:      75775 cpu/event=0xD0,umask=0x81/u:            40156a t_run_test (/home/koga/autobench_perf/src/autobench/aifftr01_lite)
   aifftr01_lite 77579 [005] 2603099.645451:      78179 cpu/event=0xD0,umask=0x82/u:            400c89 t_run_test (/home/koga/autobench_perf/src/autobench/aifftr01_lite)
   aifftr01_lite 77579 [005] 2603099.645469:         97 cpu/event=0xC5,umask=0x00/u:            400cae t_run_test (/home/koga/autobench_perf/src/autobench/aifftr01_lite)
   aifftr01_lite 77579 [005] 2603099.645491:     111551 cpu/event=0x3C,umask=0x00/u:            40113d t_run_test (/home/koga/autobench_perf/src/autobench/aifftr01_lite)
   aifftr01_lite 77579 [005] 2603099.645510:     284439 cpu/event=0xC0,umask=0x00/u:            40111e t_run_test (/home/koga/autobench_perf/src/autobench/aifftr01_lite)
   aifftr01_lite 77579 [005] 2603099.645521:      75851 cpu/event=0xD0,umask=0x81/u:            4010b6 t_run_test (/home/koga/autobench_perf/src/autobench/aifftr01_lite)
   aifftr01_lite 77579 [005] 2603099.645551:      78180 cpu/event=0xD0,umask=0x82/u:            40158f t_run_test (/home/koga/autobench_perf/src/autobench/aifftr01_lite)
   aifftr01_lite 77579 [005] 2603099.645573:         97 cpu/event=0xC5,umask=0x00/u:            40176c t_run_test (/home/koga/autobench_perf/src/autobench/aifftr01_lite)
   aifftr01_lite 77579 [005] 2603099.645591:     111526 cpu/event=0x3C,umask=0x00/u:            400d3a t_run_test (/home/koga/autobench_perf/src/autobench/aifftr01_lite)
   aifftr01_lite 77579 [005] 2603099.645610:     284357 cpu/event=0xC0,umask=0x00/u:            400d81 t_run_test (/home/koga/autobench_perf/src/autobench/aifftr01_lite)
   aifftr01_lite 77579 [005] 2603099.645620:      75881 cpu/event=0xD0,umask=0x81/u:            400d0c t_run_test (/home/koga/autobench_perf/src/autobench/aifftr01_lite)
   aifftr01_lite 77579 [005] 2603099.645651:      78183 cpu/event=0xD0,umask=0x82/u:            401163 t_run_test (/home/koga/autobench_perf/src/autobench/aifftr01_lite)
   aifftr01_lite 77579 [005] 2603099.645676:         97 cpu/event=0xC5,umask=0x00/u:            401400 t_run_test (/home/koga/autobench_perf/src/autobench/aifftr01_lite)
   aifftr01_lite 77579 [005] 2603099.645691:     111477 cpu/event=0x3C,umask=0x00/u:            401549 t_run_test (/home/koga/autobench_perf/src/autobench/aifftr01_lite)
   aifftr01_lite 77579 [005] 2603099.645710:     284247 cpu/event=0xC0,umask=0x00/u:            401571 t_run_test (/home/koga/autobench_perf/src/autobench/aifftr01_lite)
   aifftr01_lite 77579 [005] 2603099.645720:      75937 cpu/event=0xD0,umask=0x81/u:            401747 t_run_test (/home/koga/autobench_perf/src/autobench/aifftr01_lite)
   aifftr01_lite 77579 [005] 2603099.645751:      78188 cpu/event=0xD0,umask=0x82/u:            400cf0 t_run_test (/home/koga/autobench_perf/src/autobench/aifftr01_lite)
   aifftr01_lite 77579 [005] 2603099.645778:         97 cpu/event=0xC5,umask=0x00/u:            4010e8 t_run_test (/home/koga/autobench_perf/src/autobench/aifftr01_lite)
   aifftr01_lite 77579 [005] 2603099.645791:     111429 cpu/event=0x3C,umask=0x00/u:            40116d t_run_test (/home/koga/autobench_perf/src/autobench/aifftr01_lite)
   aifftr01_lite 77579 [005] 2603099.645810:     284277 cpu/event=0xC0,umask=0x00/u:            40116d t_run_test (/home/koga/autobench_perf/src/autobench/aifftr01_lite)
   aifftr01_lite 77579 [005] 2603099.645823:      75977 cpu/event=0xD0,umask=0x81/u:            4013ba t_run_test (/home/koga/autobench_perf/src/autobench/aifftr01_lite)
   aifftr01_lite 77579 [005] 2603099.645851:      78181 cpu/event=0xD0,umask=0x82/u:            401525 t_run_test (/home/koga/autobench_perf/src/autobench/aifftr01_lite)
   aifftr01_lite 77579 [005] 2603099.645882:         97 cpu/event=0xC5,umask=0x00/u:            400c96 t_run_test (/home/koga/autobench_perf/src/autobench/aifftr01_lite)
   aifftr01_lite 77579 [005] 2603099.645891:     111436 cpu/event=0x3C,umask=0x00/u:            400d12 t_run_test (/home/koga/autobench_perf/src/autobench/aifftr01_lite)
   aifftr01_lite 77579 [005] 2603099.645910:     284124 cpu/event=0xC0,umask=0x00/u:            400f3a t_run_test (/home/koga/autobench_perf/src/autobench/aifftr01_lite)
   aifftr01_lite 77579 [005] 2603099.645923:      75700 cpu/event=0xD0,umask=0x81/u:            401117 t_run_test (/home/koga/autobench_perf/src/autobench/aifftr01_lite)
   aifftr01_lite 77579 [005] 2603099.645953:      78124 cpu/event=0xD0,umask=0x82/u:            40113d t_run_test (/home/koga/autobench_perf/src/autobench/aifftr01_lite)
   aifftr01_lite 77579 [005] 2603099.645987:     111399 cpu/event=0x3C,umask=0x00/u:            4014b2 t_run_test (/home/koga/autobench_perf/src/autobench/aifftr01_lite)
   aifftr01_lite 77579 [005] 2603099.646001:         97 cpu/event=0xC5,umask=0x00/u:            4016fa t_run_test (/home/koga/autobench_perf/src/autobench/aifftr01_lite)
   aifftr01_lite 77579 [005] 2603099.646012:     284266 cpu/event=0xC0,umask=0x00/u:            400ba3 t_run_test (/home/koga/autobench_perf/src/autobench/aifftr01_lite)
   aifftr01_lite 77579 [005] 2603099.646025:      75623 cpu/event=0xD0,umask=0x81/u:            400d30 t_run_test (/home/koga/autobench_perf/src/autobench/aifftr01_lite)
   aifftr01_lite 77579 [005] 2603099.646055:      78009 cpu/event=0xD0,umask=0x82/u:            400911 GetInputValues (/home/koga/autobench_perf/src/autobench/aifftr01_lite)
   aifftr01_lite 77579 [005] 2603099.646087:     112001 cpu/event=0x3C,umask=0x00/u:            4011b5 t_run_test (/home/koga/autobench_perf/src/autobench/aifftr01_lite)
   aifftr01_lite 77579 [005] 2603099.646100:         96 cpu/event=0xC5,umask=0x00/u:            401353 t_run_test (/home/koga/autobench_perf/src/autobench/aifftr01_lite)
   aifftr01_lite 77579 [005] 2603099.646112:     283429 cpu/event=0xC0,umask=0x00/u:            401530 t_run_test (/home/koga/autobench_perf/src/autobench/aifftr01_lite)
   aifftr01_lite 77579 [005] 2603099.646125:      75490 cpu/event=0xD0,umask=0x81/u:            4014de t_run_test (/home/koga/autobench_perf/src/autobench/aifftr01_lite)
   aifftr01_lite 77579 [005] 2603099.646154:         97 cpu/event=0xC5,umask=0x00/u:            401be8 Calc_crc32 (/home/koga/autobench_perf/src/autobench/aifftr01_lite)
   aifftr01_lite 77579 [005] 2603099.646160:        108 cpu/event=0xC5,umask=0x00/u:            401c47 Calc_crc32 (/home/koga/autobench_perf/src/autobench/aifftr01_lite)
   aifftr01_lite 77579 [005] 2603099.646166:        320 cpu/event=0xC5,umask=0x00/u:            401bf7 Calc_crc32 (/home/koga/autobench_perf/src/autobench/aifftr01_lite)
   aifftr01_lite 77579 [005] 2603099.646175:        921 cpu/event=0xC5,umask=0x00/u:            401c82 Calc_crc32 (/home/koga/autobench_perf/src/autobench/aifftr01_lite)
   aifftr01_lite 77579 [005] 2603099.646194:       2053 cpu/event=0xC5,umask=0x00/u:            401be0 Calc_crc32 (/home/koga/autobench_perf/src/autobench/aifftr01_lite)
   aifftr01_lite 77579 [005] 2603099.646205:     111994 cpu/event=0x3C,umask=0x00/u:            40189c t_run_test (/home/koga/autobench_perf/src/autobench/aifftr01_lite)
   aifftr01_lite 77579 [005] 2603099.646234:       3194 cpu/event=0xC5,umask=0x00/u:            401c77 Calc_crc32 (/home/koga/autobench_perf/src/autobench/aifftr01_lite)
   aifftr01_lite 77579 [005] 2603099.646286:       3794 cpu/event=0xC5,umask=0x00/u:            401c37 Calc_crc32 (/home/koga/autobench_perf/src/autobench/aifftr01_lite)
   aifftr01_lite 77579 [005] 2603099.646297:     109931 cpu/event=0x3C,umask=0x00/u:            401c3b Calc_crc32 (/home/koga/autobench_perf/src/autobench/aifftr01_lite)
   aifftr01_lite 77579 [005] 2603099.646352:       4225 cpu/event=0xC5,umask=0x00/u:            401c42 Calc_crc32 (/home/koga/autobench_perf/src/autobench/aifftr01_lite)
   aifftr01_lite 77579 [005] 2603099.646363:     283424 cpu/event=0xC0,umask=0x00/u:            401cb7 Calc_crc32 (/home/koga/autobench_perf/src/autobench/aifftr01_lite)
   aifftr01_lite 77579 [005] 2603099.646387:     111090 cpu/event=0x3C,umask=0x00/u:            401cb3 Calc_crc32 (/home/koga/autobench_perf/src/autobench/aifftr01_lite)
   aifftr01_lite 77579 [005] 2603099.646429:       4495 cpu/event=0xC5,umask=0x00/u:            401c20 Calc_crc32 (/home/koga/autobench_perf/src/autobench/aifftr01_lite)
   aifftr01_lite 77579 [005] 2603099.646475:     112549 cpu/event=0x3C,umask=0x00/u:            401be0 Calc_crc32 (/home/koga/autobench_perf/src/autobench/aifftr01_lite)
   aifftr01_lite 77579 [005] 2603099.646506:       4665 cpu/event=0xC5,umask=0x00/u:            401c60 Calc_crc32 (/home/koga/autobench_perf/src/autobench/aifftr01_lite)
   aifftr01_lite 77579 [005] 2603099.646564:     114533 cpu/event=0x3C,umask=0x00/u:            401c3b Calc_crc32 (/home/koga/autobench_perf/src/autobench/aifftr01_lite)
   aifftr01_lite 77579 [005] 2603099.646585:       4843 cpu/event=0xC5,umask=0x00/u:            401c82 Calc_crc32 (/home/koga/autobench_perf/src/autobench/aifftr01_lite)
   aifftr01_lite 77579 [005] 2603099.646654:     116337 cpu/event=0x3C,umask=0x00/u:            401bf7 Calc_crc32 (/home/koga/autobench_perf/src/autobench/aifftr01_lite)
   aifftr01_lite 77579 [005] 2603099.646668:       4997 cpu/event=0xC5,umask=0x00/u:            401c37 Calc_crc32 (/home/koga/autobench_perf/src/autobench/aifftr01_lite)
   aifftr01_lite 77579 [005] 2603099.646682:     262106 cpu/event=0xC0,umask=0x00/u:            401cb3 Calc_crc32 (/home/koga/autobench_perf/src/autobench/aifftr01_lite)
   aifftr01_lite 77579 [005] 2603099.646749:     117915 cpu/event=0x3C,umask=0x00/u:            401c31 Calc_crc32 (/home/koga/autobench_perf/src/autobench/aifftr01_lite)
   aifftr01_lite 77579 [005] 2603099.646756:       5133 cpu/event=0xC5,umask=0x00/u:            401bf1 Calc_crc32 (/home/koga/autobench_perf/src/autobench/aifftr01_lite)
   aifftr01_lite 77579 [005] 2603099.646838:       5214 cpu/event=0xC5,umask=0x00/u:            401c68 Calc_crc32 (/home/koga/autobench_perf/src/autobench/aifftr01_lite)
   aifftr01_lite 77579 [005] 2603099.646845:     118680 cpu/event=0x3C,umask=0x00/u:            401c20 Calc_crc32 (/home/koga/autobench_perf/src/autobench/aifftr01_lite)
   aifftr01_lite 77579 [005] 2603099.646903:      77747 cpu/event=0xD0,umask=0x82/u:            401be0 Calc_crc32 (/home/koga/autobench_perf/src/autobench/aifftr01_lite)
   aifftr01_lite 77579 [005] 2603099.646930:       5362 cpu/event=0xC5,umask=0x00/u:            401cc3 Calc_crc32 (/home/koga/autobench_perf/src/autobench/aifftr01_lite)
   aifftr01_lite 77579 [005] 2603099.646942:     119267 cpu/event=0x3C,umask=0x00/u:            4018dc t_run_test (/home/koga/autobench_perf/src/autobench/aifftr01_lite)
   aifftr01_lite 77579 [005] 2603099.646974:     239634 cpu/event=0xC0,umask=0x00/u:            401cb7 Calc_crc32 (/home/koga/autobench_perf/src/autobench/aifftr01_lite)
   aifftr01_lite 77579 [005] 2603099.647040:       4904 cpu/event=0xC5,umask=0x00/u:            401c77 Calc_crc32 (/home/koga/autobench_perf/src/autobench/aifftr01_lite)
   aifftr01_lite 77579 [005] 2603099.647054:     118961 cpu/event=0x3C,umask=0x00/u:            401c7b Calc_crc32 (/home/koga/autobench_perf/src/autobench/aifftr01_lite)
   aifftr01_lite 77579 [005] 2603099.647123:       4852 cpu/event=0xC5,umask=0x00/u:            401bf7 Calc_crc32 (/home/koga/autobench_perf/src/autobench/aifftr01_lite)
   aifftr01_lite 77579 [005] 2603099.647161:     117366 cpu/event=0x3C,umask=0x00/u:            401c20 Calc_crc32 (/home/koga/autobench_perf/src/autobench/aifftr01_lite)
   aifftr01_lite 77579 [005] 2603099.647217:       4973 cpu/event=0xC5,umask=0x00/u:            401be0 Calc_crc32 (/home/koga/autobench_perf/src/autobench/aifftr01_lite)
   aifftr01_lite 77579 [005] 2603099.647247:     116464 cpu/event=0x3C,umask=0x00/u:            401c20 Calc_crc32 (/home/koga/autobench_perf/src/autobench/aifftr01_lite)
   aifftr01_lite 77579 [005] 2603099.647261:     222589 cpu/event=0xC0,umask=0x00/u:            401be3 Calc_crc32 (/home/koga/autobench_perf/src/autobench/aifftr01_lite)
            sshd 72964 [007] 2603099.647416:          1 cpu/event=0x3C,umask=0x00/u:      7f648f8fa673 __select (/lib/x86_64-linux-gnu/libc-2.23.so)
            sshd 72964 [007] 2603099.647424:          1 cpu/event=0xD0,umask=0x81/u:      7f648f8fa673 __select (/lib/x86_64-linux-gnu/libc-2.23.so)
            sshd 72964 [007] 2603099.647426:          1 cpu/event=0x3C,umask=0x00/u:      7f648f8fa673 __select (/lib/x86_64-linux-gnu/libc-2.23.so)
            sshd 72964 [007] 2603099.647427:          1 cpu/event=0xC0,umask=0x00/u:      7f648f8fa673 __select (/lib/x86_64-linux-gnu/libc-2.23.so)
            sshd 72964 [007] 2603099.647432:          1 cpu/event=0xD0,umask=0x81/u:      7f648f8fa673 __select (/lib/x86_64-linux-gnu/libc-2.23.so)
            sshd 72964 [007] 2603099.647433:          3 cpu/event=0x3C,umask=0x00/u:      7f648f8fa673 __select (/lib/x86_64-linux-gnu/libc-2.23.so)
            sshd 72964 [007] 2603099.647437:          3 cpu/event=0xD0,umask=0x81/u:      7f648f8fa673 __select (/lib/x86_64-linux-gnu/libc-2.23.so)
            sshd 72964 [007] 2603099.647438:          8 cpu/event=0x3C,umask=0x00/u:      7f648f8fa673 __select (/lib/x86_64-linux-gnu/libc-2.23.so)
            sshd 72964 [007] 2603099.647439:          1 cpu/event=0xC0,umask=0x00/u:      7f648f8fa673 __select (/lib/x86_64-linux-gnu/libc-2.23.so)
            sshd 72964 [007] 2603099.647444:         10 cpu/event=0xD0,umask=0x81/u:      7f648f8fa673 __select (/lib/x86_64-linux-gnu/libc-2.23.so)
            sshd 72964 [007] 2603099.647445:         25 cpu/event=0x3C,umask=0x00/u:      7f648f8fa673 __select (/lib/x86_64-linux-gnu/libc-2.23.so)
            sshd 72964 [007] 2603099.647449:         70 cpu/event=0x3C,umask=0x00/u:      7f648f8fa673 __select (/lib/x86_64-linux-gnu/libc-2.23.so)
            sshd 72964 [007] 2603099.647450:          2 cpu/event=0xC0,umask=0x00/u:      7f648f8fa673 __select (/lib/x86_64-linux-gnu/libc-2.23.so)
            sshd 72964 [007] 2603099.647455:        251 cpu/event=0x3C,umask=0x00/u:      7f648f8fa673 __select (/lib/x86_64-linux-gnu/libc-2.23.so)
            sshd 72964 [007] 2603099.647460:        779 cpu/event=0x3C,umask=0x00/u:      7f648f8fa67b __select (/lib/x86_64-linux-gnu/libc-2.23.so)
            sshd 72964 [007] 2603099.647461:          4 cpu/event=0xC0,umask=0x00/u:      7f648f8fa67b __select (/lib/x86_64-linux-gnu/libc-2.23.so)
            sshd 72964 [007] 2603099.647466:       2699 cpu/event=0x3C,umask=0x00/u:      55deb7d5d4b6 [unknown] (/usr/sbin/sshd)
            sshd 72964 [007] 2603099.647467:          9 cpu/event=0xC0,umask=0x00/u:      55deb7d5d4b6 [unknown] (/usr/sbin/sshd)
            sshd 72964 [007] 2603099.647471:         28 cpu/event=0xD0,umask=0x81/u:      55deb7d5d4b6 [unknown] (/usr/sbin/sshd)
            sshd 72964 [007] 2603099.647477:          1 cpu/event=0xC5,umask=0x00/u:      55deb7d5d4d5 [unknown] (/usr/sbin/sshd)
            sshd 72964 [007] 2603099.647481:         27 cpu/event=0xC0,umask=0x00/u:      55deb7d5d510 [unknown] (/usr/sbin/sshd)
            sshd 72964 [007] 2603099.647486:       8024 cpu/event=0x3C,umask=0x00/u:      55deb7d5d510 [unknown] (/usr/sbin/sshd)
            sshd 72964 [007] 2603099.647491:         47 cpu/event=0xC0,umask=0x00/u:      55deb7d5d53b [unknown] (/usr/sbin/sshd)
            sshd 72964 [007] 2603099.647495:         38 cpu/event=0xD0,umask=0x81/u:      55deb7d5ef92 [unknown] (/usr/sbin/sshd)
            sshd 72964 [007] 2603099.647500:          1 cpu/event=0xD0,umask=0x82/u:      55deb7d51990 [unknown] (/usr/sbin/sshd)
            sshd 72964 [007] 2603099.647505:          1 cpu/event=0xC5,umask=0x00/u:      7f648f832f80 sigemptyset (/lib/x86_64-linux-gnu/libc-2.23.so)
            sshd 72964 [007] 2603099.647510:          1 cpu/event=0xD0,umask=0x82/u:      7f648f832fad sigemptyset (/lib/x86_64-linux-gnu/libc-2.23.so)
            sshd 72964 [007] 2603099.647514:        104 cpu/event=0xC0,umask=0x00/u:      55deb7d51ba0 [unknown] (/usr/sbin/sshd)
            sshd 72964 [007] 2603099.647519:          3 cpu/event=0xD0,umask=0x82/u:      55deb7d51420 [unknown] (/usr/sbin/sshd)
            sshd 72964 [007] 2603099.647524:          2 cpu/event=0xC5,umask=0x00/u:      7f648f832730 __sigprocmask (/lib/x86_64-linux-gnu/libc-2.23.so)
            sshd 72964 [007] 2603099.647532:         53 cpu/event=0xD0,umask=0x81/u:      55deb7d9544d [unknown] (/usr/sbin/sshd)
            sshd 72964 [007] 2603099.647533:          7 cpu/event=0xD0,umask=0x82/u:      55deb7d9544d [unknown] (/usr/sbin/sshd)
            sshd 72964 [007] 2603099.647537:          3 cpu/event=0xC5,umask=0x00/u:      55deb7d5f025 [unknown] (/usr/sbin/sshd)
            sshd 72964 [007] 2603099.647542:         13 cpu/event=0xD0,umask=0x82/u:      55deb7d8c4df [unknown] (/usr/sbin/sshd)
            sshd 72964 [007] 2603099.647543:      11987 cpu/event=0x3C,umask=0x00/u:      55deb7d8c4df [unknown] (/usr/sbin/sshd)
            sshd 72964 [007] 2603099.647548:        146 cpu/event=0xC0,umask=0x00/u:      55deb7d51718 [unknown] (/usr/sbin/sshd)
            sshd 72964 [007] 2603099.647552:          6 cpu/event=0xC5,umask=0x00/u:      7fff037faa10 __vdso_clock_gettime ([vdso])
            sshd 72964 [007] 2603099.647558:         29 cpu/event=0xD0,umask=0x82/u:  ffffffff8186a950 entry_SYSCALL_64 ([kernel.kallsyms])
            sshd 72964 [007] 2603099.647564:         11 cpu/event=0xC5,umask=0x00/u:      55deb7d88f08 [unknown] (/usr/sbin/sshd)
            sshd 72964 [007] 2603099.647568:         65 cpu/event=0xD0,umask=0x81/u:      55deb7d88f08 [unknown] (/usr/sbin/sshd)
            sshd 72964 [007] 2603099.647573:        183 cpu/event=0xC0,umask=0x00/u:      7f648f8f4310 __GI___libc_read (/lib/x86_64-linux-gnu/libc-2.23.so)
            sshd 72964 [007] 2603099.647584:         49 cpu/event=0xD0,umask=0x82/u:      55deb7d7c3c0 [unknown] (/usr/sbin/sshd)
            sshd 72964 [007] 2603099.647589:         22 cpu/event=0xC5,umask=0x00/u:      55deb7d838e4 [unknown] (/usr/sbin/sshd)
            sshd 72964 [007] 2603099.647594:         79 cpu/event=0xD0,umask=0x81/u:      7f648f94b1aa __memcpy_avx_unaligned (/lib/x86_64-linux-gnu/libc-2.23.so)
            sshd 72964 [007] 2603099.647595:        249 cpu/event=0xC0,umask=0x00/u:      7f648f94b1aa __memcpy_avx_unaligned (/lib/x86_64-linux-gnu/libc-2.23.so)
            sshd 72964 [007] 2603099.647600:         67 cpu/event=0xD0,umask=0x82/u:      55deb7d8b6c2 [unknown] (/usr/sbin/sshd)
            sshd 72964 [007] 2603099.647604:        108 cpu/event=0xD0,umask=0x81/u:      55deb7d8c53c [unknown] (/usr/sbin/sshd)
            sshd 72964 [007] 2603099.647609:        364 cpu/event=0xC0,umask=0x00/u:      55deb7d8c535 [unknown] (/usr/sbin/sshd)
            sshd 72964 [007] 2603099.647614:         31 cpu/event=0xC5,umask=0x00/u:      55deb7d908f7 [unknown] (/usr/sbin/sshd)
            sshd 72964 [007] 2603099.647619:        224 cpu/event=0xD0,umask=0x81/u:      55deb7d908f7 [unknown] (/usr/sbin/sshd)
            sshd 72964 [007] 2603099.647620:      13117 cpu/event=0x3C,umask=0x00/u:      55deb7d908f7 [unknown] (/usr/sbin/sshd)
            sshd 72964 [007] 2603099.647625:        642 cpu/event=0xC0,umask=0x00/u:      55deb7d99468 [unknown] (/usr/sbin/sshd)
            sshd 72964 [007] 2603099.647629:        112 cpu/event=0xD0,umask=0x82/u:      55deb7d95446 [unknown] (/usr/sbin/sshd)
            sshd 72964 [007] 2603099.647635:       1073 cpu/event=0xC0,umask=0x00/u:      55deb7d7c224 [unknown] (/usr/sbin/sshd)
            sshd 72964 [007] 2603099.647640:        389 cpu/event=0xD0,umask=0x81/u:      55deb7d8d181 [unknown] (/usr/sbin/sshd)
            sshd 72964 [007] 2603099.647645:        145 cpu/event=0xD0,umask=0x82/u:      55deb7d51c50 [unknown] (/usr/sbin/sshd)
            sshd 72964 [007] 2603099.647650:         43 cpu/event=0xC5,umask=0x00/u:      7f648f8818a1 realloc (/lib/x86_64-linux-gnu/libc-2.23.so)
            sshd 72964 [007] 2603099.647665:      13612 cpu/event=0x3C,umask=0x00/u:      7f648f94b16a __memcpy_avx_unaligned (/lib/x86_64-linux-gnu/libc-2.23.so)
            sshd 72964 [007] 2603099.647671:       2177 cpu/event=0xC0,umask=0x00/u:      55deb7d7c3db [unknown] (/usr/sbin/sshd)
            sshd 72964 [007] 2603099.647677:        245 cpu/event=0xD0,umask=0x82/u:      55deb7db8ffd [unknown] (/usr/sbin/sshd)
            sshd 72964 [007] 2603099.647681:         53 cpu/event=0xC5,umask=0x00/u:      55deb7d7b795 [unknown] (/usr/sbin/sshd)
            sshd 72964 [007] 2603099.647686:        570 cpu/event=0xD0,umask=0x81/u:      55deb7d96777 [unknown] (/usr/sbin/sshd)
            sshd 72964 [007] 2603099.647691:      15644 cpu/event=0x3C,umask=0x00/u:      55deb7db4610 [unknown] (/usr/sbin/sshd)
            sshd 72964 [007] 2603099.647696:        311 cpu/event=0xD0,umask=0x82/u:      55deb7db4c6a [unknown] (/usr/sbin/sshd)
            sshd 72964 [007] 2603099.647701:       2664 cpu/event=0xC0,umask=0x00/u:      55deb7db4c77 [unknown] (/usr/sbin/sshd)
            sshd 72964 [007] 2603099.647706:       3463 cpu/event=0xC0,umask=0x00/u:      55deb7db4b29 [unknown] (/usr/sbin/sshd)
            sshd 72964 [007] 2603099.647711:        472 cpu/event=0xD0,umask=0x82/u:      55deb7db4bdf [unknown] (/usr/sbin/sshd)
            sshd 72964 [007] 2603099.647716:        654 cpu/event=0xD0,umask=0x81/u:      55deb7db49b7 [unknown] (/usr/sbin/sshd)
            sshd 72964 [007] 2603099.647721:      10838 cpu/event=0xC0,umask=0x00/u:      55deb7db4809 [unknown] (/usr/sbin/sshd)
            sshd 72964 [007] 2603099.647726:        814 cpu/event=0xD0,umask=0x82/u:      55deb7db4885 [unknown] (/usr/sbin/sshd)
            sshd 72964 [007] 2603099.647732:        847 cpu/event=0xD0,umask=0x81/u:      55deb7db4885 [unknown] (/usr/sbin/sshd)
            sshd 72964 [007] 2603099.647738:      18700 cpu/event=0xC0,umask=0x00/u:      55deb7db4806 [unknown] (/usr/sbin/sshd)
            sshd 72964 [007] 2603099.647742:       1386 cpu/event=0xD0,umask=0x82/u:      55deb7db492c [unknown] (/usr/sbin/sshd)
            sshd 72964 [007] 2603099.647748:       1408 cpu/event=0xD0,umask=0x81/u:      55deb7db41c2 [unknown] (/usr/sbin/sshd)
            sshd 72964 [007] 2603099.647753:      21400 cpu/event=0x3C,umask=0x00/u:      55deb7db41c2 [unknown] (/usr/sbin/sshd)
            sshd 72964 [007] 2603099.647759:       2296 cpu/event=0xD0,umask=0x81/u:      55deb7db40ae [unknown] (/usr/sbin/sshd)
            sshd 72964 [007] 2603099.647764:         68 cpu/event=0xC5,umask=0x00/u:      7f648f88c310 __memset_sse2 (/lib/x86_64-linux-gnu/libc-2.23.so)
            sshd 72964 [007] 2603099.647794:         70 cpu/event=0xC5,umask=0x00/u:      55deb7d7c544 [unknown] (/usr/sbin/sshd)
            perf 77578 [004] 2603099.650613:         50 cpu/event=0xC5,umask=0x00/u:      7f92c79504c7 __restore_rt (/lib/x86_64-linux-gnu/libc-2.23.so)
            perf 77578 [004] 2603099.650622:      26654 cpu/event=0x3C,umask=0x00/u:            46afb0 perf_evlist__filter_pollfd (/usr/lib/linux-tools-4.4.0-194/perf)
            perf 77578 [004] 2603099.650626:       1807 cpu/event=0xC0,umask=0x00/u:            5142fe fdarray__filter (/usr/lib/linux-tools-4.4.0-194/perf)
            perf 77578 [004] 2603099.650629:        351 cpu/event=0xD0,umask=0x81/u:            5142f3 fdarray__filter (/usr/lib/linux-tools-4.4.0-194/perf)
            perf 77578 [004] 2603099.650718:       1807 cpu/event=0xC0,umask=0x00/u:            469bb2 perf_evlist__disable (/usr/lib/linux-tools-4.4.0-194/perf)
            perf 77578 [004] 2603099.650758:        351 cpu/event=0xD0,umask=0x81/u:  ffffffff8186a950 entry_SYSCALL_64 ([kernel.kallsyms])
