	time	ins	cycle	memory	branchm	ins_d	cycle_d	memory_d	branchm_d
0	0.001	25928.0	53666	7889.0	1866.0	0.0	0.0	0.0	0.0
1	0.0011	54177.0	65427	18525.0	0.0	28249.0	11761.0	10636.0	-1866.0
2	0.0012	74017.0	40685	30700.0	1064.0	19840.0	-24742.0	12175.0	1064.0
3	0.0013	163366.0	40304	72726.0	0.0	89349.0	-381.0	42026.0	-1064.0
4	0.0014	184197.0	86470	76365.0	0.0	20831.0	46166.0	3639.0	0.0
5	0.0015	244949.0	100578	79522.0	0.0	60752.0	14108.0	3157.0	0.0
6	0.0016	143284.0	57350	120933.0	0.0	-101665.0	-43228.0	41411.0	0.0
7	0.0017	329928.0	125638	96938.0	0.0	186644.0	68288.0	-23995.0	0.0
8	0.0018	181753.0	67623	120688.0	1004.0	-148175.0	-58015.0	23750.0	1004.0
9	0.0019	388236.0	70786	80024.0	0.0	206483.0	3163.0	-40664.0	-1004.0
10	0.002	205025.0	73063	82757.0	0.0	-183211.0	2277.0	2733.0	0.0
11	0.0021	212105.0	153755	120329.0	0.0	7080.0	80692.0	37572.0	0.0
12	0.0022	218305.0	80229	144261.0	0.0	6200.0	-73526.0	23932.0	0.0
13	0.0023	223936.0	82149	92824.0	901.0	5631.0	1920.0	-51437.0	901.0
14	0.0024	460798.0	83863	94477.0	0.0	236862.0	1714.0	1653.0	-901.0
15	0.0025	235679.0	84798	95691.0	0.0	-225119.0	935.0	1214.0	0.0
16	0.0026	239537.0	86146	97241.0	0.0	3858.0	1348.0	1550.0	0.0
17	0.0027	243124.0	87413	98733.0	812.0	3587.0	1267.0	1492.0	812.0
18	0.0028	246162.0	88542	100069.0	0.0	3038.0	1129.0	1336.0	-812.0
19	0.0029	247166.0	89540	100932.0	0.0	1004.0	998.0	863.0	0.0
20	0.003	249550.0	180513	101514.0	0.0	2384.0	90973.0	582.0	0.0
21	0.0031	251916.0	91400	102476.0	735.0	2366.0	-89113.0	962.0	735.0
22	0.0032	237675.0	0	100710.0	0.0	-14241.0	-91400.0	-1766.0	-735.0
23	0.0033	231270.0	86998	96082.0	0.0	-6405.0	86998.0	-4628.0	0.0
24	0.0034	234135.0	170319	94915.0	0.0	2865.0	83321.0	-1167.0	0.0
25	0.0035	237892.0	86917	96298.0	609.0	3757.0	-83402.0	1383.0	609.0
26	0.0036	241371.0	88088	196688.0	0.0	3479.0	1171.0	100390.0	-609.0
27	0.0037	242824.0	88571	99709.0	0.0	1453.0	483.0	-96979.0	0.0
28	0.0038	245735.0	89477	100856.0	554.0	2911.0	906.0	1147.0	554.0
29	0.0039	248509.0	90359	101618.0	0.0	2774.0	882.0	762.0	-554.0
30	0.004	249086.0	90582	102102.0	511.0	577.0	223.0	484.0	511.0
31	0.0041	251346.0	91285	103032.0	0.0	2260.0	703.0	930.0	-511.0
32	0.0042	507403.0	91979	103623.0	0.0	256057.0	694.0	591.0	0.0
33	0.0043	255838.0	92046	103992.0	472.0	-251565.0	67.0	369.0	472.0
34	0.0044	257825.0	92588	104808.0	0.0	1987.0	542.0	816.0	-472.0
35	0.0045	257815.0	92588	104875.0	437.0	-10.0	0.0	67.0	437.0
36	0.0046	259209.0	93078	105496.0	0.0	1394.0	490.0	621.0	-437.0
37	0.0047	259003.0	93018	105399.0	409.0	-206.0	-60.0	-97.0	409.0
38	0.0048	260148.0	93458	105931.0	0.0	1145.0	440.0	532.0	-409.0
39	0.0049	259762.0	93333	105776.0	385.0	-386.0	-125.0	-155.0	385.0
40	0.005	261067.0	93721	106304.0	0.0	1305.0	388.0	528.0	-385.0
41	0.0051	260561.0	93583	106169.0	363.0	-506.0	-138.0	-135.0	363.0
42	0.0052	259845.0	93961	106312.0	348.0	-716.0	378.0	143.0	-15.0
43	0.0053	260931.0	93805	106331.0	0.0	1086.0	-156.0	19.0	-348.0
44	0.0054	260387.0	94136	106491.0	331.0	-544.0	331.0	160.0	331.0
45	0.0055	261554.0	93945	106556.0	316.0	1167.0	-191.0	65.0	-15.0
46	0.0056	261187.0	93735	106400.0	0.0	-367.0	-210.0	-156.0	-316.0
47	0.0057	260432.0	94078	106567.0	305.0	-755.0	343.0	167.0	305.0
48	0.0058	261468.0	93891	106568.0	293.0	1036.0	-187.0	1.0	-12.0
49	0.0059	260854.0	93689	106284.0	0.0	-614.0	-202.0	-284.0	-293.0
50	0.006	260216.0	94039	106408.0	283.0	-638.0	350.0	124.0	283.0
51	0.0061	261216.0	93860	106184.0	274.0	1000.0	-179.0	-224.0	-9.0
52	0.0062	260776.0	93644	106238.0	263.0	-440.0	-216.0	54.0	-11.0
53	0.0063	260301.0	94006	106487.0	0.0	-475.0	362.0	249.0	-263.0
54	0.0064	259621.0	93842	106308.0	259.0	-680.0	-164.0	-179.0	259.0
55	0.0065	260881.0	93645	106054.0	253.0	1260.0	-197.0	-254.0	-6.0
56	0.0066	260445.0	93452	106105.0	248.0	-436.0	-193.0	51.0	-5.0
57	0.0067	259694.0	93288	105832.0	241.0	-751.0	-164.0	-273.0	-7.0
58	0.0068	259218.0	93691	106084.0	0.0	-476.0	403.0	252.0	-241.0
59	0.0069	258592.0	93556	105914.0	239.0	-626.0	-135.0	-170.0	239.0
60	0.007	258028.0	93383	105641.0	238.0	-564.0	-173.0	-273.0	-1.0
61	0.0071	257690.0	93237	105427.0	236.0	-338.0	-146.0	-214.0	-2.0
62	0.0072	0.0	93082	105302.0	230.0	-257690.0	-155.0	-125.0	-6.0
63	0.0073	259022.0	91721	103680.0	229.0	259022.0	-1361.0	-1622.0	-1.0
64	0.0074	255040.0	91518	103734.0	222.0	-3982.0	-203.0	54.0	-7.0
65	0.0075	254578.0	92071	104241.0	222.0	-462.0	553.0	507.0	0.0
66	0.0076	254630.0	92114	104259.0	0.0	52.0	43.0	18.0	-222.0
67	0.0077	254670.0	92110	104281.0	222.0	40.0	-4.0	22.0	222.0
68	0.0078	254808.0	92088	104293.0	220.0	138.0	-22.0	12.0	-2.0
69	0.0079	254855.0	92071	104233.0	220.0	47.0	-17.0	-60.0	0.0
70	0.008	509351.0	92064	104205.0	219.0	254496.0	-7.0	-28.0	-1.0
71	0.0081	0.0	92060	104220.0	215.0	-509351.0	-4.0	15.0	-4.0
72	0.0082	256548.0	92115	104262.0	219.0	256548.0	55.0	42.0	4.0
73	0.0083	255319.0	92143	104242.0	222.0	-1229.0	28.0	-20.0	3.0
74	0.0084	255074.0	92206	104260.0	222.0	-245.0	63.0	18.0	0.0
75	0.0085	255094.0	92166	104266.0	222.0	20.0	-40.0	6.0	0.0
76	0.0086	510269.0	92151	104243.0	223.0	255175.0	-15.0	-23.0	1.0
77	0.0087	256852.0	92124	104209.0	219.0	-253417.0	-27.0	-34.0	-4.0
78	0.0088	0.0	92107	104242.0	220.0	-256852.0	-17.0	33.0	1.0
79	0.0089	256941.0	92074	104190.0	222.0	256941.0	-33.0	-52.0	2.0
80	0.009	256551.0	92035	104095.0	222.0	-390.0	-39.0	-95.0	0.0
81	0.0091	256195.0	92019	104110.0	222.0	-356.0	-16.0	15.0	0.0
82	0.0092	256208.0	92019	104401.0	219.0	13.0	0.0	291.0	-3.0
83	0.0093	256076.0	92013	104347.0	219.0	-132.0	-6.0	-54.0	0.0
84	0.0094	255898.0	92004	104254.0	0.0	-178.0	-9.0	-93.0	-219.0
85	0.0095	255681.0	92551	104693.0	214.0	-217.0	547.0	439.0	214.0
86	0.0096	255612.0	92534	104630.0	214.0	-69.0	-17.0	-63.0	0.0
87	0.0097	255448.0	92489	104529.0	214.0	-164.0	-45.0	-101.0	0.0
88	0.0098	255282.0	92418	104493.0	214.0	-166.0	-71.0	-36.0	0.0
89	0.0099	510671.0	92368	104492.0	212.0	255389.0	-50.0	-1.0	-2.0
90	0.01	257174.0	92303	104463.0	209.0	-253497.0	-65.0	-29.0	-3.0
91	0.0101	257142.0	92268	104467.0	209.0	-32.0	-35.0	4.0	0.0
92	0.0102	257037.0	92243	104434.0	209.0	-105.0	-25.0	-33.0	0.0
93	0.0103	256935.0	92216	104703.0	208.0	-102.0	-27.0	269.0	-1.0
94	0.0104	0.0	92181	104706.0	209.0	-256935.0	-35.0	3.0	1.0
95	0.0105	256795.0	92150	104438.0	211.0	256795.0	-31.0	-268.0	2.0
96	0.0106	513407.0	92134	104671.0	209.0	256612.0	-16.0	233.0	-2.0
97	0.0107	0.0	92101	104706.0	208.0	-513407.0	-33.0	35.0	-1.0
98	0.0108	256602.0	92078	104629.0	209.0	256602.0	-23.0	-77.0	1.0
99	0.0109	256462.0	92062	104600.0	209.0	-140.0	-16.0	-29.0	0.0
100	0.011	256421.0	92040	104570.0	209.0	-41.0	-22.0	-30.0	0.0
101	0.0111	256238.0	92037	104510.0	209.0	-183.0	-3.0	-60.0	0.0
102	0.0112	256198.0	92018	104471.0	208.0	-40.0	-19.0	-39.0	-1.0
103	0.0113	256039.0	90676	102864.0	0.0	-159.0	-1342.0	-1607.0	-208.0
104	0.0114	252008.0	91197	102826.0	206.0	-4031.0	521.0	-38.0	206.0
105	0.0115	252090.0	91307	103421.0	204.0	82.0	110.0	595.0	-2.0
106	0.0116	252423.0	91366	103604.0	204.0	333.0	59.0	183.0	0.0
107	0.0117	252727.0	91435	103632.0	203.0	304.0	69.0	28.0	-1.0
108	0.0118	253018.0	91482	103704.0	201.0	291.0	47.0	72.0	-2.0
109	0.0119	253269.0	91532	103767.0	201.0	251.0	50.0	63.0	0.0
110	0.012	253513.0	91576	103789.0	202.0	244.0	44.0	22.0	1.0
111	0.0121	253592.0	91622	103801.0	202.0	79.0	46.0	12.0	0.0
112	0.0122	253683.0	91671	103790.0	204.0	91.0	49.0	-11.0	2.0
113	0.0123	253867.0	91709	103811.0	205.0	184.0	38.0	21.0	1.0
114	0.0124	253928.0	91720	103804.0	206.0	61.0	11.0	-7.0	1.0
115	0.0125	253863.0	91727	103792.0	208.0	-65.0	7.0	-12.0	2.0
116	0.0126	253836.0	91751	103840.0	207.0	-27.0	24.0	48.0	-1.0
117	0.0127	254094.0	91783	103858.0	207.0	258.0	32.0	18.0	0.0
118	0.0128	254228.0	91815	103866.0	207.0	134.0	32.0	8.0	0.0
119	0.0129	254240.0	91815	103863.0	208.0	12.0	0.0	-3.0	1.0
120	0.013	254314.0	91825	103933.0	207.0	74.0	10.0	70.0	-1.0
121	0.0131	256165.0	91848	103994.0	207.0	1851.0	23.0	61.0	0.0
122	0.0132	256330.0	91867	104001.0	206.0	165.0	19.0	7.0	-1.0
123	0.0133	256336.0	91858	104332.0	203.0	6.0	-9.0	331.0	-3.0
124	0.0134	256389.0	91849	104273.0	206.0	53.0	-9.0	-59.0	3.0
125	0.0135	255895.0	91840	104239.0	205.0	-494.0	-9.0	-34.0	-1.0
126	0.0136	255800.0	91835	104191.0	205.0	-95.0	-5.0	-48.0	0.0
127	0.0137	255752.0	91841	104216.0	205.0	-48.0	6.0	25.0	0.0
128	0.0138	255806.0	91857	104272.0	205.0	54.0	16.0	56.0	0.0
129	0.0139	255750.0	91881	104298.0	208.0	-56.0	24.0	26.0	3.0
130	0.014	255769.0	91897	104218.0	208.0	19.0	16.0	-80.0	0.0
131	0.0141	255709.0	91901	104233.0	208.0	-60.0	4.0	15.0	0.0
132	0.0142	255709.0	91909	104211.0	208.0	0.0	8.0	-22.0	0.0
133	0.0143	255526.0	91912	104200.0	209.0	-183.0	3.0	-11.0	1.0
134	0.0144	255464.0	91905	104162.0	206.0	-62.0	-7.0	-38.0	-3.0
135	0.0145	255474.0	92433	104601.0	206.0	10.0	528.0	439.0	0.0
136	0.0146	255470.0	92438	104642.0	206.0	-4.0	5.0	41.0	0.0
137	0.0147	255439.0	92396	104624.0	208.0	-31.0	-42.0	-18.0	2.0
138	0.0148	255602.0	92360	104164.0	207.0	163.0	-36.0	-460.0	-1.0
139	0.0149	255322.0	92328	104538.0	207.0	-280.0	-32.0	374.0	0.0
140	0.015	255431.0	92296	104538.0	208.0	109.0	-32.0	0.0	1.0
141	0.0151	255377.0	92262	104550.0	0.0	-54.0	-34.0	12.0	-208.0
142	0.0152	255534.0	92168	104452.0	208.0	157.0	-94.0	-98.0	208.0
143	0.0153	255458.0	90451	102397.0	205.0	-76.0	-1717.0	-2055.0	-3.0
144	0.0154	250372.0	90376	102290.0	205.0	-5086.0	-75.0	-107.0	0.0
145	0.0155	250161.0	90499	102415.0	204.0	-211.0	123.0	125.0	-1.0
146	0.0156	250493.0	90649	102537.0	204.0	332.0	150.0	122.0	0.0
147	0.0157	250858.0	90787	102626.0	204.0	365.0	138.0	89.0	0.0
148	0.0158	251215.0	89893	101782.0	199.0	357.0	-894.0	-844.0	-5.0
149	0.0159	251035.0	90905	103308.0	199.0	-180.0	1012.0	1526.0	0.0
150	0.016	511149.0	92052	104615.0	202.0	260114.0	1147.0	1307.0	3.0
151	0.0161	259818.0	93122	105753.0	207.0	-251331.0	1070.0	1138.0	5.0
152	0.0162	262470.0	94097	106882.0	209.0	2652.0	975.0	1129.0	2.0
153	0.0163	264426.0	94954	107488.0	218.0	1956.0	857.0	606.0	9.0
154	0.0164	266523.0	95688	108293.0	218.0	2097.0	734.0	805.0	0.0
155	0.0165	268312.0	96352	109065.0	220.0	1789.0	664.0	772.0	2.0
156	0.0166	269665.0	96945	109704.0	221.0	1353.0	593.0	639.0	1.0
157	0.0167	271102.0	97467	110560.0	221.0	1437.0	522.0	856.0	0.0
158	0.0168	272473.0	97952	110871.0	224.0	1371.0	485.0	311.0	3.0
159	0.0169	273717.0	98386	111671.0	221.0	1244.0	434.0	800.0	-3.0
160	0.017	274853.0	98742	112155.0	222.0	1136.0	356.0	484.0	1.0
161	0.0171	275830.0	99084	112547.0	222.0	977.0	342.0	392.0	0.0
162	0.0172	276699.0	99389	112930.0	224.0	869.0	305.0	383.0	2.0
163	0.0173	277325.0	99637	113214.0	226.0	626.0	248.0	284.0	2.0
164	0.0174	278040.0	199980	113479.0	226.0	715.0	100343.0	265.0	0.0
165	0.0175	278967.0	100871	113837.0	225.0	927.0	-99109.0	358.0	-1.0
166	0.0176	279641.0	101064	114541.0	2815.0	674.0	193.0	704.0	2590.0
