	time	ins	cycle	memory	branchm	ins_d	cycle_d	memory_d	branchm_d
0	0.001	254358	102759	101663.0	1448	0.0	0.0	0.0	0.0
1	0.0011	294200	120234	124989.0	0	39842.0	17475.0	23326.0	-1448.0
2	0.0012	379922	143596	164320.0	0	85722.0	23362.0	39331.0	0.0
3	0.0013	462518	80465	94036.0	0	82596.0	-63131.0	-70284.0	0.0
4	0.0014	256053	85993	205941.0	0	-206465.0	5528.0	111905.0	0.0
5	0.0015	266286	186332	65788.0	1186	10233.0	100339.0	-140153.0	1186.0
6	0.0016	246809	90016	140875.0	0	-19477.0	-96316.0	75087.0	-1186.0
7	0.0017	245335	89183	102497.0	0	-1474.0	-833.0	-38378.0	0.0
8	0.0018	524120	92931	174352.0	0	278785.0	3748.0	71855.0	0.0
9	0.0019	281130	197620	113613.0	1068	-242990.0	104689.0	-60739.0	1068.0
10	0.002	290987	103902	117510.0	0	9857.0	-93718.0	3897.0	-1068.0
11	0.0021	294969	106074	120520.0	0	3982.0	2172.0	3010.0	0.0
12	0.0022	292169	104774	119496.0	0	-2800.0	-1300.0	-1024.0	0.0
13	0.0023	290161	0	118697.0	970	-2008.0	-104774.0	-799.0	970.0
14	0.0024	288581	103928	117990.0	0	-1580.0	103928.0	-707.0	-970.0
15	0.0025	285520	103206	116707.0	0	-3061.0	-722.0	-1283.0	0.0
16	0.0026	285831	102078	115716.0	0	311.0	-1128.0	-991.0	0.0
17	0.0027	284485	101537	115978.0	878	-1346.0	-541.0	262.0	878.0
18	0.0028	283496	101530	116016.0	0	-989.0	-7.0	38.0	-878.0
19	0.0029	280869	101161	44317.0	0	-2627.0	-369.0	-71699.0	0.0
20	0.003	280096	100268	114800.0	0	-773.0	-893.0	70483.0	0.0
21	0.0031	279555	99938	114515.0	797	-541.0	-330.0	-285.0	797.0
22	0.0032	280782	99703	114263.0	0	1227.0	-235.0	-252.0	-797.0
23	0.0033	0	99492	113341.0	0	-280782.0	-211.0	-922.0	0.0
24	0.0034	278569	98776	112715.0	725	278569.0	-716.0	-626.0	725.0
25	0.0035	276441	98607	113055.0	0	-2128.0	-169.0	340.0	-725.0
26	0.0036	275996	98527	112649.0	0	-445.0	-80.0	-406.0	0.0
27	0.0037	273912	97913	112131.0	663	-2084.0	-614.0	-518.0	663.0
28	0.0038	273980	97850	112122.0	0	68.0	-63.0	-9.0	-663.0
29	0.0039	275960	97847	111473.0	0	1980.0	-3.0	-649.0	0.0
30	0.004	274305	97299	111014.0	609	-1655.0	-548.0	-459.0	609.0
31	0.0041	272577	97305	111568.0	0	-1728.0	6.0	554.0	-609.0
32	0.0042	272676	96829	111426.0	0	99.0	-476.0	-142.0	0.0
33	0.0043	271265	96880	111086.0	562	-1411.0	51.0	-340.0	562.0
34	0.0044	273223	96989	110405.0	0	1958.0	109.0	-681.0	-562.0
35	0.0045	271673	96532	110066.0	522	-1550.0	-457.0	-339.0	522.0
36	0.0046	270315	96621	110699.0	0	-1358.0	89.0	633.0	-522.0
37	0.0047	267348	96196	110523.0	488	-2967.0	-425.0	-176.0	488.0
38	0.0048	268048	96332	110409.0	0	700.0	136.0	-114.0	-488.0
39	0.0049	270250	96375	110161.0	456	2202.0	43.0	-248.0	456.0
40	0.005	272822	96531	110017.0	0	2572.0	156.0	-144.0	-456.0
41	0.0051	273425	96160	110276.0	427	603.0	-371.0	259.0	427.0
42	0.0052	272208	96303	110151.0	0	-1217.0	143.0	-125.0	-427.0
43	0.0053	268043	95959	110391.0	403	-4165.0	-344.0	240.0	403.0
44	0.0054	268402	96127	110340.0	0	359.0	168.0	-51.0	-403.0
45	0.0055	267357	95783	67482.0	365	-1045.0	-344.0	-42858.0	365.0
46	0.0056	270639	96311	110321.0	343	3282.0	528.0	42839.0	-22.0
47	0.0057	266733	94544	107835.0	0	-3906.0	-1767.0	-2486.0	-343.0
48	0.0058	265299	94164	148969.0	332	-1434.0	-380.0	41134.0	332.0
49	0.0059	264647	94501	108439.0	316	-652.0	337.0	-40530.0	-16.0
50	0.006	263405	94716	108385.0	0	-1242.0	215.0	-54.0	-316.0
51	0.0061	264088	94931	108587.0	309	683.0	215.0	202.0	309.0
52	0.0062	267150	95258	67173.0	298	3062.0	327.0	-41414.0	-11.0
53	0.0063	268151	95009	150246.0	292	1001.0	-249.0	83073.0	-6.0
54	0.0064	267226	94739	108290.0	0	-925.0	-270.0	-41956.0	-292.0
55	0.0065	266397	94495	107904.0	285	-829.0	-244.0	-386.0	285.0
56	0.0066	264079	94816	67032.0	275	-2318.0	321.0	-40872.0	-10.0
57	0.0067	263372	94606	108971.0	270	-707.0	-210.0	41939.0	-5.0
58	0.0068	264395	94355	149836.0	266	1023.0	-251.0	40865.0	-4.0
59	0.0069	265646	94152	108120.0	0	1251.0	-203.0	-41716.0	-266.0
60	0.007	266826	93975	65915.0	258	1180.0	-177.0	-42205.0	258.0
61	0.0071	266214	94357	107765.0	253	-612.0	382.0	41850.0	-5.0
62	0.0072	263802	94203	108129.0	252	-2412.0	-154.0	364.0	-1.0
63	0.0073	262872	94012	107842.0	250	-930.0	-191.0	-287.0	-2.0
64	0.0074	261942	93824	107392.0	250	-930.0	-188.0	-450.0	0.0
65	0.0075	263179	93659	106708.0	249	1237.0	-165.0	-684.0	-1.0
66	0.0076	262562	93514	106426.0	249	-617.0	-145.0	-282.0	0.0
67	0.0077	262126	93382	106477.0	248	-436.0	-132.0	51.0	-1.0
68	0.0078	260185	93289	106786.0	247	-1941.0	-93.0	309.0	-1.0
69	0.0079	258205	93191	106886.0	247	-1980.0	-98.0	100.0	0.0
70	0.008	258174	93119	106706.0	245	-31.0	-72.0	-180.0	-2.0
71	0.0081	261642	93045	105911.0	0	3468.0	-74.0	-795.0	-245.0
72	0.0082	261711	92988	106001.0	245	69.0	-57.0	90.0	245.0
73	0.0083	263183	92940	106445.0	243	1472.0	-48.0	444.0	-2.0
74	0.0084	262998	92902	106426.0	486	-185.0	-38.0	-19.0	243.0
75	0.0085	261117	92874	107073.0	247	-1881.0	-28.0	647.0	-239.0
76	0.0086	257809	92847	106818.0	0	-3308.0	-27.0	-255.0	-247.0
77	0.0087	258936	92807	105961.0	251	1127.0	-40.0	-857.0	251.0
78	0.0088	262889	92771	106320.0	495	3953.0	-36.0	359.0	244.0
79	0.0089	262902	92765	106317.0	0	13.0	-6.0	-3.0	-495.0
80	0.009	259718	92756	106284.0	254	-3184.0	-9.0	-33.0	254.0
81	0.0091	259405	92742	106665.0	506	-313.0	-14.0	381.0	252.0
82	0.0092	259346	92743	106611.0	0	-59.0	1.0	-54.0	-506.0
83	0.0093	259338	92739	106057.0	256	-8.0	-4.0	-554.0	256.0
84	0.0094	260983	93273	106662.0	251	1645.0	534.0	605.0	-5.0
85	0.0095	262845	0	106405.0	250	1862.0	-93273.0	-257.0	-1.0
86	0.0096	262411	93247	106481.0	246	-434.0	93247.0	76.0	-4.0
87	0.0097	257985	91820	104772.0	245	-4426.0	-1427.0	-1709.0	-1.0
88	0.0098	255413	91441	104531.0	244	-2572.0	-379.0	-241.0	-1.0
89	0.0099	254994	92019	40235.0	244	-419.0	578.0	-64296.0	0.0
90	0.01	258857	185085	105363.0	244	3863.0	93066.0	65128.0	0.0
91	0.0101	260116	0	169021.0	244	1259.0	-185085.0	63658.0	0.0
92	0.0102	259986	185346	105412.0	246	-130.0	185346.0	-63609.0	2.0
93	0.0103	257999	92886	105778.0	247	-1987.0	-92460.0	366.0	1.0
94	0.0104	256152	93422	105669.0	247	-1847.0	536.0	-109.0	0.0
95	0.0105	256152	0	40473.0	249	0.0	-93422.0	-65196.0	2.0
96	0.0106	259837	93374	170518.0	250	3685.0	93374.0	130045.0	1.0
97	0.0107	261327	92684	105898.0	250	1490.0	-690.0	-64620.0	0.0
98	0.0108	261046	185147	105841.0	252	-281.0	92463.0	-57.0	2.0
99	0.0109	259158	92975	106443.0	252	-1888.0	-92172.0	602.0	0.0
100	0.011	260108	93476	106628.0	252	950.0	501.0	185.0	0.0
101	0.0111	259967	0	106497.0	252	-141.0	-93476.0	-131.0	0.0
102	0.0112	261511	186249	41338.0	254	1544.0	186249.0	-65159.0	2.0
103	0.0113	259757	93270	106489.0	254	-1754.0	-92979.0	65151.0	0.0
104	0.0114	260843	93770	169771.0	254	1086.0	500.0	63282.0	0.0
105	0.0115	259188	93189	106516.0	252	-1655.0	-581.0	-63255.0	-2.0
106	0.0116	258950	0	106494.0	251	-238.0	-93189.0	-22.0	-1.0
107	0.0117	258832	93056	40693.0	250	-118.0	93056.0	-65801.0	-1.0
108	0.0118	260489	185809	106947.0	250	1657.0	92753.0	66254.0	0.0
109	0.0119	261781	93309	106343.0	0	1292.0	-92500.0	-604.0	-250.0
110	0.012	261651	93284	170792.0	500	-130.0	-25.0	64449.0	500.0
111	0.0121	261333	93213	106518.0	0	-318.0	-71.0	-64274.0	-500.0
112	0.0122	259507	93145	106872.0	502	-1826.0	-68.0	354.0	502.0
113	0.0123	259249	93094	40848.0	252	-258.0	-51.0	-66024.0	-250.0
114	0.0124	260806	93458	107314.0	253	1557.0	364.0	66466.0	1.0
115	0.0125	262075	93391	106610.0	0	1269.0	-67.0	-704.0	-253.0
116	0.0126	261918	93307	171345.0	253	-157.0	-84.0	64735.0	253.0
117	0.0127	261683	93231	106784.0	252	-235.0	-76.0	-64561.0	-1.0
118	0.0128	261364	93169	106743.0	253	-319.0	-62.0	-41.0	1.0
119	0.0129	261102	93118	106651.0	253	-262.0	-51.0	-92.0	0.0
120	0.013	262598	93608	41205.0	247	1496.0	490.0	-65446.0	-6.0
121	0.0131	262297	94104	172625.0	247	-301.0	496.0	131420.0	0.0
122	0.0132	261985	93891	41671.0	247	-312.0	-213.0	-130954.0	0.0
123	0.0133	262884	93713	172511.0	247	899.0	-178.0	130840.0	0.0
124	0.0134	262559	93578	107474.0	247	-325.0	-135.0	-65037.0	0.0
125	0.0135	262001	0	41134.0	246	-558.0	-93578.0	-66340.0	-1.0
126	0.0136	261452	93412	106312.0	240	-549.0	93412.0	65178.0	-6.0
127	0.0137	0	92068	104901.0	242	-261452.0	-1344.0	-1411.0	2.0
128	0.0138	256251	91907	104689.0	242	256251.0	-161.0	-212.0	0.0
129	0.0139	506159	92498	103816.0	241	249908.0	591.0	-873.0	-1.0
130	0.014	255018	92539	105110.0	244	-251141.0	41.0	1294.0	3.0
131	0.0141	258100	91485	105202.0	249	3082.0	-1054.0	92.0	5.0
132	0.0142	260941	185880	170880.0	251	2841.0	94395.0	65678.0	2.0
133	0.0143	263584	94397	107824.0	252	2643.0	-91483.0	-63056.0	1.0
134	0.0144	265799	95258	108719.0	251	2215.0	861.0	895.0	-1.0
135	0.0145	267988	96036	109608.0	0	2189.0	778.0	889.0	-251.0
136	0.0146	270115	96739	110437.0	251	2127.0	703.0	829.0	251.0
137	0.0147	274203	97378	112592.0	246	4088.0	639.0	2155.0	-5.0
138	0.0148	275925	97950	157020.0	246	1722.0	572.0	44428.0	0.0
139	0.0149	277150	99023	113798.0	248	1225.0	1073.0	-43222.0	2.0
140	0.015	278492	99471	113774.0	248	1342.0	448.0	-24.0	0.0
141	0.0151	279390	99807	113846.0	249	898.0	336.0	72.0	1.0
142	0.0152	280150	100071	114542.0	249	760.0	264.0	696.0	0.0
143	0.0153	280674	100309	114792.0	249	524.0	238.0	250.0	0.0
144	0.0154	281319	100540	114994.0	251	645.0	231.0	202.0	2.0
145	0.0155	281709	100731	115140.0	505	390.0	191.0	146.0	254.0
146	0.0156	282139	100913	115294.0	256	430.0	182.0	154.0	-249.0
147	0.0157	282446	101058	115440.0	256	307.0	145.0	146.0	0.0
148	0.0158	282877	101214	115919.0	0	431.0	156.0	479.0	-256.0
149	0.0159	283351	101358	115643.0	512	474.0	144.0	-276.0	512.0
150	0.016	283642	101456	115471.0	0	291.0	98.0	-172.0	-512.0
151	0.0161	283991	101558	115975.0	257	349.0	102.0	504.0	257.0
152	0.0162	284001	101595	116017.0	513	10.0	37.0	42.0	256.0
153	0.0163	283865	101634	115980.0	260	-136.0	39.0	-37.0	-253.0
154	0.0164	283982	101720	116047.0	260	117.0	86.0	67.0	0.0
