	time	ins	cycle	memory	branchm	ins_d	cycle_d	memory_d	branchm_d
0	0.001	79314	43205	44255.0	0.0	0.0	0.0	0.0	0.0
1	0.0011	189269	42750	76853.0	0.0	109955.0	-455.0	32598.0	0.0
2	0.0012	222165	93414	93715.0	0.0	32896.0	50664.0	16862.0	0.0
3	0.0013	292459	113857	94952.0	0.0	70294.0	20443.0	1237.0	0.0
4	0.0014	151070	57859	85574.0	960.0	-141389.0	-55998.0	-9378.0	960.0
5	0.0015	153234	58546	63534.0	0.0	2164.0	687.0	-22040.0	-960.0
6	0.0016	327151	124140	138409.0	0.0	173917.0	65594.0	74875.0	0.0
7	0.0017	179662	67127	75484.0	0.0	-147489.0	-57013.0	-62925.0	0.0
8	0.0018	388149	70480	129402.0	867.0	208487.0	3353.0	53918.0	867.0
9	0.0019	209082	149055	118422.0	0.0	-179067.0	78575.0	-10980.0	-867.0
10	0.002	214379	77306	87915.0	0.0	5297.0	-71749.0	-30507.0	0.0
11	0.0021	220768	79514	90477.0	0.0	6389.0	2208.0	2562.0	0.0
12	0.0022	226387	81549	92803.0	785.0	5619.0	2035.0	2326.0	785.0
13	0.0023	231744	83360	153862.0	0.0	5357.0	1811.0	61059.0	-785.0
14	0.0024	474877	84991	96984.0	0.0	243133.0	1631.0	-56878.0	0.0
15	0.0025	242187	85841	98547.0	0.0	-232690.0	850.0	1563.0	0.0
16	0.0026	245738	175434	100015.0	713.0	3551.0	89593.0	1468.0	713.0
17	0.0027	248889	89396	140649.0	0.0	3151.0	-86038.0	40634.0	-713.0
18	0.0028	249966	89758	102188.0	0.0	1077.0	362.0	-38461.0	0.0
19	0.0029	252338	90595	103156.0	650.0	2372.0	837.0	968.0	650.0
20	0.003	254791	91382	103871.0	0.0	2453.0	787.0	715.0	-650.0
21	0.0031	255113	91538	104266.0	0.0	322.0	156.0	395.0	0.0
22	0.0032	257015	92164	105056.0	597.0	1902.0	626.0	790.0	597.0
23	0.0033	258915	92787	105496.0	0.0	1900.0	623.0	440.0	-597.0
24	0.0034	258633	92769	105682.0	550.0	-282.0	-18.0	186.0	550.0
25	0.0035	260107	93275	106301.0	0.0	1474.0	506.0	619.0	-550.0
26	0.0036	261656	93778	106670.0	0.0	1549.0	503.0	369.0	0.0
27	0.0037	261357	93679	106796.0	508.0	-299.0	-99.0	126.0	508.0
28	0.0038	262818	94074	107070.0	0.0	1461.0	395.0	274.0	-508.0
29	0.0039	262264	93911	107127.0	473.0	-554.0	-163.0	57.0	473.0
30	0.004	263486	94274	107656.0	0.0	1222.0	363.0	529.0	-473.0
31	0.0041	264858	94663	107911.0	438.0	1372.0	389.0	255.0	438.0
32	0.0042	264321	94457	107969.0	0.0	-537.0	-206.0	58.0	-438.0
33	0.0043	265372	94754	108134.0	410.0	1051.0	297.0	165.0	410.0
34	0.0044	264488	94534	108047.0	0.0	-884.0	-220.0	-87.0	-410.0
35	0.0045	265522	94839	108152.0	386.0	1034.0	305.0	105.0	386.0
36	0.0046	264602	94593	108086.0	0.0	-920.0	-246.0	-66.0	-386.0
37	0.0047	265379	94880	108151.0	365.0	777.0	287.0	65.0	365.0
38	0.0048	264626	94644	108115.0	348.0	-753.0	-236.0	-36.0	-17.0
39	0.0049	263882	94391	108254.0	0.0	-744.0	-253.0	139.0	-348.0
40	0.005	264863	94704	107861.0	334.0	981.0	313.0	-393.0	334.0
41	0.0051	263862	94481	107745.0	321.0	-1001.0	-223.0	-116.0	-13.0
42	0.0052	263143	94248	107894.0	0.0	-719.0	-233.0	149.0	-321.0
43	0.0053	264266	94582	107556.0	299.0	1123.0	334.0	-338.0	299.0
44	0.0054	262985	94182	106733.0	285.0	-1281.0	-400.0	-823.0	-14.0
45	0.0055	260005	92718	105892.0	0.0	-2980.0	-1464.0	-841.0	-285.0
46	0.0056	259208	93048	105580.0	279.0	-797.0	330.0	-312.0	279.0
47	0.0057	258594	93007	105375.0	275.0	-614.0	-41.0	-205.0	-4.0
48	0.0058	258238	92898	105297.0	271.0	-356.0	-109.0	-78.0	-4.0
49	0.0059	258100	92825	105490.0	263.0	-138.0	-73.0	193.0	-8.0
50	0.006	258000	92769	105877.0	0.0	-100.0	-56.0	387.0	-263.0
51	0.0061	259604	93269	105819.0	257.0	1604.0	500.0	-58.0	257.0
52	0.0062	259434	93211	105673.0	254.0	-170.0	-58.0	-146.0	-3.0
53	0.0063	258955	93084	105544.0	252.0	-479.0	-127.0	-129.0	-2.0
54	0.0064	258751	92992	105439.0	251.0	-204.0	-92.0	-105.0	-1.0
55	0.0065	258407	92913	105319.0	249.0	-344.0	-79.0	-120.0	-2.0
56	0.0066	258316	92847	105554.0	243.0	-91.0	-66.0	235.0	-6.0
57	0.0067	260014	92799	106050.0	239.0	1698.0	-48.0	496.0	-4.0
58	0.0068	260083	93290	105981.0	0.0	69.0	491.0	-69.0	-239.0
59	0.0069	259615	93234	105847.0	239.0	-468.0	-56.0	-134.0	239.0
60	0.007	259180	93112	105673.0	239.0	-435.0	-122.0	-174.0	0.0
61	0.0071	258819	93011	105517.0	237.0	-361.0	-101.0	-156.0	-2.0
62	0.0072	258450	92908	105392.0	237.0	-369.0	-103.0	-125.0	0.0
63	0.0073	258232	92815	105337.0	235.0	-218.0	-93.0	-55.0	-2.0
64	0.0074	258145	92753	105301.0	235.0	-87.0	-62.0	-36.0	0.0
65	0.0075	258144	92698	105330.0	234.0	-1.0	-55.0	29.0	-1.0
66	0.0076	258129	92670	105575.0	232.0	-15.0	-28.0	245.0	-2.0
67	0.0077	258212	92638	105962.0	232.0	83.0	-32.0	387.0	0.0
68	0.0078	257866	92608	105625.0	237.0	-346.0	-30.0	-337.0	5.0
69	0.0079	257741	92588	105125.0	238.0	-125.0	-20.0	-500.0	1.0
70	0.008	257674	92562	105067.0	238.0	-67.0	-26.0	-58.0	0.0
71	0.0081	257677	92534	105368.0	235.0	3.0	-28.0	301.0	-3.0
72	0.0082	257707	92514	105773.0	0.0	30.0	-20.0	405.0	-235.0
73	0.0083	259368	93024	105752.0	230.0	1661.0	510.0	-21.0	230.0
74	0.0084	259185	93001	105586.0	229.0	-183.0	-23.0	-166.0	-1.0
75	0.0085	258754	92894	105465.0	229.0	-431.0	-107.0	-121.0	0.0
76	0.0086	258517	92795	105373.0	228.0	-237.0	-99.0	-92.0	-1.0
77	0.0087	258276	92752	105250.0	228.0	-241.0	-43.0	-123.0	0.0
78	0.0088	258019	92677	105138.0	228.0	-257.0	-75.0	-112.0	0.0
79	0.0089	257702	92605	105072.0	228.0	-317.0	-72.0	-66.0	0.0
80	0.009	257520	92568	105023.0	228.0	-182.0	-37.0	-49.0	0.0
81	0.0091	257559	92531	105065.0	227.0	39.0	-37.0	42.0	-1.0
82	0.0092	257506	92498	105316.0	223.0	-53.0	-33.0	251.0	-4.0
83	0.0093	257611	92482	105713.0	223.0	105.0	-16.0	397.0	0.0
84	0.0094	257452	92450	104877.0	0.0	-159.0	-32.0	-836.0	-223.0
85	0.0095	254134	90880	103751.0	435.0	-3318.0	-1570.0	-1126.0	435.0
86	0.0096	254233	91370	103729.0	223.0	99.0	490.0	-22.0	-212.0
87	0.0097	252931	91008	103820.0	223.0	-1302.0	-362.0	91.0	0.0
88	0.0098	254834	91092	103965.0	224.0	1903.0	84.0	145.0	1.0
89	0.0099	255268	91214	104027.0	226.0	434.0	122.0	62.0	2.0
90	0.01	253874	91318	104098.0	227.0	-1394.0	104.0	71.0	1.0
91	0.0101	254153	91434	104226.0	0.0	279.0	116.0	128.0	-227.0
92	0.0102	256218	92086	104293.0	224.0	2065.0	652.0	67.0	224.0
93	0.0103	256280	92179	104325.0	224.0	62.0	93.0	32.0	0.0
94	0.0104	256533	92201	104373.0	224.0	253.0	22.0	48.0	0.0
95	0.0105	256368	92209	104400.0	224.0	-165.0	8.0	27.0	0.0
96	0.0106	256387	92207	104423.0	223.0	19.0	-2.0	23.0	-1.0
97	0.0107	256430	92192	104402.0	222.0	43.0	-15.0	-21.0	-1.0
98	0.0108	256455	92171	104472.0	221.0	25.0	-21.0	70.0	-1.0
99	0.0109	256478	92179	104523.0	221.0	23.0	8.0	51.0	0.0
100	0.011	256535	92190	104521.0	221.0	57.0	11.0	-2.0	0.0
101	0.0111	256603	92199	104587.0	220.0	68.0	9.0	66.0	-1.0
102	0.0112	256605	92202	104604.0	219.0	2.0	3.0	17.0	-1.0
103	0.0113	256740	92217	105384.0	218.0	135.0	15.0	780.0	-1.0
104	0.0114	256963	92200	105507.0	0.0	223.0	-17.0	123.0	-218.0
105	0.0115	258894	92765	105502.0	213.0	1931.0	565.0	-5.0	213.0
106	0.0116	259021	92774	105447.0	212.0	127.0	9.0	-55.0	-1.0
107	0.0117	258784	92727	105399.0	212.0	-237.0	-47.0	-48.0	0.0
108	0.0118	258535	92679	105315.0	213.0	-249.0	-48.0	-84.0	1.0
109	0.0119	258308	92636	105273.0	213.0	-227.0	-43.0	-42.0	0.0
110	0.012	258175	92583	105172.0	213.0	-133.0	-53.0	-101.0	0.0
111	0.0121	257781	92516	105092.0	213.0	-394.0	-67.0	-80.0	0.0
112	0.0122	257647	92478	105000.0	214.0	-134.0	-38.0	-92.0	1.0
113	0.0123	257320	92449	104882.0	214.0	-327.0	-29.0	-118.0	0.0
114	0.0124	257171	92431	104844.0	214.0	-149.0	-18.0	-38.0	0.0
115	0.0125	257052	92396	104795.0	213.0	-119.0	-35.0	-49.0	-1.0
116	0.0126	257030	92360	104805.0	212.0	-22.0	-36.0	10.0	-1.0
117	0.0127	256945	92342	104832.0	212.0	-85.0	-18.0	27.0	0.0
118	0.0128	256964	92337	104815.0	211.0	19.0	-5.0	-17.0	-1.0
119	0.0129	257121	92308	104910.0	212.0	157.0	-29.0	95.0	1.0
120	0.013	257278	92310	104892.0	213.0	157.0	2.0	-18.0	1.0
121	0.0131	257105	92299	104900.0	213.0	-173.0	-11.0	8.0	0.0
122	0.0132	257190	92297	104896.0	214.0	85.0	-2.0	-4.0	1.0
123	0.0133	257179	92295	64364.0	213.0	-11.0	-2.0	-40532.0	-1.0
124	0.0134	257181	92267	105298.0	212.0	2.0	-28.0	40934.0	-1.0
125	0.0135	252037	90572	102921.0	212.0	-5144.0	-1695.0	-2377.0	0.0
126	0.0136	252099	0	102926.0	209.0	62.0	-90572.0	5.0	-3.0
127	0.0137	249582	180477	141892.0	212.0	-2517.0	180477.0	38966.0	3.0
128	0.0138	252849	91013	103939.0	217.0	3267.0	-89464.0	-37953.0	5.0
129	0.0139	256435	92216	104912.0	220.0	3586.0	1203.0	973.0	3.0
130	0.014	259646	93316	106088.0	224.0	3211.0	1100.0	1176.0	4.0
131	0.0141	262388	94298	107238.0	227.0	2742.0	982.0	1150.0	3.0
132	0.0142	264975	95171	108579.0	226.0	2587.0	873.0	1341.0	-1.0
133	0.0143	267368	95951	109744.0	230.0	2393.0	780.0	1165.0	4.0
134	0.0144	269390	96647	110482.0	235.0	2022.0	696.0	738.0	5.0
135	0.0145	271163	97254	110763.0	236.0	1773.0	607.0	281.0	1.0
136	0.0146	272834	97802	180616.0	235.0	1671.0	548.0	69853.0	-1.0
137	0.0147	550139	98301	113103.0	235.0	277305.0	499.0	-67513.0	0.0
138	0.0148	278832	98740	113533.0	232.0	-271307.0	439.0	430.0	-3.0
139	0.0149	279884	99699	113972.0	232.0	1052.0	959.0	439.0	0.0
140	0.015	280305	100049	114141.0	233.0	421.0	350.0	169.0	1.0
141	0.0151	280839	100293	114364.0	234.0	534.0	244.0	223.0	1.0
142	0.0152	281476	100502	114631.0	234.0	637.0	209.0	267.0	0.0
143	0.0153	281811	100686	114819.0	234.0	335.0	184.0	188.0	0.0
144	0.0154	282192	100852	114966.0	234.0	381.0	166.0	147.0	0.0
145	0.0155	282625	101000	115167.0	234.0	433.0	148.0	201.0	0.0
146	0.0156	282838	101112	115284.0	234.0	213.0	112.0	117.0	0.0
147	0.0157	283227	101207	115464.0	234.0	389.0	95.0	180.0	0.0
148	0.0158	283268	101298	115486.0	234.0	41.0	91.0	22.0	0.0
149	0.0159	283288	101343	115532.0	234.0	20.0	45.0	46.0	0.0
150	0.016	283673	101400	115652.0	233.0	385.0	57.0	120.0	-1.0
151	0.0161	283968	101487	115790.0	234.0	295.0	87.0	138.0	1.0
152	0.0162	284059	101550	115853.0	234.0	91.0	63.0	63.0	0.0
153	0.0163	284404	101622	116000.0	231.0	345.0	72.0	147.0	-3.0
154	0.0164	284748	101695	116813.0	233.0	344.0	73.0	813.0	2.0
155	0.0165	284839	101766	116890.0	233.0	91.0	71.0	77.0	0.0
156	0.0166	285012	101823	116873.0	235.0	173.0	57.0	-17.0	2.0
157	0.0167	285229	101878	116913.0	241.0	217.0	55.0	40.0	6.0
158	0.0168	285199	101927	116210.0	242.0	-30.0	49.0	-703.0	1.0
159	0.0169	285036	101962	116077.0	242.0	-163.0	35.0	-133.0	0.0
160	0.017	285037	101992	116114.0	485.0	1.0	30.0	37.0	243.0
161	0.0171	0	102018	116273.0	2967.0	-285037.0	26.0	159.0	2482.0
