	time	ins	cycle	memory	branchm	ins_d	cycle_d	memory_d	branchm_d
0	0.001	56835	28001	7265.0	1603.0	0.0	0.0	0.0	0.0
1	0.0011	62589	61196	25182.0	0.0	5754.0	33195.0	17917.0	-1603.0
2	0.0012	40959	39401	24751.0	1208.0	-21630.0	-21795.0	-431.0	1208.0
3	0.0013	156252	80753	71764.0	0.0	115293.0	41352.0	47013.0	-1208.0
4	0.0014	175225	42637	78490.0	0.0	18973.0	-38116.0	6726.0	0.0
5	0.0015	240813	96884	104834.0	0.0	65588.0	54247.0	26344.0	0.0
6	0.0016	296786	114191	98724.0	0.0	55973.0	17307.0	-6110.0	0.0
7	0.0017	167141	63532	69011.0	0.0	-129645.0	-50659.0	-29713.0	0.0
8	0.0018	371086	66532	150350.0	1130.0	203945.0	3000.0	81339.0	1130.0
9	0.0019	199350	142807	81164.0	0.0	-171736.0	76275.0	-69186.0	-1130.0
10	0.002	205255	75051	84507.0	0.0	5905.0	-67756.0	3343.0	0.0
11	0.0021	192024	70958	78204.0	0.0	-13231.0	-4093.0	-6303.0	0.0
12	0.0022	190789	70491	126922.0	0.0	-1235.0	-467.0	48718.0	0.0
13	0.0023	403785	72990	115746.0	0.0	212996.0	2499.0	-11176.0	0.0
14	0.0024	213018	153835	87144.0	904.0	-190767.0	80845.0	-28602.0	904.0
15	0.0025	219459	80364	89417.0	0.0	6441.0	-73471.0	2273.0	-904.0
16	0.0026	223000	81683	91178.0	0.0	3541.0	1319.0	1761.0	0.0
17	0.0027	228127	83418	151594.0	0.0	5127.0	1735.0	60416.0	0.0
18	0.0028	470660	85006	96216.0	812.0	242533.0	1588.0	-55378.0	812.0
19	0.0029	241448	86452	136172.0	0.0	-229212.0	1446.0	39956.0	-812.0
20	0.003	243179	87705	99161.0	0.0	1731.0	1253.0	-37011.0	0.0
21	0.0031	246313	88243	100519.0	0.0	3134.0	538.0	1358.0	0.0
22	0.0032	249242	89274	101695.0	735.0	2929.0	1031.0	1176.0	735.0
23	0.0033	251793	90216	102488.0	0.0	2551.0	942.0	793.0	-735.0
24	0.0034	252432	182271	102718.0	0.0	639.0	92055.0	230.0	0.0
25	0.0035	254573	91877	104115.0	669.0	2141.0	-90394.0	1397.0	669.0
26	0.0036	256606	92517	105281.0	0.0	2033.0	640.0	1166.0	-669.0
27	0.0037	258457	92527	105292.0	0.0	1851.0	10.0	11.0	0.0
28	0.0038	258327	93027	105471.0	611.0	-130.0	500.0	179.0	611.0
29	0.0039	259797	93546	106033.0	0.0	1470.0	519.0	562.0	-611.0
30	0.004	261312	93488	106424.0	0.0	1515.0	-58.0	391.0	0.0
31	0.0041	261045	93897	106564.0	561.0	-267.0	409.0	140.0	561.0
32	0.0042	262301	94308	106826.0	0.0	1256.0	411.0	262.0	-561.0
33	0.0043	263510	94120	107562.0	0.0	1209.0	-188.0	736.0	0.0
34	0.0044	262951	94435	107904.0	516.0	-559.0	315.0	342.0	516.0
35	0.0045	263904	94785	107859.0	0.0	953.0	350.0	-45.0	-516.0
36	0.0046	263182	94588	107947.0	479.0	-722.0	-197.0	88.0	479.0
37	0.0047	263949	94870	107809.0	0.0	767.0	282.0	-138.0	-479.0
38	0.0048	263167	94649	107831.0	448.0	-782.0	-221.0	22.0	448.0
39	0.0049	263995	94904	107759.0	0.0	828.0	255.0	-72.0	-448.0
40	0.005	265128	94679	107671.0	419.0	1133.0	-225.0	-88.0	419.0
41	0.0051	264488	94935	108075.0	0.0	-640.0	256.0	404.0	-419.0
42	0.0052	265310	94687	108459.0	393.0	822.0	-248.0	384.0	393.0
43	0.0053	264300	94913	107938.0	0.0	-1010.0	226.0	-521.0	-393.0
44	0.0054	263336	94668	107981.0	372.0	-964.0	-245.0	43.0	372.0
45	0.0055	264231	94925	107635.0	354.0	895.0	257.0	-346.0	-18.0
46	0.0056	263548	94679	107537.0	0.0	-683.0	-246.0	-98.0	-354.0
47	0.0057	264360	94413	107646.0	338.0	812.0	-266.0	109.0	338.0
48	0.0058	263737	94728	107376.0	324.0	-623.0	315.0	-270.0	-14.0
49	0.0059	262887	94511	107981.0	0.0	-850.0	-217.0	605.0	-324.0
50	0.006	263846	94256	107913.0	313.0	959.0	-255.0	-68.0	313.0
51	0.0061	262935	94451	106412.0	294.0	-911.0	195.0	-1501.0	-19.0
52	0.0062	257602	92662	105196.0	0.0	-5333.0	-1789.0	-1216.0	-294.0
53	0.0063	256923	92460	105404.0	282.0	-679.0	-202.0	208.0	282.0
54	0.0064	258496	92947	105369.0	274.0	1573.0	487.0	-35.0	-8.0
55	0.0065	258362	92917	105259.0	269.0	-134.0	-30.0	-110.0	-5.0
56	0.0066	258050	92843	105383.0	261.0	-312.0	-74.0	124.0	-8.0
57	0.0067	257754	92768	105751.0	0.0	-296.0	-75.0	368.0	-261.0
58	0.0068	259355	92717	105650.0	254.0	1601.0	-51.0	-101.0	254.0
59	0.0069	259191	93223	105593.0	249.0	-164.0	506.0	-57.0	-5.0
60	0.007	258791	93167	105437.0	247.0	-400.0	-56.0	-156.0	-2.0
61	0.0071	258554	93060	105307.0	241.0	-237.0	-107.0	-130.0	-6.0
62	0.0072	258217	92973	106407.0	238.0	-337.0	-87.0	1100.0	-3.0
63	0.0073	259720	92878	105935.0	237.0	1503.0	-95.0	-472.0	-1.0
64	0.0074	259570	92815	105752.0	236.0	-150.0	-63.0	-183.0	-1.0
65	0.0075	259158	92734	105586.0	236.0	-412.0	-81.0	-166.0	0.0
66	0.0076	258724	92663	105460.0	0.0	-434.0	-71.0	-126.0	-236.0
67	0.0077	258283	92597	105274.0	238.0	-441.0	-66.0	-186.0	238.0
68	0.0078	257947	93094	105138.0	236.0	-336.0	497.0	-136.0	-2.0
69	0.0079	257735	93069	105075.0	234.0	-212.0	-25.0	-63.0	-2.0
70	0.008	257567	92983	105017.0	231.0	-168.0	-86.0	-58.0	-3.0
71	0.0081	257479	92906	105025.0	231.0	-88.0	-77.0	8.0	0.0
72	0.0082	257395	92811	104946.0	231.0	-84.0	-95.0	-79.0	0.0
73	0.0083	257137	92729	104875.0	231.0	-258.0	-82.0	-71.0	0.0
74	0.0084	256897	92681	105044.0	227.0	-240.0	-48.0	169.0	-4.0
75	0.0085	256648	92600	105432.0	224.0	-249.0	-81.0	388.0	-3.0
76	0.0086	256666	92555	105350.0	0.0	18.0	-45.0	-82.0	-224.0
77	0.0087	258328	92494	105289.0	442.0	1662.0	-61.0	-61.0	442.0
78	0.0088	258066	92451	105142.0	223.0	-262.0	-43.0	-147.0	-219.0
79	0.0089	257851	92410	105089.0	223.0	-215.0	-41.0	-53.0	0.0
80	0.009	257654	92397	104963.0	0.0	-197.0	-13.0	-126.0	-223.0
81	0.0091	257368	92384	104948.0	224.0	-286.0	-13.0	-15.0	224.0
82	0.0092	257319	92899	104866.0	220.0	-49.0	515.0	-82.0	-4.0
83	0.0093	257055	92858	104825.0	220.0	-264.0	-41.0	-41.0	0.0
84	0.0094	257090	92794	104777.0	218.0	35.0	-64.0	-48.0	-2.0
85	0.0095	256989	92730	105029.0	214.0	-101.0	-64.0	252.0	-4.0
86	0.0096	256863	92688	105413.0	214.0	-126.0	-42.0	384.0	0.0
87	0.0097	256843	92636	105416.0	214.0	-20.0	-52.0	3.0	0.0
88	0.0098	256626	92586	105262.0	213.0	-217.0	-50.0	-154.0	-1.0
89	0.0099	256610	92556	105203.0	210.0	-16.0	-30.0	-59.0	-3.0
90	0.01	258223	92489	105102.0	0.0	1613.0	-67.0	-101.0	-210.0
91	0.0101	258079	0	104460.0	209.0	-144.0	-92489.0	-642.0	209.0
92	0.0102	254144	92442	103479.0	209.0	-3935.0	92442.0	-981.0	0.0
93	0.0103	253927	91196	103400.0	209.0	-217.0	-1246.0	-79.0	0.0
94	0.0104	254074	91154	103518.0	207.0	147.0	-42.0	118.0	-2.0
95	0.0105	254342	91784	103669.0	207.0	268.0	630.0	151.0	0.0
96	0.0106	254720	91909	103778.0	206.0	378.0	125.0	109.0	-1.0
97	0.0107	254796	91974	103837.0	206.0	76.0	65.0	59.0	0.0
98	0.0108	254959	92001	103933.0	206.0	163.0	27.0	96.0	0.0
99	0.0109	255107	92040	104040.0	206.0	148.0	39.0	107.0	0.0
100	0.011	255295	92059	104077.0	207.0	188.0	19.0	37.0	1.0
101	0.0111	255435	92056	104141.0	208.0	140.0	-3.0	64.0	1.0
102	0.0112	255508	184098	104496.0	207.0	73.0	92042.0	355.0	-1.0
103	0.0113	257129	92472	104957.0	211.0	1621.0	-91626.0	461.0	4.0
104	0.0114	257240	0	104857.0	212.0	111.0	-92472.0	-100.0	1.0
105	0.0115	256991	184957	104769.0	214.0	-249.0	184957.0	-88.0	2.0
106	0.0116	256652	0	104656.0	214.0	-339.0	-184957.0	-113.0	0.0
107	0.0117	256528	184854	104613.0	215.0	-124.0	184854.0	-43.0	1.0
108	0.0118	256336	0	104586.0	215.0	-192.0	-184854.0	-27.0	0.0
109	0.0119	256263	92395	104531.0	214.0	-73.0	92395.0	-55.0	-1.0
110	0.012	256303	92385	104558.0	214.0	40.0	-10.0	27.0	0.0
111	0.0121	256381	92361	104808.0	213.0	78.0	-24.0	250.0	-1.0
112	0.0122	256389	92360	104603.0	217.0	8.0	-1.0	-205.0	4.0
113	0.0123	256426	92346	104909.0	212.0	37.0	-14.0	306.0	-5.0
114	0.0124	256470	92335	105092.0	212.0	44.0	-11.0	183.0	0.0
115	0.0125	256400	184640	105679.0	213.0	-70.0	92305.0	587.0	1.0
116	0.0126	257654	92692	105860.0	214.0	1254.0	-91948.0	181.0	1.0
117	0.0127	257638	92677	105702.0	214.0	-16.0	-15.0	-158.0	0.0
118	0.0128	257489	92620	105551.0	214.0	-149.0	-57.0	-151.0	0.0
119	0.0129	257278	92573	105405.0	215.0	-211.0	-47.0	-146.0	1.0
120	0.013	257266	92549	105366.0	216.0	-12.0	-24.0	-39.0	1.0
121	0.0131	257130	92517	105277.0	216.0	-136.0	-32.0	-89.0	0.0
122	0.0132	257103	0	105190.0	216.0	-27.0	-92517.0	-87.0	0.0
123	0.0133	257021	92502	105168.0	213.0	-82.0	92502.0	-22.0	-3.0
124	0.0134	258642	184894	105096.0	213.0	1621.0	92392.0	-72.0	0.0
125	0.0135	258544	0	105065.0	213.0	-98.0	-184894.0	-31.0	0.0
126	0.0136	258376	184769	104917.0	215.0	-168.0	184769.0	-148.0	2.0
127	0.0137	259189	92740	105503.0	216.0	813.0	-92029.0	586.0	1.0
128	0.0138	258804	92740	105296.0	0.0	-385.0	0.0	-207.0	-216.0
129	0.0139	258549	92686	105253.0	431.0	-255.0	-54.0	-43.0	431.0
130	0.014	258352	92631	105115.0	0.0	-197.0	-55.0	-138.0	-431.0
131	0.0141	257920	0	104231.0	216.0	-432.0	-92631.0	-884.0	216.0
132	0.0142	252454	92544	102836.0	210.0	-5466.0	92544.0	-1395.0	-6.0
133	0.0143	252192	91079	102534.0	209.0	-262.0	-1465.0	-302.0	-1.0
134	0.0144	248342	91012	102674.0	207.0	-3850.0	-67.0	140.0	-2.0
135	0.0145	251344	89778	102858.0	209.0	3002.0	-1234.0	184.0	2.0
136	0.0146	254783	182870	103727.0	211.0	3439.0	93092.0	869.0	2.0
137	0.0147	258003	93145	104988.0	213.0	3220.0	-89725.0	1261.0	2.0
138	0.0148	260791	94135	106459.0	213.0	2788.0	990.0	1471.0	0.0
139	0.0149	263439	95017	107702.0	221.0	2648.0	882.0	1243.0	8.0
140	0.015	265646	95796	108250.0	223.0	2207.0	779.0	548.0	2.0
141	0.0151	267780	96480	109096.0	224.0	2134.0	684.0	846.0	1.0
142	0.0152	269674	97118	109832.0	228.0	1894.0	638.0	736.0	4.0
143	0.0153	271236	97676	110515.0	459.0	1562.0	558.0	683.0	231.0
144	0.0154	272580	98144	179394.0	0.0	1344.0	468.0	68879.0	-459.0
145	0.0155	274010	98576	112104.0	460.0	1430.0	432.0	-67290.0	460.0
146	0.0156	275054	98957	113300.0	234.0	1044.0	381.0	1196.0	-226.0
147	0.0157	276089	99312	112926.0	0.0	1035.0	355.0	-374.0	-234.0
148	0.0158	276898	99594	113447.0	234.0	809.0	282.0	521.0	234.0
149	0.0159	277695	99869	114192.0	233.0	797.0	275.0	745.0	-1.0
150	0.016	557569	100113	114477.0	233.0	279874.0	244.0	285.0	0.0
151	0.0161	279677	100328	114628.0	235.0	-277892.0	215.0	151.0	2.0
152	0.0162	280278	100536	114981.0	235.0	601.0	208.0	353.0	0.0
153	0.0163	280701	100721	115152.0	234.0	423.0	185.0	171.0	-1.0
154	0.0164	281108	100874	115125.0	234.0	407.0	153.0	-27.0	0.0
155	0.0165	281560	101023	115204.0	234.0	452.0	149.0	79.0	0.0
156	0.0166	281828	101146	115292.0	235.0	268.0	123.0	88.0	1.0
157	0.0167	282129	101244	115394.0	237.0	301.0	98.0	102.0	2.0
158	0.0168	282451	101339	115514.0	237.0	322.0	95.0	120.0	0.0
159	0.0169	282718	101439	115618.0	238.0	267.0	100.0	104.0	1.0
160	0.017	282861	101533	115624.0	239.0	143.0	94.0	6.0	1.0
161	0.0171	282908	101603	115607.0	239.0	47.0	70.0	-17.0	0.0
162	0.0172	283041	101657	115655.0	241.0	133.0	54.0	48.0	2.0
163	0.0173	283303	101715	115763.0	241.0	262.0	58.0	108.0	0.0
164	0.0174	0	101754	116002.0	4312.0	-283303.0	39.0	239.0	4071.0
