	time	ins	cycle	memory	branchm	ins_d	cycle_d	memory_d	branchm_d
0	0.001	27588.0	28183	6908.0	2418	0.0	0.0	0.0	0.0
1	0.0011	53922.0	58327	23786.0	0	26334.0	30144.0	16878.0	-2418.0
2	0.0012	32409.0	34650	23137.0	0	-21513.0	-23677.0	-649.0	0.0
3	0.0013	117295.0	80775	51248.0	1152	84886.0	46125.0	28111.0	1152.0
4	0.0014	211179.0	42048	85755.0	0	93884.0	-38727.0	34507.0	-1152.0
5	0.0015	226295.0	91835	95769.0	0	15116.0	49787.0	10014.0	0.0
6	0.0016	137734.0	108276	82781.0	0	-88561.0	16441.0	-12988.0	0.0
7	0.0017	310022.0	60938	104794.0	0	172288.0	-47338.0	22013.0	0.0
8	0.0018	172602.0	64930	72223.0	0	-137420.0	3992.0	-32571.0	0.0
9	0.0019	375319.0	140299	156197.0	1062	202717.0	75369.0	83974.0	1062.0
10	0.002	201025.0	74666	82993.0	0	-174294.0	-65633.0	-73204.0	-1062.0
11	0.0021	206754.0	76003	86058.0	0	5729.0	1337.0	3065.0	0.0
12	0.0022	436171.0	78267	88510.0	0	229417.0	2264.0	2452.0	0.0
13	0.0023	230757.0	80452	148485.0	954	-205414.0	2185.0	59975.0	954.0
14	0.0024	234104.0	164236	132811.0	0	3347.0	83784.0	-15674.0	-954.0
15	0.0025	234680.0	84623	97044.0	0	576.0	-79613.0	-35767.0	0.0
16	0.0026	238581.0	86116	98610.0	0	3901.0	1493.0	1566.0	0.0
17	0.0027	243960.0	87982	100321.0	864	5379.0	1866.0	1711.0	864.0
18	0.0028	249694.0	88563	101519.0	0	5734.0	581.0	1198.0	-864.0
19	0.0029	252770.0	88983	102236.0	0	3076.0	420.0	717.0	0.0
20	0.003	255235.0	90418	103891.0	786	2465.0	1435.0	1655.0	786.0
21	0.0031	255498.0	91929	105294.0	0	263.0	1511.0	1403.0	-786.0
22	0.0032	257548.0	92691	105851.0	0	2050.0	762.0	557.0	0.0
23	0.0033	518021.0	92709	106027.0	717	260473.0	18.0	176.0	717.0
24	0.0034	266627.0	93242	106632.0	0	-251394.0	533.0	605.0	-717.0
25	0.0035	266118.0	93615	173150.0	0	-509.0	373.0	66518.0	0.0
26	0.0036	265398.0	93514	108033.0	659	-720.0	-101.0	-65117.0	659.0
27	0.0037	0.0	93942	108582.0	0	-265398.0	428.0	549.0	-659.0
28	0.0038	528580.0	94966	108281.0	0	528580.0	1024.0	-301.0	0.0
29	0.0039	265049.0	94792	108716.0	605	-263531.0	-174.0	435.0	605.0
30	0.004	268178.0	95075	109120.0	0	3129.0	283.0	404.0	-605.0
31	0.0041	269075.0	94852	108544.0	557	897.0	-223.0	-576.0	557.0
32	0.0042	269942.0	94564	108892.0	0	867.0	-288.0	348.0	-557.0
33	0.0043	265989.0	94873	108864.0	0	-3953.0	309.0	-28.0	0.0
34	0.0044	0.0	95197	40929.0	488	-265989.0	324.0	-67935.0	488.0
35	0.0045	258265.0	93237	104823.0	0	258265.0	-1960.0	63894.0	-488.0
36	0.0046	253469.0	91515	103570.0	450	-4796.0	-1722.0	-1253.0	450.0
37	0.0047	510069.0	91371	168238.0	0	256600.0	-144.0	64668.0	-450.0
38	0.0048	258867.0	92038	105277.0	422	-251202.0	667.0	-62961.0	422.0
39	0.0049	260766.0	91980	106074.0	0	1899.0	-58.0	797.0	-422.0
40	0.005	260639.0	92550	106041.0	397	-127.0	570.0	-33.0	397.0
41	0.0051	262222.0	92569	106701.0	0	1583.0	19.0	660.0	-397.0
42	0.0052	261401.0	93110	106556.0	375	-821.0	541.0	-145.0	375.0
43	0.0053	264708.0	93638	107772.0	0	3307.0	528.0	1216.0	-375.0
44	0.0054	264131.0	93942	107536.0	355	-577.0	304.0	-236.0	355.0
45	0.0055	265336.0	187975	108010.0	337	1205.0	94033.0	474.0	-18.0
46	0.0056	264385.0	94611	107792.0	0	-951.0	-93364.0	-218.0	-337.0
47	0.0057	263415.0	94793	107952.0	329	-970.0	182.0	160.0	329.0
48	0.0058	264505.0	0	108435.0	315	1090.0	-94793.0	483.0	-14.0
49	0.0059	265741.0	95116	108205.0	307	1236.0	95116.0	-230.0	-8.0
50	0.006	264943.0	94392	107823.0	0	-798.0	-724.0	-382.0	-307.0
51	0.0061	262675.0	188554	107536.0	299	-2268.0	94162.0	-287.0	299.0
52	0.0062	263706.0	0	108017.0	287	1031.0	-188554.0	481.0	-12.0
53	0.0063	264459.0	94824	107727.0	281	753.0	94824.0	-290.0	-6.0
54	0.0064	265344.0	94614	107900.0	278	885.0	-210.0	173.0	-3.0
55	0.0065	264322.0	188791	107637.0	0	-1022.0	94177.0	-263.0	-278.0
56	0.0066	263589.0	0	107911.0	277	-733.0	-188791.0	274.0	277.0
57	0.0067	266675.0	94763	108433.0	267	3086.0	94763.0	522.0	-10.0
58	0.0068	266103.0	188878	108141.0	265	-572.0	94115.0	-292.0	-2.0
59	0.0069	263609.0	0	107810.0	263	-2494.0	-188878.0	-331.0	-2.0
60	0.007	262716.0	94642	107481.0	260	-893.0	94642.0	-329.0	-3.0
61	0.0071	262044.0	94428	107155.0	258	-672.0	-214.0	-326.0	-2.0
62	0.0072	261259.0	94173	106571.0	255	-785.0	-255.0	-584.0	-3.0
63	0.0073	260892.0	94511	106389.0	254	-367.0	338.0	-182.0	-1.0
64	0.0074	261638.0	94333	106451.0	0	746.0	-178.0	62.0	-254.0
65	0.0075	261263.0	94018	107269.0	252	-375.0	-315.0	818.0	252.0
66	0.0076	264450.0	93822	107435.0	246	3187.0	-196.0	166.0	-6.0
67	0.0077	264146.0	93666	107256.0	245	-304.0	-156.0	-179.0	-1.0
68	0.0078	261937.0	93522	107005.0	244	-2209.0	-144.0	-251.0	-1.0
69	0.0079	261260.0	93932	106761.0	243	-677.0	410.0	-244.0	-1.0
70	0.008	261946.0	93822	106536.0	242	686.0	-110.0	-225.0	-1.0
71	0.0081	261568.0	94052	106892.0	241	-378.0	230.0	356.0	-1.0
72	0.0082	260983.0	93872	106677.0	241	-585.0	-180.0	-215.0	0.0
73	0.0083	261694.0	93687	106437.0	240	711.0	-185.0	-240.0	-1.0
74	0.0084	0.0	93950	41295.0	236	-261694.0	263.0	-65142.0	-4.0
75	0.0085	261392.0	93772	105963.0	0	261392.0	-178.0	64668.0	-236.0
76	0.0086	257261.0	92835	104915.0	469	-4131.0	-937.0	-1048.0	469.0
77	0.0087	257020.0	92678	105138.0	237	-241.0	-157.0	223.0	-232.0
78	0.0088	257146.0	92143	105607.0	0	126.0	-535.0	469.0	-237.0
79	0.0089	257175.0	92117	105217.0	238	29.0	-26.0	-390.0	238.0
80	0.009	257171.0	92141	105159.0	236	-4.0	24.0	-58.0	-2.0
81	0.0091	257280.0	92177	105580.0	236	109.0	36.0	421.0	0.0
82	0.0092	514975.0	92197	105909.0	235	257695.0	20.0	329.0	-1.0
83	0.0093	263623.0	92215	105672.0	233	-251352.0	18.0	-237.0	-2.0
84	0.0094	0.0	92251	105687.0	233	-263623.0	36.0	15.0	0.0
85	0.0095	263793.0	92269	105991.0	234	263793.0	18.0	304.0	1.0
86	0.0096	260410.0	92827	105962.0	234	-3383.0	558.0	-29.0	0.0
87	0.0097	259957.0	92842	105922.0	232	-453.0	15.0	-40.0	-2.0
88	0.0098	259823.0	92810	105918.0	232	-134.0	-32.0	-4.0	0.0
89	0.0099	259586.0	92745	105824.0	232	-237.0	-65.0	-94.0	0.0
90	0.01	259422.0	92667	105467.0	232	-164.0	-78.0	-357.0	0.0
91	0.0101	259112.0	93185	105366.0	232	-310.0	518.0	-101.0	0.0
92	0.0102	258755.0	93157	105289.0	232	-357.0	-28.0	-77.0	0.0
93	0.0103	258504.0	93077	105187.0	232	-251.0	-80.0	-102.0	0.0
94	0.0104	258298.0	92976	105437.0	233	-206.0	-101.0	250.0	1.0
95	0.0105	259439.0	92787	105602.0	233	1141.0	-189.0	165.0	0.0
96	0.0106	259342.0	92712	105839.0	233	-97.0	-75.0	237.0	0.0
97	0.0107	259061.0	92650	105811.0	233	-281.0	-62.0	-28.0	0.0
98	0.0108	258898.0	92585	105455.0	233	-163.0	-65.0	-356.0	0.0
99	0.0109	258547.0	93066	105318.0	234	-351.0	481.0	-137.0	1.0
100	0.011	258235.0	92998	105191.0	234	-312.0	-68.0	-127.0	0.0
101	0.0111	257924.0	92923	105063.0	234	-311.0	-75.0	-128.0	0.0
102	0.0112	257637.0	92838	105026.0	233	-287.0	-85.0	-37.0	-1.0
103	0.0113	257442.0	92753	105214.0	235	-195.0	-85.0	188.0	2.0
104	0.0114	258672.0	92576	105427.0	235	1230.0	-177.0	213.0	0.0
105	0.0115	258609.0	92497	105697.0	235	-63.0	-79.0	270.0	0.0
106	0.0116	258557.0	92457	105675.0	235	-52.0	-40.0	-22.0	0.0
107	0.0117	258354.0	92435	105352.0	234	-203.0	-22.0	-323.0	-1.0
108	0.0118	258189.0	92962	105260.0	234	-165.0	527.0	-92.0	0.0
109	0.0119	258248.0	92950	170192.0	0	59.0	-12.0	64932.0	-234.0
110	0.012	259410.0	92767	106498.0	234	1162.0	-183.0	-63694.0	234.0
111	0.0121	259376.0	92715	106466.0	465	-34.0	-52.0	-32.0	231.0
112	0.0122	259220.0	92683	41286.0	241	-156.0	-32.0	-65180.0	-224.0
113	0.0123	260335.0	93066	106243.0	0	1115.0	383.0	64957.0	-241.0
114	0.0124	260102.0	93563	105987.0	241	-233.0	497.0	-256.0	241.0
115	0.0125	259686.0	93384	104944.0	238	-416.0	-179.0	-1043.0	-3.0
116	0.0126	253795.0	91354	103450.0	236	-5891.0	-2030.0	-1494.0	-2.0
117	0.0127	253644.0	91259	103926.0	236	-151.0	-95.0	476.0	0.0
118	0.0128	253985.0	91348	103839.0	230	341.0	89.0	-87.0	-6.0
119	0.0129	252957.0	91027	103541.0	230	-1028.0	-321.0	-298.0	0.0
120	0.013	256090.0	92078	104738.0	232	3133.0	1051.0	1197.0	2.0
121	0.0131	259010.0	93178	171330.0	234	2920.0	1100.0	66592.0	2.0
122	0.0132	526008.0	189232	107688.0	235	266998.0	96054.0	-63642.0	1.0
123	0.0133	266473.0	95830	108563.0	237	-259535.0	-93402.0	875.0	2.0
124	0.0134	268472.0	96518	109425.0	239	1999.0	688.0	862.0	2.0
125	0.0135	270173.0	97148	110138.0	242	1701.0	630.0	713.0	3.0
126	0.0136	271643.0	97721	153788.0	244	1470.0	573.0	43650.0	2.0
127	0.0137	273043.0	98205	111534.0	244	1400.0	484.0	-42254.0	0.0
128	0.0138	274396.0	98619	112337.0	244	1353.0	414.0	803.0	0.0
129	0.0139	276952.0	98891	113019.0	246	2556.0	272.0	682.0	2.0
130	0.014	277959.0	99212	113778.0	246	1007.0	321.0	759.0	0.0
131	0.0141	278809.0	99515	114095.0	246	850.0	303.0	317.0	0.0
132	0.0142	280921.0	100243	114235.0	249	2112.0	728.0	140.0	3.0
133	0.0143	281326.0	101057	114812.0	251	405.0	814.0	577.0	2.0
134	0.0144	281761.0	101252	114981.0	250	435.0	195.0	169.0	-1.0
135	0.0145	282091.0	101370	115156.0	251	330.0	118.0	175.0	1.0
136	0.0146	282511.0	101475	115608.0	251	420.0	105.0	452.0	0.0
137	0.0147	284273.0	101441	115928.0	252	1762.0	-34.0	320.0	1.0
138	0.0148	284424.0	101489	116313.0	252	151.0	48.0	385.0	0.0
139	0.0149	284579.0	101555	116397.0	252	155.0	66.0	84.0	0.0
140	0.015	286147.0	102054	116678.0	252	1568.0	499.0	281.0	0.0
141	0.0151	287770.0	102577	117275.0	252	1623.0	523.0	597.0	0.0
142	0.0152	287755.0	102584	117700.0	252	-15.0	7.0	425.0	0.0
143	0.0153	287798.0	102571	117637.0	254	43.0	-13.0	-63.0	2.0
144	0.0154	288979.0	102985	117787.0	255	1181.0	414.0	150.0	1.0
145	0.0155	290250.0	103378	118296.0	257	1271.0	393.0	509.0	2.0
146	0.0156	291261.0	103748	118727.0	257	1011.0	370.0	431.0	0.0
147	0.0157	290813.0	103616	118899.0	258	-448.0	-132.0	172.0	1.0
148	0.0158	290359.0	103459	118461.0	259	-454.0	-157.0	-438.0	1.0
149	0.0159	289865.0	103874	118236.0	259	-494.0	415.0	-225.0	0.0
150	0.016	289392.0	103764	118105.0	259	-473.0	-110.0	-131.0	0.0
151	0.0161	289179.0	103613	118265.0	259	-213.0	-151.0	160.0	0.0
152	0.0162	288910.0	102963	118135.0	260	-269.0	-650.0	-130.0	1.0
153	0.0163	288521.0	102832	117880.0	260	-389.0	-131.0	-255.0	0.0
154	0.0164	287784.0	102556	116851.0	260	-737.0	-276.0	-1029.0	0.0
155	0.0165	282784.0	101275	116577.0	259	-5000.0	-1281.0	-274.0	-1.0
156	0.0166	283867.0	101209	115543.0	259	1083.0	-66.0	-1034.0	0.0
157	0.0167	284225.0	101740	116190.0	260	358.0	531.0	647.0	1.0
158	0.0168	284582.0	101337	116372.0	261	357.0	-403.0	182.0	1.0
159	0.0169	284885.0	101398	116222.0	262	303.0	61.0	-150.0	1.0
160	0.017	284921.0	102052	115960.0	262	36.0	654.0	-262.0	0.0
