	time	ins	cycle	memory	branchm	ins_d	cycle_d	memory_d	branchm_d
0	0.001	56568.0	85676	14985.0	0.0	0.0	0.0	0.0	0.0
1	0.0011	29625.0	0	25489.0	0.0	-26943.0	-85676.0	10504.0	0.0
2	0.0012	114822.0	66951	52643.0	0.0	85197.0	66951.0	27154.0	0.0
3	0.0013	139163.0	74322	78591.0	1015.0	24341.0	7371.0	25948.0	1015.0
4	0.0014	198793.0	91139	69062.0	0.0	59630.0	16817.0	-9529.0	-1015.0
5	0.0015	256288.0	53449	112151.0	0.0	57495.0	-37690.0	43089.0	0.0
6	0.0016	318580.0	120723	133920.0	0.0	62292.0	67274.0	21769.0	0.0
7	0.0017	181002.0	66118	74920.0	924.0	-137578.0	-54605.0	-59000.0	924.0
8	0.0018	392692.0	68694	79169.0	0.0	211690.0	2576.0	4249.0	-924.0
9	0.0019	207437.0	145734	168094.0	0.0	-185255.0	77040.0	88925.0	0.0
10	0.002	214525.0	76521	88502.0	0.0	7088.0	-69213.0	-79592.0	0.0
11	0.0021	220958.0	79439	90889.0	835.0	6433.0	2918.0	2387.0	835.0
12	0.0022	228229.0	82249	93878.0	0.0	7271.0	2810.0	2989.0	-835.0
13	0.0023	469402.0	83489	95670.0	0.0	241173.0	1240.0	1792.0	0.0
14	0.0024	239975.0	84435	157011.0	760.0	-229427.0	946.0	61341.0	760.0
15	0.0025	243658.0	85858	99396.0	0.0	3683.0	1423.0	-57615.0	-760.0
16	0.0026	245204.0	174971	100076.0	0.0	1546.0	89113.0	680.0	0.0
17	0.0027	248357.0	88845	101361.0	698.0	3153.0	-86126.0	1285.0	698.0
18	0.0028	251297.0	89843	142186.0	0.0	2940.0	998.0	40825.0	-698.0
19	0.0029	252063.0	90172	103289.0	0.0	766.0	329.0	-38897.0	0.0
20	0.003	254597.0	90970	104275.0	643.0	2534.0	798.0	986.0	643.0
21	0.0031	256780.0	91736	104835.0	0.0	2183.0	766.0	560.0	-643.0
22	0.0032	256927.0	91854	105172.0	593.0	147.0	118.0	337.0	593.0
23	0.0033	258777.0	92448	105881.0	0.0	1850.0	594.0	709.0	-593.0
24	0.0034	260311.0	93035	106220.0	0.0	1534.0	587.0	339.0	0.0
25	0.0035	260185.0	93014	106379.0	549.0	-126.0	-21.0	159.0	549.0
26	0.0036	261460.0	93485	106673.0	0.0	1275.0	471.0	294.0	-549.0
27	0.0037	261085.0	93810	107027.0	513.0	-375.0	325.0	354.0	513.0
28	0.0038	263973.0	94214	107687.0	0.0	2888.0	404.0	660.0	-513.0
29	0.0039	263639.0	94057	107801.0	479.0	-334.0	-157.0	114.0	479.0
30	0.004	264851.0	94405	108039.0	0.0	1212.0	348.0	238.0	-479.0
31	0.0041	266062.0	94243	108496.0	448.0	1211.0	-162.0	457.0	448.0
32	0.0042	265400.0	94575	108183.0	0.0	-662.0	332.0	-313.0	-448.0
33	0.0043	264552.0	94383	108151.0	425.0	-848.0	-192.0	-32.0	425.0
34	0.0044	265550.0	94708	108233.0	402.0	998.0	325.0	82.0	-23.0
35	0.0045	264832.0	94494	108221.0	0.0	-718.0	-214.0	-12.0	-402.0
36	0.0046	265775.0	94804	108344.0	382.0	943.0	310.0	123.0	382.0
37	0.0047	264901.0	94569	108006.0	368.0	-874.0	-235.0	-338.0	-14.0
38	0.0048	264098.0	94327	107964.0	0.0	-803.0	-242.0	-42.0	-368.0
39	0.0049	265187.0	94651	108124.0	350.0	1089.0	324.0	160.0	350.0
40	0.005	264387.0	94420	107533.0	330.0	-800.0	-231.0	-591.0	-20.0
41	0.0051	263734.0	93690	106353.0	0.0	-653.0	-730.0	-1180.0	-330.0
42	0.0052	262977.0	92467	105426.0	315.0	-757.0	-1223.0	-927.0	315.0
43	0.0053	258066.0	92699	105129.0	312.0	-4911.0	232.0	-297.0	-3.0
44	0.0054	256841.0	93175	105759.0	306.0	-1225.0	476.0	630.0	-6.0
45	0.0055	256786.0	93125	106703.0	295.0	-55.0	-50.0	944.0	-11.0
46	0.0056	260658.0	93048	106273.0	0.0	3872.0	-77.0	-430.0	-295.0
47	0.0057	260669.0	92968	105814.0	291.0	11.0	-80.0	-459.0	291.0
48	0.0058	260119.0	92863	105817.0	288.0	-550.0	-105.0	3.0	-3.0
49	0.0059	259704.0	93314	105721.0	283.0	-415.0	451.0	-96.0	-5.0
50	0.006	259417.0	93237	105914.0	280.0	-287.0	-77.0	193.0	-3.0
51	0.0061	259329.0	93021	106392.0	272.0	-88.0	-216.0	478.0	-8.0
52	0.0062	262449.0	93466	107155.0	269.0	3120.0	445.0	763.0	-3.0
53	0.0063	262142.0	93383	106973.0	269.0	-307.0	-83.0	-182.0	0.0
54	0.0064	261509.0	93247	106467.0	0.0	-633.0	-136.0	-506.0	-269.0
55	0.0065	260902.0	93651	106238.0	269.0	-607.0	404.0	-229.0	269.0
56	0.0066	260476.0	93555	106084.0	267.0	-426.0	-96.0	-154.0	-2.0
57	0.0067	260049.0	93393	105908.0	265.0	-427.0	-162.0	-176.0	-2.0
58	0.0068	259611.0	93246	105731.0	265.0	-438.0	-147.0	-177.0	0.0
59	0.0069	259181.0	93099	105611.0	265.0	-430.0	-147.0	-120.0	0.0
60	0.007	258833.0	93005	105792.0	262.0	-348.0	-94.0	181.0	-3.0
61	0.0071	258706.0	92812	105957.0	262.0	-127.0	-193.0	165.0	0.0
62	0.0072	259979.0	92729	106482.0	257.0	1273.0	-83.0	525.0	-5.0
63	0.0073	261513.0	93227	106865.0	254.0	1534.0	498.0	383.0	-3.0
64	0.0074	261468.0	93182	106779.0	253.0	-45.0	-45.0	-86.0	-1.0
65	0.0075	261122.0	93087	106344.0	0.0	-346.0	-95.0	-435.0	-253.0
66	0.0076	260526.0	93519	106125.0	253.0	-596.0	432.0	-219.0	253.0
67	0.0077	260151.0	93424	105963.0	251.0	-375.0	-95.0	-162.0	-2.0
68	0.0078	259759.0	93261	105799.0	251.0	-392.0	-163.0	-164.0	0.0
69	0.0079	259332.0	93123	105665.0	251.0	-427.0	-138.0	-134.0	0.0
70	0.008	258823.0	93001	105463.0	252.0	-509.0	-122.0	-202.0	1.0
71	0.0081	258322.0	92891	105294.0	252.0	-501.0	-110.0	-169.0	0.0
72	0.0082	258118.0	92790	105235.0	252.0	-204.0	-101.0	-59.0	0.0
73	0.0083	257838.0	92697	105295.0	252.0	-280.0	-93.0	60.0	0.0
74	0.0084	257415.0	93011	105128.0	253.0	-423.0	314.0	-167.0	1.0
75	0.0085	258426.0	92935	105358.0	253.0	1011.0	-76.0	230.0	0.0
76	0.0086	258116.0	92827	105236.0	253.0	-310.0	-108.0	-122.0	0.0
77	0.0087	257933.0	92728	105166.0	253.0	-183.0	-99.0	-70.0	0.0
78	0.0088	257636.0	92639	105243.0	253.0	-297.0	-89.0	77.0	0.0
79	0.0089	257306.0	93012	105158.0	252.0	-330.0	373.0	-85.0	-1.0
80	0.009	258591.0	92908	64729.0	251.0	1285.0	-104.0	-40429.0	-1.0
81	0.0091	258462.0	92801	105398.0	246.0	-129.0	-107.0	40669.0	-5.0
82	0.0092	254116.0	91327	103654.0	246.0	-4346.0	-1474.0	-1744.0	0.0
83	0.0093	254032.0	91246	103596.0	246.0	-84.0	-81.0	-58.0	0.0
84	0.0094	254163.0	91329	144087.0	243.0	131.0	83.0	40491.0	-3.0
85	0.0095	256411.0	91314	105182.0	240.0	2248.0	-15.0	-38905.0	-3.0
86	0.0096	258208.0	91955	105659.0	241.0	1797.0	641.0	477.0	1.0
87	0.0097	258300.0	92044	105622.0	0.0	92.0	89.0	-37.0	-241.0
88	0.0098	258234.0	92509	105521.0	241.0	-66.0	465.0	-101.0	241.0
89	0.0099	259301.0	93036	105734.0	240.0	1067.0	527.0	213.0	-1.0
90	0.01	259301.0	93002	105723.0	240.0	0.0	-34.0	-11.0	0.0
91	0.0101	259025.0	92905	105576.0	240.0	-276.0	-97.0	-147.0	0.0
92	0.0102	258615.0	92798	105398.0	239.0	-410.0	-107.0	-178.0	-1.0
93	0.0103	258217.0	92700	64643.0	239.0	-398.0	-98.0	-40755.0	0.0
94	0.0104	257959.0	92630	145822.0	239.0	-258.0	-70.0	81179.0	0.0
95	0.0105	257724.0	92541	105097.0	238.0	-235.0	-89.0	-40725.0	-1.0
96	0.0106	257650.0	92481	64506.0	236.0	-74.0	-60.0	-40591.0	-2.0
97	0.0107	257529.0	92454	145633.0	236.0	-121.0	-27.0	81127.0	0.0
98	0.0108	257463.0	92423	105060.0	237.0	-66.0	-31.0	-40573.0	1.0
99	0.0109	257442.0	92400	105053.0	237.0	-21.0	-23.0	-7.0	0.0
100	0.011	257574.0	92376	105371.0	237.0	132.0	-24.0	318.0	0.0
101	0.0111	257520.0	92241	105555.0	239.0	-54.0	-135.0	184.0	2.0
102	0.0112	258928.0	92215	105882.0	239.0	1408.0	-26.0	327.0	0.0
103	0.0113	258802.0	92631	105737.0	239.0	-126.0	416.0	-145.0	0.0
104	0.0114	259980.0	93163	105977.0	238.0	1178.0	532.0	240.0	-1.0
105	0.0115	261737.0	93129	105992.0	240.0	1757.0	-34.0	15.0	2.0
106	0.0116	259882.0	93035	105882.0	240.0	-1855.0	-94.0	-110.0	0.0
107	0.0117	259486.0	92952	106075.0	241.0	-396.0	-83.0	193.0	1.0
108	0.0118	259412.0	92371	106051.0	239.0	-74.0	-581.0	-24.0	-2.0
109	0.0119	261178.0	92316	106492.0	243.0	1766.0	-55.0	441.0	4.0
110	0.012	259465.0	92299	105785.0	244.0	-1713.0	-17.0	-707.0	1.0
111	0.0121	259244.0	92844	105695.0	244.0	-221.0	545.0	-90.0	0.0
112	0.0122	259185.0	92848	106251.0	239.0	-59.0	4.0	556.0	-5.0
113	0.0123	260944.0	92784	106734.0	241.0	1759.0	-64.0	483.0	2.0
114	0.0124	260987.0	92241	106193.0	244.0	43.0	-543.0	-541.0	3.0
115	0.0125	260600.0	92735	65240.0	249.0	-387.0	494.0	-40953.0	5.0
116	0.0126	258729.0	92743	105555.0	250.0	-1871.0	8.0	40315.0	1.0
117	0.0127	258374.0	92675	146136.0	247.0	-355.0	-68.0	40581.0	-3.0
118	0.0128	259939.0	92623	106070.0	243.0	1565.0	-52.0	-40066.0	-4.0
119	0.0129	259874.0	93140	106032.0	0.0	-65.0	517.0	-38.0	-243.0
120	0.013	259557.0	93095	64973.0	242.0	-317.0	-45.0	-41059.0	242.0
121	0.0131	259130.0	92906	105784.0	241.0	-427.0	-189.0	40811.0	-1.0
122	0.0132	253843.0	91034	103574.0	236.0	-5287.0	-1872.0	-2210.0	-5.0
123	0.0133	253180.0	91335	103041.0	236.0	-663.0	301.0	-533.0	0.0
124	0.0134	253128.0	91377	144525.0	487.0	-52.0	42.0	41484.0	251.0
125	0.0135	257531.0	92371	105734.0	250.0	4403.0	994.0	-38791.0	-237.0
126	0.0136	260357.0	93399	106824.0	252.0	2826.0	1028.0	1090.0	2.0
127	0.0137	262890.0	94329	107795.0	254.0	2533.0	930.0	971.0	2.0
128	0.0138	265336.0	95177	108759.0	256.0	2446.0	848.0	964.0	2.0
129	0.0139	267364.0	95924	109501.0	257.0	2028.0	747.0	742.0	1.0
130	0.014	269205.0	96589	110427.0	261.0	1841.0	665.0	926.0	4.0
131	0.0141	270766.0	97622	111014.0	262.0	1561.0	1033.0	587.0	1.0
132	0.0142	548385.0	98132	111914.0	262.0	277619.0	510.0	900.0	0.0
133	0.0143	275749.0	98544	112356.0	264.0	-272636.0	412.0	442.0	2.0
134	0.0144	276584.0	98913	112931.0	266.0	835.0	369.0	575.0	2.0
135	0.0145	278662.0	99699	113223.0	269.0	2078.0	786.0	292.0	3.0
136	0.0146	279447.0	99971	113869.0	268.0	785.0	272.0	646.0	-1.0
137	0.0147	280057.0	100192	114139.0	268.0	610.0	221.0	270.0	0.0
138	0.0148	280503.0	100374	114334.0	268.0	446.0	182.0	195.0	0.0
139	0.0149	280997.0	100537	114517.0	267.0	494.0	163.0	183.0	-1.0
140	0.015	281388.0	100706	185203.0	266.0	391.0	169.0	70686.0	-1.0
141	0.0151	281907.0	100856	115048.0	266.0	519.0	150.0	-70155.0	0.0
142	0.0152	282318.0	100996	115184.0	0.0	411.0	140.0	136.0	-266.0
143	0.0153	284580.0	202378	115396.0	266.0	2262.0	101382.0	212.0	266.0
144	0.0154	285036.0	101910	116295.0	262.0	456.0	-100468.0	899.0	-4.0
145	0.0155	285271.0	102019	116473.0	261.0	235.0	109.0	178.0	-1.0
146	0.0156	285357.0	102041	116509.0	260.0	86.0	22.0	36.0	-1.0
147	0.0157	285412.0	102040	116522.0	260.0	55.0	-1.0	13.0	0.0
148	0.0158	285532.0	102051	116553.0	260.0	120.0	11.0	31.0	0.0
149	0.0159	285437.0	102047	116520.0	261.0	-95.0	-4.0	-33.0	1.0
150	0.016	285318.0	102036	116443.0	261.0	-119.0	-11.0	-77.0	0.0
151	0.0161	285288.0	102035	116448.0	261.0	-30.0	-1.0	5.0	0.0
152	0.0162	285207.0	102024	116400.0	260.0	-81.0	-11.0	-48.0	-1.0
153	0.0163	285216.0	102017	116427.0	260.0	9.0	-7.0	27.0	0.0
154	0.0164	284997.0	102011	116311.0	262.0	-219.0	-6.0	-116.0	2.0
155	0.0165	284804.0	102001	116259.0	262.0	-193.0	-10.0	-52.0	0.0
156	0.0166	284964.0	101990	116313.0	262.0	160.0	-11.0	54.0	0.0
157	0.0167	284920.0	101986	116302.0	261.0	-44.0	-4.0	-11.0	-1.0
158	0.0168	284862.0	101980	116270.0	262.0	-58.0	-6.0	-32.0	1.0
159	0.0169	284718.0	101972	116188.0	263.0	-144.0	-8.0	-82.0	1.0
160	0.017	284476.0	101972	116122.0	263.0	-242.0	0.0	-66.0	0.0
161	0.0171	284213.0	0	44828.0	2487.0	-263.0	-101972.0	-71294.0	2224.0
