	time	ins	cycle	memory	branchm	ins_d	cycle_d	memory_d	branchm_d
0	0.001	137756	44794.0	71046.0	0.0	0.0	0.0	0.0	0.0
1	0.0011	264854	95027.0	100483.0	0.0	127098.0	50233.0	29437.0	0.0
2	0.0012	285835	114140.0	91885.0	0.0	20981.0	19113.0	-8598.0	0.0
3	0.0013	155749	59595.0	86316.0	1295.0	-130086.0	-54545.0	-5569.0	1295.0
4	0.0014	334670	61355.0	107739.0	0.0	178921.0	1760.0	21423.0	-1295.0
5	0.0015	182991	133844.0	102601.0	0.0	-151679.0	72489.0	-5138.0	0.0
6	0.0016	192396	70313.0	127598.0	0.0	9405.0	-63531.0	24997.0	0.0
7	0.0017	405371	73222.0	84192.0	0.0	212975.0	2909.0	-43406.0	0.0
8	0.0018	215767	75927.0	86770.0	0.0	-189604.0	2705.0	2578.0	0.0
9	0.0019	222261	158876.0	89419.0	1168.0	6494.0	82949.0	2649.0	1168.0
10	0.002	227924	82493.0	128062.0	0.0	5663.0	-76383.0	38643.0	-1168.0
11	0.0021	231130	83612.0	152621.0	0.0	3206.0	1119.0	24559.0	0.0
12	0.0022	235712	85141.0	96899.0	0.0	4582.0	1529.0	-55722.0	0.0
13	0.0023	239559	86505.0	98718.0	0.0	3847.0	1364.0	1819.0	0.0
14	0.0024	486124	87783.0	100214.0	1047.0	246565.0	1278.0	1496.0	1047.0
15	0.0025	249879	88916.0	101159.0	0.0	-236245.0	1133.0	945.0	-1047.0
16	0.0026	250745	89903.0	101517.0	0.0	866.0	987.0	358.0	0.0
17	0.0027	253197	90229.0	102535.0	0.0	2452.0	326.0	1018.0	0.0
18	0.0028	255296	91006.0	103549.0	0.0	2099.0	777.0	1014.0	0.0
19	0.0029	257379	91772.0	104420.0	943.0	2083.0	766.0	871.0	943.0
20	0.003	259241	92454.0	105270.0	0.0	1862.0	682.0	850.0	-943.0
21	0.0031	259230	92513.0	105320.0	0.0	-11.0	59.0	50.0	0.0
22	0.0032	258951	186619.0	106198.0	0.0	-279.0	94106.0	878.0	0.0
23	0.0033	260419	94018.0	106860.0	853.0	1468.0	-92601.0	662.0	853.0
24	0.0034	263607	94434.0	107121.0	0.0	3188.0	416.0	261.0	-853.0
25	0.0035	263245	94262.0	107317.0	0.0	-362.0	-172.0	196.0	0.0
26	0.0036	264304	94594.0	107354.0	0.0	1059.0	332.0	37.0	0.0
27	0.0037	265345	94955.0	107819.0	772.0	1041.0	361.0	465.0	772.0
28	0.0038	266211	95281.0	108224.0	0.0	866.0	326.0	405.0	-772.0
29	0.0039	265384	95021.0	149735.0	0.0	-827.0	-260.0	41511.0	0.0
30	0.004	266121	95254.0	108713.0	703.0	737.0	233.0	-41022.0	703.0
31	0.0041	265367	95530.0	66628.0	0.0	-754.0	276.0	-42085.0	-703.0
32	0.0042	264613	95240.0	151113.0	0.0	-754.0	-290.0	84485.0	0.0
33	0.0043	267249	95450.0	108790.0	642.0	2636.0	210.0	-42323.0	642.0
34	0.0044	268255	95702.0	109089.0	0.0	1006.0	252.0	299.0	-642.0
35	0.0045	268878	95400.0	109107.0	0.0	623.0	-302.0	18.0	0.0
36	0.0046	267824	95607.0	108970.0	588.0	-1054.0	207.0	-137.0	588.0
37	0.0047	268204	95821.0	109220.0	0.0	380.0	214.0	250.0	-588.0
38	0.0048	268798	95508.0	109182.0	0.0	594.0	-313.0	-38.0	0.0
39	0.0049	267529	95709.0	109034.0	541.0	-1269.0	201.0	-148.0	541.0
40	0.005	268082	95937.0	109202.0	0.0	553.0	228.0	168.0	-541.0
41	0.0051	265394	95593.0	109486.0	501.0	-2688.0	-344.0	284.0	501.0
42	0.0052	266066	95777.0	66827.0	0.0	672.0	184.0	-42659.0	-501.0
43	0.0053	267953	0.0	109091.0	0.0	1887.0	-95777.0	42264.0	0.0
44	0.0054	261930	95292.0	107749.0	437.0	-6023.0	95292.0	-1342.0	437.0
45	0.0055	262331	93557.0	106550.0	0.0	401.0	-1735.0	-1199.0	-437.0
46	0.0056	261626	93773.0	106234.0	406.0	-705.0	216.0	-316.0	406.0
47	0.0057	262905	93614.0	106720.0	0.0	1279.0	-159.0	486.0	-406.0
48	0.0058	262509	187892.0	107066.0	380.0	-396.0	94278.0	346.0	380.0
49	0.0059	261969	0.0	107474.0	0.0	-540.0	-187892.0	408.0	-380.0
50	0.006	261472	94254.0	107255.0	359.0	-497.0	94254.0	-219.0	359.0
51	0.0061	264532	188010.0	107424.0	342.0	3060.0	93756.0	169.0	-17.0
52	0.0062	264175	0.0	107223.0	0.0	-357.0	-188010.0	-201.0	-342.0
53	0.0063	263255	188416.0	107372.0	327.0	-920.0	188416.0	149.0	327.0
54	0.0064	264390	94475.0	107403.0	310.0	1135.0	-93941.0	31.0	-17.0
55	0.0065	263740	0.0	107602.0	0.0	-650.0	-94475.0	199.0	-310.0
56	0.0066	262828	188346.0	107336.0	302.0	-912.0	188346.0	-266.0	302.0
57	0.0067	263855	94414.0	107280.0	290.0	1027.0	-93932.0	-56.0	-12.0
58	0.0068	263394	0.0	107060.0	0.0	-461.0	-94414.0	-220.0	-290.0
59	0.0069	261036	94237.0	107422.0	281.0	-2358.0	94237.0	362.0	281.0
60	0.007	262047	94004.0	107438.0	273.0	1011.0	-233.0	16.0	-8.0
61	0.0071	263500	93829.0	107001.0	264.0	1453.0	-175.0	-437.0	-9.0
62	0.0072	263158	94212.0	107250.0	259.0	-342.0	383.0	249.0	-5.0
63	0.0073	262469	94058.0	107053.0	0.0	-689.0	-154.0	-197.0	-259.0
64	0.0074	261915	93860.0	106815.0	255.0	-554.0	-198.0	-238.0	255.0
65	0.0075	263073	93692.0	106899.0	247.0	1158.0	-168.0	84.0	-8.0
66	0.0076	262607	94088.0	106715.0	241.0	-466.0	396.0	-184.0	-6.0
67	0.0077	262012	93950.0	106938.0	238.0	-595.0	-138.0	223.0	-3.0
68	0.0078	261055	93768.0	107004.0	0.0	-957.0	-182.0	66.0	-238.0
69	0.0079	260634	93995.0	107317.0	236.0	-421.0	227.0	313.0	236.0
70	0.008	263954	93859.0	107152.0	230.0	3320.0	-136.0	-165.0	-6.0
71	0.0081	263739	94240.0	107007.0	227.0	-215.0	381.0	-145.0	-3.0
72	0.0082	263171	94093.0	107234.0	226.0	-568.0	-147.0	227.0	-1.0
73	0.0083	262505	93910.0	107054.0	226.0	-666.0	-183.0	-180.0	0.0
74	0.0084	261794	93734.0	106789.0	225.0	-711.0	-176.0	-265.0	-1.0
75	0.0085	259665	93569.0	106811.0	223.0	-2129.0	-165.0	22.0	-2.0
76	0.0086	259139	93434.0	106609.0	221.0	-526.0	-135.0	-202.0	-2.0
77	0.0087	260598	93306.0	106175.0	0.0	1459.0	-128.0	-434.0	-221.0
78	0.0088	260220	93154.0	105936.0	221.0	-378.0	-152.0	-239.0	221.0
79	0.0089	261662	93058.0	105805.0	440.0	1442.0	-96.0	-131.0	219.0
80	0.009	261542	92977.0	106037.0	227.0	-120.0	-81.0	232.0	-213.0
81	0.0091	257987	92915.0	105941.0	0.0	-3555.0	-62.0	-96.0	-227.0
82	0.0092	257565	92825.0	105767.0	227.0	-422.0	-90.0	-174.0	227.0
83	0.0093	261076	92760.0	105768.0	223.0	3511.0	-65.0	1.0	-4.0
84	0.0094	257591	92798.0	104350.0	219.0	-3485.0	38.0	-1418.0	-4.0
85	0.0095	257113	91975.0	104232.0	219.0	-478.0	-823.0	-118.0	0.0
86	0.0096	256999	91919.0	104258.0	219.0	-114.0	-56.0	26.0	0.0
87	0.0097	255363	91955.0	104486.0	219.0	-1636.0	36.0	228.0	0.0
88	0.0098	255391	91987.0	104577.0	217.0	28.0	32.0	91.0	-2.0
89	0.0099	255632	92016.0	105051.0	217.0	241.0	29.0	474.0	0.0
90	0.01	257371	92056.0	104800.0	217.0	1739.0	40.0	-251.0	0.0
91	0.0101	257372	92080.0	104788.0	217.0	1.0	24.0	-12.0	0.0
92	0.0102	257211	92088.0	104719.0	218.0	-161.0	8.0	-69.0	1.0
93	0.0103	256999	92085.0	104669.0	222.0	-212.0	-3.0	-50.0	4.0
94	0.0104	255404	92101.0	104891.0	225.0	-1595.0	16.0	222.0	3.0
95	0.0105	255475	92129.0	104547.0	224.0	71.0	28.0	-344.0	-1.0
96	0.0106	257521	92155.0	104807.0	223.0	2046.0	26.0	260.0	-1.0
97	0.0107	257624	92168.0	104826.0	223.0	103.0	13.0	19.0	0.0
98	0.0108	257546	92151.0	104830.0	221.0	-78.0	-17.0	4.0	-2.0
99	0.0109	257105	92164.0	105088.0	221.0	-441.0	13.0	258.0	0.0
100	0.011	256987	92584.0	105637.0	0.0	-118.0	420.0	549.0	-221.0
101	0.0111	256982	92590.0	105579.0	221.0	-5.0	6.0	-58.0	221.0
102	0.0112	258563	92555.0	105274.0	220.0	1581.0	-35.0	-305.0	-1.0
103	0.0113	258665	92529.0	105189.0	220.0	102.0	-26.0	-85.0	0.0
104	0.0114	258449	92491.0	105124.0	221.0	-216.0	-38.0	-65.0	1.0
105	0.0115	258287	92479.0	105133.0	222.0	-162.0	-12.0	9.0	1.0
106	0.0116	259858	92465.0	105346.0	221.0	1571.0	-14.0	213.0	-1.0
107	0.0117	259340	92855.0	106167.0	445.0	-518.0	390.0	821.0	224.0
108	0.0118	257555	92834.0	105827.0	0.0	-1785.0	-21.0	-340.0	-445.0
109	0.0119	258817	92764.0	105469.0	226.0	1262.0	-70.0	-358.0	226.0
110	0.012	258884	92692.0	105394.0	226.0	67.0	-72.0	-75.0	0.0
111	0.0121	260410	92661.0	105325.0	225.0	1526.0	-31.0	-69.0	-1.0
112	0.0122	260292	92635.0	105596.0	221.0	-118.0	-26.0	271.0	-4.0
113	0.0123	258568	93154.0	105831.0	221.0	-1724.0	519.0	235.0	0.0
114	0.0124	258233	93124.0	105747.0	220.0	-335.0	-30.0	-84.0	-1.0
115	0.0125	259559	93044.0	105408.0	221.0	1326.0	-80.0	-339.0	1.0
116	0.0126	259417	92956.0	105273.0	221.0	-142.0	-88.0	-135.0	0.0
117	0.0127	259370	92885.0	105296.0	221.0	-47.0	-71.0	23.0	0.0
118	0.0128	259155	92834.0	105671.0	223.0	-215.0	-51.0	375.0	2.0
119	0.0129	258962	92795.0	105314.0	225.0	-193.0	-39.0	-357.0	2.0
120	0.013	258707	92755.0	105188.0	225.0	-255.0	-40.0	-126.0	0.0
121	0.0131	258556	92712.0	105124.0	225.0	-151.0	-43.0	-64.0	0.0
122	0.0132	258051	92672.0	105389.0	0.0	-505.0	-40.0	265.0	-225.0
123	0.0133	0	93034.0	106239.0	224.0	-258051.0	362.0	850.0	224.0
124	0.0134	257995	92937.0	102663.0	216.0	257995.0	-97.0	-3576.0	-8.0
125	0.0135	249505	89691.0	102563.0	218.0	-8490.0	-3246.0	-100.0	2.0
126	0.0136	507659	90552.0	103916.0	437.0	258154.0	861.0	1353.0	219.0
127	0.0137	258739	91728.0	105224.0	220.0	-248920.0	1176.0	1308.0	-217.0
128	0.0138	261382	92817.0	106352.0	222.0	2643.0	1089.0	1128.0	2.0
129	0.0139	263879	93840.0	107426.0	226.0	2497.0	1023.0	1074.0	4.0
130	0.014	265714	190318.0	108252.0	229.0	1835.0	96478.0	826.0	3.0
131	0.0141	267658	96303.0	109012.0	231.0	1944.0	-94015.0	760.0	2.0
132	0.0142	269541	96954.0	109805.0	231.0	1883.0	651.0	793.0	0.0
133	0.0143	271324	97529.0	110522.0	231.0	1783.0	575.0	717.0	0.0
134	0.0144	272901	98055.0	111162.0	233.0	1577.0	526.0	640.0	2.0
135	0.0145	274287	98531.0	111765.0	237.0	1386.0	476.0	603.0	4.0
136	0.0146	275227	98914.0	112193.0	238.0	940.0	383.0	428.0	1.0
137	0.0147	276187	99278.0	156299.0	238.0	960.0	364.0	44106.0	0.0
138	0.0148	277163	99584.0	182598.0	239.0	976.0	306.0	26299.0	1.0
139	0.0149	277985	99893.0	113700.0	240.0	822.0	309.0	-68898.0	1.0
140	0.015	278838	100147.0	113974.0	241.0	853.0	254.0	274.0	1.0
141	0.0151	279612	100395.0	114258.0	242.0	774.0	248.0	284.0	1.0
142	0.0152	280259	100602.0	114566.0	244.0	647.0	207.0	308.0	2.0
143	0.0153	280898	100790.0	114804.0	244.0	639.0	188.0	238.0	0.0
144	0.0154	281469	100964.0	115304.0	240.0	571.0	174.0	500.0	-4.0
145	0.0155	283797	101681.0	115494.0	243.0	2328.0	717.0	190.0	3.0
146	0.0156	284306	101310.0	115639.0	244.0	509.0	-371.0	145.0	1.0
147	0.0157	284532	101362.0	115771.0	245.0	226.0	52.0	132.0	1.0
148	0.0158	284838	101468.0	115933.0	242.0	306.0	106.0	162.0	-3.0
149	0.0159	285123	102132.0	116074.0	242.0	285.0	664.0	141.0	0.0
150	0.016	285296	102208.0	116163.0	243.0	173.0	76.0	89.0	1.0
151	0.0161	285288	102202.0	116169.0	0.0	-8.0	-6.0	6.0	-243.0
152	0.0162	285432	102203.0	116667.0	241.0	144.0	1.0	498.0	241.0
153	0.0163	285435	102199.0	116753.0	239.0	3.0	-4.0	86.0	-2.0
154	0.0164	285504	102207.0	116712.0	239.0	69.0	8.0	-41.0	0.0
155	0.0165	285425	102207.0	116667.0	238.0	-79.0	0.0	-45.0	-1.0
156	0.0166	285457	102203.0	116661.0	238.0	32.0	-4.0	-6.0	0.0
157	0.0167	285427	102189.0	116602.0	239.0	-30.0	-14.0	-59.0	1.0
158	0.0168	285279	102188.0	116533.0	240.0	-148.0	-1.0	-69.0	1.0
