	time	ins	cycle	memory	branchm	ins_d	cycle_d	memory_d	branchm_d
0	0.001	46930.0	60639	12946.0	1963	0.0	0.0	0.0	0.0
1	0.0011	88167.0	72334	25538.0	0	41237.0	11695.0	12592.0	-1963.0
2	0.0012	40215.0	39965	41069.0	0	-47952.0	-32369.0	15531.0	0.0
3	0.0013	244894.0	40072	74906.0	0	204679.0	107.0	33837.0	0.0
4	0.0014	231562.0	88883	87304.0	0	-13332.0	48811.0	12398.0	0.0
5	0.0015	138350.0	105168	111706.0	1184	-93212.0	16285.0	24402.0	1184.0
6	0.0016	315775.0	58687	64735.0	0	177425.0	-46481.0	-46971.0	-1184.0
7	0.0017	172877.0	62730	142190.0	0	-142898.0	4043.0	77455.0	0.0
8	0.0018	375029.0	134952	76830.0	0	202152.0	72222.0	-65360.0	0.0
9	0.0019	200624.0	72312	80418.0	0	-174405.0	-62640.0	3588.0	0.0
10	0.002	208249.0	75118	170272.0	0	7625.0	2806.0	89854.0	0.0
11	0.0021	215224.0	157480	89286.0	0	6975.0	82362.0	-80986.0	0.0
12	0.0022	221325.0	81823	91612.0	1065	6101.0	-75657.0	2326.0	1065.0
13	0.0023	456685.0	83591	93426.0	0	235360.0	1768.0	1814.0	-1065.0
14	0.0024	234182.0	84581	94790.0	0	-222503.0	990.0	1364.0	0.0
15	0.0025	238382.0	85968	96555.0	0	4200.0	1387.0	1765.0	0.0
16	0.0026	242318.0	87269	98186.0	0	3936.0	1301.0	1631.0	0.0
17	0.0027	245648.0	88423	161360.0	0	3330.0	1154.0	63174.0	0.0
18	0.0028	248765.0	89441	101716.0	954	3117.0	1018.0	-59644.0	954.0
19	0.0029	251657.0	90365	142698.0	0	2892.0	924.0	40982.0	-954.0
20	0.003	252313.0	90627	103425.0	0	656.0	262.0	-39273.0	0.0
21	0.0031	254351.0	91354	104198.0	0	2038.0	727.0	773.0	0.0
22	0.0032	256256.0	92035	104950.0	0	1905.0	681.0	752.0	0.0
23	0.0033	258027.0	92654	105645.0	856	1771.0	619.0	695.0	856.0
24	0.0034	259637.0	93215	106025.0	0	1610.0	561.0	380.0	-856.0
25	0.0035	259425.0	186755	106145.0	0	-212.0	93540.0	120.0	0.0
26	0.0036	260648.0	94040	106627.0	0	1223.0	-92715.0	482.0	0.0
27	0.0037	261958.0	94425	107131.0	772	1310.0	385.0	504.0	772.0
28	0.0038	263032.0	94741	107284.0	0	1074.0	316.0	153.0	-772.0
29	0.0039	262281.0	94483	107231.0	0	-751.0	-258.0	-53.0	0.0
30	0.004	263130.0	94751	107619.0	700	849.0	268.0	388.0	700.0
31	0.0041	264113.0	95046	107983.0	0	983.0	295.0	364.0	-700.0
32	0.0042	264971.0	94783	108034.0	0	858.0	-263.0	51.0	0.0
33	0.0043	264217.0	95027	107991.0	0	-754.0	244.0	-43.0	0.0
34	0.0044	265074.0	95310	108314.0	637	857.0	283.0	323.0	637.0
35	0.0045	265856.0	95567	108366.0	0	782.0	257.0	52.0	-637.0
36	0.0046	264922.0	0	105822.0	0	-934.0	-95567.0	-2544.0	0.0
37	0.0047	259812.0	93739	103575.0	541	-5110.0	93739.0	-2247.0	541.0
38	0.0048	254147.0	91726	103983.0	0	-5665.0	-2013.0	408.0	-541.0
39	0.0049	255240.0	92071	104010.0	0	1093.0	345.0	27.0	0.0
40	0.005	255316.0	184766	104713.0	495	76.0	92695.0	703.0	495.0
41	0.0051	257001.0	93077	105393.0	0	1685.0	-91689.0	680.0	-495.0
42	0.0052	518316.0	93562	105923.0	460	261315.0	485.0	530.0	460.0
43	0.0053	0.0	93993	106568.0	0	-518316.0	431.0	645.0	-460.0
44	0.0054	522409.0	93857	106826.0	425	522409.0	-136.0	258.0	425.0
45	0.0055	0.0	94195	106828.0	0	-522409.0	338.0	2.0	-425.0
46	0.0056	523270.0	93998	106952.0	397	523270.0	-197.0	124.0	397.0
47	0.0057	0.0	94333	106892.0	0	-523270.0	335.0	-60.0	-397.0
48	0.0058	523488.0	94139	106963.0	373	523488.0	-194.0	71.0	373.0
49	0.0059	262425.0	94462	106935.0	0	-261063.0	323.0	-28.0	-373.0
50	0.006	261693.0	94248	107064.0	351	-732.0	-214.0	129.0	351.0
51	0.0061	262467.0	94529	106985.0	0	774.0	281.0	-79.0	-351.0
52	0.0062	261648.0	94313	107048.0	332	-819.0	-216.0	63.0	332.0
53	0.0063	262385.0	94615	106950.0	317	737.0	302.0	-98.0	-15.0
54	0.0064	0.0	94402	106642.0	0	-262385.0	-213.0	-308.0	-317.0
55	0.0065	522762.0	94121	106755.0	305	522762.0	-281.0	113.0	305.0
56	0.0066	0.0	94432	106785.0	0	-522762.0	311.0	30.0	-305.0
57	0.0067	523753.0	94231	106965.0	289	523753.0	-201.0	180.0	289.0
58	0.0068	262637.0	94545	107029.0	275	-261116.0	314.0	64.0	-14.0
59	0.0069	0.0	94324	106735.0	0	-262637.0	-221.0	-294.0	-275.0
60	0.007	261999.0	94068	106855.0	266	261999.0	-256.0	120.0	266.0
61	0.0071	261290.0	94390	106622.0	259	-709.0	322.0	-233.0	-7.0
62	0.0072	260706.0	94201	106633.0	252	-584.0	-189.0	11.0	-7.0
63	0.0073	261707.0	93977	106377.0	0	1001.0	-224.0	-256.0	-252.0
64	0.0074	261198.0	93732	106584.0	245	-509.0	-245.0	207.0	245.0
65	0.0075	260549.0	94096	106383.0	239	-649.0	364.0	-201.0	-6.0
66	0.0076	260133.0	93931	106468.0	232	-416.0	-165.0	85.0	-7.0
67	0.0077	261411.0	93734	106310.0	0	1278.0	-197.0	-158.0	-232.0
68	0.0078	261165.0	93553	106590.0	226	-246.0	-181.0	280.0	226.0
69	0.0079	260642.0	93934	106370.0	222	-523.0	381.0	-220.0	-4.0
70	0.008	260045.0	93792	106120.0	220	-597.0	-142.0	-250.0	-2.0
71	0.0081	259470.0	93606	105909.0	220	-575.0	-186.0	-211.0	0.0
72	0.0082	258964.0	93439	105988.0	216	-506.0	-167.0	79.0	-4.0
73	0.0083	260276.0	93271	105824.0	215	1312.0	-168.0	-164.0	-1.0
74	0.0084	260034.0	93126	105676.0	215	-242.0	-145.0	-148.0	0.0
75	0.0085	259496.0	0	105498.0	0	-538.0	-93126.0	-178.0	-215.0
76	0.0086	259050.0	93004	105834.0	211	-446.0	93004.0	336.0	211.0
77	0.0087	258850.0	92967	104248.0	207	-200.0	-37.0	-1586.0	-4.0
78	0.0088	254852.0	91635	104024.0	207	-3998.0	-1332.0	-224.0	0.0
79	0.0089	254446.0	91531	104059.0	204	-406.0	-104.0	35.0	-3.0
80	0.009	254572.0	92132	104037.0	204	126.0	601.0	-22.0	0.0
81	0.0091	254665.0	92191	104361.0	201	93.0	59.0	324.0	-3.0
82	0.0092	256532.0	92190	104429.0	201	1867.0	-1.0	68.0	0.0
83	0.0093	256595.0	92171	104202.0	205	63.0	-19.0	-227.0	4.0
84	0.0094	256467.0	92169	104428.0	203	-128.0	-2.0	226.0	-2.0
85	0.0095	256522.0	92177	104483.0	0	55.0	8.0	55.0	-203.0
86	0.0096	256515.0	92172	104903.0	200	-7.0	-5.0	420.0	200.0
87	0.0097	256409.0	92149	104844.0	198	-106.0	-23.0	-59.0	-2.0
88	0.0098	256303.0	92148	104803.0	197	-106.0	-1.0	-41.0	-1.0
89	0.0099	256162.0	92119	104691.0	198	-141.0	-29.0	-112.0	1.0
90	0.01	256045.0	92128	104662.0	200	-117.0	9.0	-29.0	2.0
91	0.0101	255890.0	92138	104619.0	200	-155.0	10.0	-43.0	0.0
92	0.0102	255933.0	92118	104561.0	200	43.0	-20.0	-58.0	0.0
93	0.0103	255842.0	92652	104552.0	199	-91.0	534.0	-9.0	-1.0
94	0.0104	255767.0	92652	104473.0	199	-75.0	0.0	-79.0	0.0
95	0.0105	255762.0	92587	104475.0	199	-5.0	-65.0	2.0	0.0
96	0.0106	255667.0	92545	104466.0	199	-95.0	-42.0	-9.0	0.0
97	0.0107	255685.0	92469	104449.0	198	18.0	-76.0	-17.0	-1.0
98	0.0108	257427.0	92418	104729.0	197	1742.0	-51.0	280.0	-1.0
99	0.0109	257416.0	92382	104695.0	198	-11.0	-36.0	-34.0	1.0
100	0.011	257375.0	92351	104450.0	202	-41.0	-31.0	-245.0	4.0
101	0.0111	257177.0	92327	104697.0	201	-198.0	-24.0	247.0	-1.0
102	0.0112	257023.0	92286	104645.0	201	-154.0	-41.0	-52.0	0.0
103	0.0113	256870.0	92262	104621.0	202	-153.0	-24.0	-24.0	1.0
104	0.0114	256691.0	92235	104591.0	203	-179.0	-27.0	-30.0	1.0
105	0.0115	256534.0	92221	104563.0	202	-157.0	-14.0	-28.0	-1.0
106	0.0116	256588.0	92221	104266.0	206	54.0	0.0	-297.0	4.0
107	0.0117	256269.0	92199	104460.0	204	-319.0	-22.0	194.0	-2.0
108	0.0118	256090.0	92169	104420.0	204	-179.0	-30.0	-40.0	0.0
109	0.0119	256042.0	92149	104402.0	204	-48.0	-20.0	-18.0	0.0
110	0.012	255906.0	92137	104407.0	205	-136.0	-12.0	5.0	1.0
111	0.0121	255739.0	92134	104359.0	0	-167.0	-3.0	-48.0	-205.0
112	0.0122	255876.0	92141	104798.0	202	137.0	7.0	439.0	202.0
113	0.0123	255883.0	92146	104787.0	200	7.0	5.0	-11.0	-2.0
114	0.0124	255632.0	92121	104624.0	200	-251.0	-25.0	-163.0	0.0
115	0.0125	255508.0	92084	64238.0	200	-124.0	-37.0	-40386.0	0.0
116	0.0126	255571.0	92096	104533.0	200	63.0	12.0	40295.0	0.0
117	0.0127	255648.0	92096	102690.0	198	77.0	0.0	-1843.0	-2.0
118	0.0128	251799.0	90826	103047.0	200	-3849.0	-1270.0	357.0	2.0
119	0.0129	251779.0	90777	103164.0	201	-20.0	-49.0	117.0	1.0
120	0.013	251994.0	90896	103249.0	200	215.0	119.0	85.0	-1.0
121	0.0131	252251.0	91582	103328.0	199	257.0	686.0	79.0	-1.0
122	0.0132	252389.0	91691	141947.0	198	138.0	109.0	38619.0	-1.0
123	0.0133	251204.0	90939	103752.0	198	-1185.0	-752.0	-38195.0	0.0
124	0.0134	255983.0	184919	105035.0	200	4779.0	93980.0	1283.0	2.0
125	0.0135	258977.0	94000	106148.0	205	2994.0	-90919.0	1113.0	5.0
126	0.0136	259884.0	94880	107114.0	206	907.0	880.0	966.0	1.0
127	0.0137	528785.0	95665	108087.0	211	268901.0	785.0	973.0	5.0
128	0.0138	268572.0	96366	108955.0	211	-260213.0	701.0	868.0	0.0
129	0.0139	270375.0	97008	109692.0	213	1803.0	642.0	737.0	2.0
130	0.014	271810.0	97550	110358.0	214	1435.0	542.0	666.0	1.0
131	0.0141	273166.0	98062	110948.0	214	1356.0	512.0	590.0	0.0
132	0.0142	274440.0	98514	111506.0	217	1274.0	452.0	558.0	3.0
133	0.0143	275600.0	98896	112287.0	216	1160.0	382.0	781.0	-1.0
134	0.0144	276680.0	99261	112529.0	220	1080.0	365.0	242.0	4.0
135	0.0145	277624.0	99557	113211.0	217	944.0	296.0	682.0	-3.0
136	0.0146	278510.0	99828	113550.0	217	886.0	271.0	339.0	0.0
137	0.0147	279079.0	100068	114296.0	218	569.0	240.0	746.0	1.0
138	0.0148	279620.0	100296	114531.0	222	541.0	228.0	235.0	4.0
139	0.0149	280258.0	100490	114298.0	221	638.0	194.0	-233.0	-1.0
140	0.015	280748.0	100681	114919.0	453	490.0	191.0	621.0	232.0
141	0.0151	281119.0	100840	114705.0	231	371.0	159.0	-214.0	-222.0
142	0.0152	281441.0	100961	114522.0	0	322.0	121.0	-183.0	-231.0
143	0.0153	281755.0	101085	114920.0	231	314.0	124.0	398.0	231.0
144	0.0154	283405.0	101608	186515.0	231	1650.0	523.0	71595.0	0.0
145	0.0155	283788.0	101704	44883.0	461	383.0	96.0	-141632.0	230.0
146	0.0156	283742.0	101766	116254.0	237	-46.0	62.0	71371.0	-224.0
147	0.0157	283463.0	101784	115552.0	242	-279.0	18.0	-702.0	5.0
148	0.0158	281936.0	101825	115453.0	0	-1527.0	41.0	-99.0	-242.0
149	0.0159	283780.0	101845	186443.0	240	1844.0	20.0	70990.0	240.0
150	0.016	283846.0	101813	116257.0	235	66.0	-32.0	-70186.0	-5.0
151	0.0161	283957.0	101831	116250.0	233	111.0	18.0	-7.0	-2.0
152	0.0162	283937.0	101844	116281.0	231	-20.0	13.0	31.0	-2.0
153	0.0163	284034.0	101864	116215.0	230	97.0	20.0	-66.0	-1.0
154	0.0164	285400.0	102328	116788.0	230	1366.0	464.0	573.0	0.0
155	0.0165	285612.0	102881	116861.0	229	212.0	553.0	73.0	-1.0
156	0.0166	284618.0	102869	44949.0	226	-994.0	-12.0	-71912.0	-3.0
157	0.0167	280743.0	102424	115763.0	223	-3875.0	-445.0	70814.0	-3.0
158	0.0168	282391.0	101094	114729.0	223	1648.0	-1330.0	-1034.0	0.0
159	0.0169	282657.0	101024	114750.0	224	266.0	-70.0	21.0	1.0
160	0.017	282753.0	101126	114860.0	225	96.0	102.0	110.0	1.0
161	0.0171	282864.0	101235	114946.0	225	111.0	109.0	86.0	0.0
162	0.0172	282914.0	101302	115021.0	2542	50.0	67.0	75.0	2317.0
