	time	ins	cycle	memory	branchm	ins_d	cycle_d	memory_d	branchm_d
0	0.001	79872.0	44616	37796.0	0.0	0.0	0.0	0.0	0.0
1	0.0011	193329.0	44790	90753.0	0.0	113457.0	174.0	52957.0	0.0
2	0.0012	234316.0	99842	97512.0	1397.0	40987.0	55052.0	6759.0	1397.0
3	0.0013	314266.0	122305	130670.0	0.0	79950.0	22463.0	33158.0	-1397.0
4	0.0014	180816.0	69479	72367.0	0.0	-133450.0	-52826.0	-58303.0	0.0
5	0.0015	354072.0	135638	114254.0	0.0	173256.0	66159.0	41887.0	0.0
6	0.0016	192651.0	72792	160768.0	0.0	-161421.0	-62846.0	46514.0	0.0
7	0.0017	428381.0	77797	89102.0	0.0	235730.0	5005.0	-71666.0	0.0
8	0.0018	233310.0	168864	133021.0	0.0	-195071.0	91067.0	43919.0	0.0
9	0.0019	244336.0	90126	162876.0	1125.0	11026.0	-78738.0	29855.0	1125.0
10	0.002	254084.0	93343	105003.0	0.0	9748.0	3217.0	-57873.0	-1125.0
11	0.0021	254581.0	92979	104749.0	0.0	497.0	-364.0	-254.0	0.0
12	0.0022	256559.0	93408	105363.0	0.0	1978.0	429.0	614.0	0.0
13	0.0023	258180.0	93851	106294.0	0.0	1621.0	443.0	931.0	0.0
14	0.0024	259964.0	93714	106819.0	1008.0	1784.0	-137.0	525.0	1008.0
15	0.0025	521704.0	94089	107060.0	0.0	261740.0	375.0	241.0	-1008.0
16	0.0026	261660.0	93930	107019.0	0.0	-260044.0	-159.0	-41.0	0.0
17	0.0027	262953.0	94297	107437.0	0.0	1293.0	367.0	418.0	0.0
18	0.0028	264056.0	94675	107855.0	909.0	1103.0	378.0	418.0	909.0
19	0.0029	265016.0	95008	108236.0	0.0	960.0	333.0	381.0	-909.0
20	0.003	264225.0	95298	107918.0	0.0	-791.0	290.0	-318.0	0.0
21	0.0031	265064.0	95024	108243.0	0.0	839.0	-274.0	325.0	0.0
22	0.0032	266128.0	95269	108633.0	822.0	1064.0	245.0	390.0	822.0
23	0.0033	266761.0	95545	108928.0	0.0	633.0	276.0	295.0	-822.0
24	0.0034	265863.0	95781	108541.0	0.0	-898.0	236.0	-387.0	0.0
25	0.0035	266488.0	95446	108777.0	0.0	625.0	-335.0	236.0	0.0
26	0.0036	266963.0	95619	109024.0	746.0	475.0	173.0	247.0	746.0
27	0.0037	265984.0	95840	108977.0	0.0	-979.0	221.0	-47.0	-746.0
28	0.0038	267805.0	95919	109330.0	0.0	1821.0	79.0	353.0	0.0
29	0.0039	268507.0	96062	109513.0	682.0	702.0	143.0	183.0	682.0
30	0.004	268991.0	96212	109454.0	0.0	484.0	150.0	-59.0	-682.0
31	0.0041	267790.0	95835	109246.0	0.0	-1201.0	-377.0	-208.0	0.0
32	0.0042	268105.0	95964	109385.0	624.0	315.0	129.0	139.0	624.0
33	0.0043	268662.0	96137	109332.0	0.0	557.0	173.0	-53.0	-624.0
34	0.0044	267383.0	95780	109131.0	0.0	-1279.0	-357.0	-201.0	0.0
35	0.0045	269123.0	96376	109818.0	574.0	1740.0	596.0	687.0	574.0
36	0.0046	268043.0	96526	109829.0	0.0	-1080.0	150.0	11.0	-574.0
37	0.0047	268478.0	96114	109578.0	530.0	435.0	-412.0	-251.0	530.0
38	0.0048	268956.0	96235	109444.0	0.0	478.0	121.0	-134.0	-530.0
39	0.0049	267851.0	95865	109233.0	0.0	-1105.0	-370.0	-211.0	0.0
40	0.005	268367.0	95990	109508.0	493.0	516.0	125.0	275.0	493.0
41	0.0051	267344.0	96181	109476.0	0.0	-1023.0	191.0	-32.0	-493.0
42	0.0052	267813.0	95800	109253.0	456.0	469.0	-381.0	-223.0	456.0
43	0.0053	268381.0	95933	109227.0	0.0	568.0	133.0	-26.0	-456.0
44	0.0054	267355.0	95589	109019.0	401.0	-1026.0	-344.0	-208.0	401.0
45	0.0055	0.0	95839	108152.0	0.0	-267355.0	250.0	-867.0	-401.0
46	0.0056	263094.0	94363	106801.0	374.0	263094.0	-1476.0	-1351.0	374.0
47	0.0057	261761.0	94507	106790.0	0.0	-1333.0	144.0	-11.0	-374.0
48	0.0058	262655.0	94286	107150.0	354.0	894.0	-221.0	360.0	354.0
49	0.0059	523818.0	94065	107354.0	336.0	261163.0	-221.0	204.0	-18.0
50	0.006	0.0	93877	107402.0	0.0	-523818.0	-188.0	48.0	-336.0
51	0.0061	525082.0	94222	107104.0	321.0	525082.0	345.0	-298.0	321.0
52	0.0062	264671.0	94469	107814.0	0.0	-260411.0	247.0	710.0	-321.0
53	0.0063	264252.0	94261	107899.0	309.0	-419.0	-208.0	85.0	309.0
54	0.0064	0.0	94603	107751.0	295.0	-264252.0	342.0	-148.0	-14.0
55	0.0065	525801.0	94923	107395.0	288.0	525801.0	320.0	-356.0	-7.0
56	0.0066	0.0	94684	107103.0	0.0	-525801.0	-239.0	-292.0	-288.0
57	0.0067	263503.0	94415	107059.0	282.0	263503.0	-269.0	-44.0	282.0
58	0.0068	262872.0	94716	107509.0	272.0	-631.0	301.0	450.0	-10.0
59	0.0069	262183.0	93995	107271.0	266.0	-689.0	-721.0	-238.0	-6.0
60	0.007	524205.0	93743	106990.0	0.0	262022.0	-252.0	-281.0	-266.0
61	0.0071	0.0	93983	107538.0	259.0	-524205.0	240.0	548.0	259.0
62	0.0072	263443.0	94334	107467.0	251.0	263443.0	351.0	-71.0	-8.0
63	0.0073	262713.0	94714	107167.0	247.0	-730.0	380.0	-300.0	-4.0
64	0.0074	261959.0	94516	106868.0	245.0	-754.0	-198.0	-299.0	-2.0
65	0.0075	261261.0	94272	106637.0	240.0	-698.0	-244.0	-231.0	-5.0
66	0.0076	262422.0	94044	106361.0	239.0	1161.0	-228.0	-276.0	-1.0
67	0.0077	261780.0	93848	106410.0	234.0	-642.0	-196.0	49.0	-5.0
68	0.0078	261195.0	94196	106194.0	233.0	-585.0	348.0	-216.0	-1.0
69	0.0079	260547.0	94016	105957.0	0.0	-648.0	-180.0	-237.0	-233.0
70	0.008	259881.0	93823	105738.0	234.0	-666.0	-193.0	-219.0	234.0
71	0.0081	259459.0	93656	106026.0	231.0	-422.0	-167.0	288.0	-3.0
72	0.0082	259163.0	93490	106249.0	230.0	-296.0	-166.0	223.0	-1.0
73	0.0083	258941.0	92856	106139.0	227.0	-222.0	-634.0	-110.0	-3.0
74	0.0084	258748.0	92720	105968.0	225.0	-193.0	-136.0	-171.0	-2.0
75	0.0085	260169.0	93096	106087.0	224.0	1421.0	376.0	119.0	-1.0
76	0.0086	261241.0	93559	105918.0	224.0	1072.0	463.0	-169.0	0.0
77	0.0087	260700.0	93438	105751.0	224.0	-541.0	-121.0	-167.0	0.0
78	0.0088	260248.0	93310	106207.0	0.0	-452.0	-128.0	456.0	-224.0
79	0.0089	259811.0	93610	106598.0	220.0	-437.0	300.0	391.0	220.0
80	0.009	260752.0	93486	106502.0	219.0	941.0	-124.0	-96.0	-1.0
81	0.0091	260452.0	93361	106507.0	218.0	-300.0	-125.0	5.0	-1.0
82	0.0092	260054.0	93781	105914.0	222.0	-398.0	420.0	-593.0	4.0
83	0.0093	259640.0	93659	105732.0	222.0	-414.0	-122.0	-182.0	0.0
84	0.0094	259355.0	93499	0.0	223.0	-285.0	-160.0	-105732.0	1.0
85	0.0095	259040.0	93368	105641.0	221.0	-315.0	-131.0	105641.0	-2.0
86	0.0096	254704.0	91836	103898.0	218.0	-4336.0	-1532.0	-1743.0	-3.0
87	0.0097	254385.0	91723	104146.0	218.0	-319.0	-113.0	248.0	0.0
88	0.0098	254411.0	91753	104202.0	216.0	26.0	30.0	56.0	-2.0
89	0.0099	254567.0	91797	104231.0	213.0	156.0	44.0	29.0	-3.0
90	0.01	256526.0	91830	104276.0	0.0	1959.0	33.0	45.0	-213.0
91	0.0101	256699.0	91599	64109.0	0.0	173.0	-231.0	-40167.0	0.0
92	0.0102	0.0	92133	39247.0	211.0	-256699.0	534.0	-24862.0	211.0
93	0.0103	242966.0	93447	195120.0	195.0	242966.0	1314.0	155873.0	-16.0
94	0.0104	475474.0	92688	97306.0	199.0	232508.0	-759.0	-97814.0	4.0
95	0.0105	248017.0	94443	100573.0	206.0	-227457.0	1755.0	3267.0	7.0
96	0.0106	256947.0	95745	103369.0	420.0	8930.0	1302.0	2796.0	214.0
97	0.0107	263191.0	97466	105934.0	216.0	6244.0	1721.0	2565.0	-204.0
98	0.0108	268547.0	98490	176525.0	219.0	5356.0	1024.0	70591.0	3.0
99	0.0109	273396.0	201183	155981.0	221.0	4849.0	102693.0	-20544.0	2.0
100	0.011	277679.0	102464	114361.0	225.0	4283.0	-98719.0	-41620.0	4.0
101	0.0111	566179.0	103530	115779.0	228.0	288500.0	1066.0	1418.0	3.0
102	0.0112	287737.0	104477	117039.0	230.0	-278442.0	947.0	1260.0	2.0
103	0.0113	290420.0	105322	118458.0	230.0	2683.0	845.0	1419.0	0.0
104	0.0114	292865.0	106070	119254.0	234.0	2445.0	748.0	796.0	4.0
105	0.0115	295104.0	106744	120096.0	236.0	2239.0	674.0	842.0	2.0
106	0.0116	296835.0	107310	120912.0	238.0	1731.0	566.0	816.0	2.0
107	0.0117	298730.0	107827	121932.0	236.0	1895.0	517.0	1020.0	-2.0
108	0.0118	300292.0	108294	122616.0	235.0	1562.0	467.0	684.0	-1.0
109	0.0119	301769.0	108723	123643.0	237.0	1477.0	429.0	1027.0	2.0
110	0.012	302712.0	109098	124056.0	244.0	943.0	375.0	413.0	7.0
111	0.0121	303871.0	109422	124064.0	241.0	1159.0	324.0	8.0	-3.0
112	0.0122	305092.0	109713	124914.0	241.0	1221.0	291.0	850.0	0.0
113	0.0123	305914.0	109961	125311.0	239.0	822.0	248.0	397.0	-2.0
114	0.0124	306730.0	110757	125559.0	237.0	816.0	796.0	248.0	-2.0
115	0.0125	307459.0	110979	125807.0	237.0	729.0	222.0	248.0	0.0
116	0.0126	309954.0	111098	126058.0	241.0	2495.0	119.0	251.0	4.0
117	0.0127	308825.0	111196	126258.0	241.0	-1129.0	98.0	200.0	0.0
118	0.0128	309063.0	111272	126369.0	241.0	238.0	76.0	111.0	0.0
119	0.0129	309549.0	111345	126520.0	239.0	486.0	73.0	151.0	-2.0
120	0.013	311813.0	111415	126694.0	239.0	2264.0	70.0	174.0	0.0
121	0.0131	312169.0	111476	126851.0	239.0	356.0	61.0	157.0	0.0
122	0.0132	312318.0	111550	126979.0	239.0	149.0	74.0	128.0	0.0
123	0.0133	312443.0	111602	127065.0	239.0	125.0	52.0	86.0	0.0
124	0.0134	312388.0	111635	126690.0	0.0	-55.0	33.0	-375.0	-239.0
125	0.0135	309442.0	110995	125169.0	238.0	-2946.0	-640.0	-1521.0	238.0
126	0.0136	304369.0	109222	123948.0	234.0	-5073.0	-1773.0	-1221.0	-4.0
127	0.0137	304668.0	109309	124194.0	235.0	299.0	87.0	246.0	1.0
128	0.0138	305210.0	109560	124481.0	236.0	542.0	251.0	287.0	1.0
129	0.0139	305962.0	109815	125079.0	235.0	752.0	255.0	598.0	-1.0
130	0.014	306952.0	110059	125179.0	238.0	990.0	244.0	100.0	3.0
131	0.0141	307539.0	110298	125450.0	479.0	587.0	239.0	271.0	241.0
132	0.0142	308231.0	110498	125673.0	242.0	692.0	200.0	223.0	-237.0
133	0.0143	308767.0	110673	125882.0	0.0	536.0	175.0	209.0	-242.0
134	0.0144	309075.0	110816	126025.0	243.0	308.0	143.0	143.0	243.0
135	0.0145	309547.0	110951	126224.0	487.0	472.0	135.0	199.0	244.0
136	0.0146	309825.0	111054	126383.0	0.0	278.0	103.0	159.0	-487.0
137	0.0147	310075.0	111147	126449.0	490.0	250.0	93.0	66.0	490.0
138	0.0148	310433.0	111230	126594.0	247.0	358.0	83.0	145.0	-243.0
139	0.0149	310760.0	111311	204573.0	0.0	327.0	81.0	77979.0	-247.0
140	0.015	311099.0	111371	127022.0	494.0	339.0	60.0	-77551.0	494.0
141	0.0151	311394.0	111441	127438.0	252.0	295.0	70.0	416.0	-242.0
142	0.0152	311595.0	111522	127141.0	0.0	201.0	81.0	-297.0	-252.0
143	0.0153	311637.0	111585	127190.0	501.0	42.0	63.0	49.0	501.0
144	0.0154	311856.0	111642	127551.0	253.0	219.0	57.0	361.0	-248.0
145	0.0155	311969.0	111687	127354.0	0.0	113.0	45.0	-197.0	-253.0
146	0.0156	312060.0	111719	127301.0	253.0	91.0	32.0	-53.0	253.0
147	0.0157	312148.0	111748	127722.0	253.0	88.0	29.0	421.0	0.0
148	0.0158	312355.0	111780	127780.0	252.0	207.0	32.0	58.0	-1.0
149	0.0159	312381.0	111812	127704.0	254.0	26.0	32.0	-76.0	2.0
150	0.016	312497.0	111816	127739.0	253.0	116.0	4.0	35.0	-1.0
151	0.0161	312757.0	111831	128238.0	3006.0	260.0	15.0	499.0	2753.0
