	time	ins	cycle	memory	branchm	ins_d	cycle_d	memory_d	branchm_d
0	0.001	23960.0	50464	12959.0	1703.0	0.0	0.0	0.0	0.0
1	0.0011	47934.0	57675	15697.0	1155.0	23974.0	7211.0	2738.0	-548.0
2	0.0012	62169.0	36675	30904.0	0.0	14235.0	-21000.0	15207.0	-1155.0
3	0.0013	140327.0	78137	56817.0	0.0	78158.0	41462.0	25913.0	0.0
4	0.0014	165487.0	42171	91811.0	0.0	25160.0	-35966.0	34994.0	0.0
5	0.0015	231645.0	95441	102829.0	0.0	66158.0	53270.0	11018.0	0.0
6	0.0016	295083.0	112081	98105.0	0.0	63438.0	16640.0	-4724.0	0.0
7	0.0017	166525.0	62563	96420.0	1316.0	-128558.0	-49518.0	-1685.0	1316.0
8	0.0018	363075.0	65681	74431.0	0.0	196550.0	3118.0	-21989.0	-1316.0
9	0.0019	194445.0	139942	126808.0	0.0	-168630.0	74261.0	52377.0	0.0
10	0.002	202589.0	74425	83382.0	0.0	8144.0	-65517.0	-43426.0	0.0
11	0.0021	427023.0	77021	120920.0	0.0	224434.0	2596.0	37538.0	0.0
12	0.0022	222736.0	79291	89946.0	0.0	-204287.0	2270.0	-30974.0	0.0
13	0.0023	228143.0	164482	149445.0	1181.0	5407.0	85191.0	59499.0	1181.0
14	0.0024	233067.0	84798	95184.0	0.0	4924.0	-79684.0	-54261.0	-1181.0
15	0.0025	235685.0	85660	96473.0	0.0	2618.0	862.0	1289.0	0.0
16	0.0026	239079.0	86910	97884.0	0.0	3394.0	1250.0	1411.0	0.0
17	0.0027	242656.0	88067	99283.0	0.0	3577.0	1157.0	1399.0	0.0
18	0.0028	245812.0	89133	100559.0	1058.0	3156.0	1066.0	1276.0	1058.0
19	0.0029	248740.0	90092	101719.0	0.0	2928.0	959.0	1160.0	-1058.0
20	0.003	251241.0	90924	142284.0	0.0	2501.0	832.0	40565.0	0.0
21	0.0031	505672.0	91125	103279.0	0.0	254431.0	201.0	-39005.0	0.0
22	0.0032	255961.0	91772	104095.0	0.0	-249711.0	647.0	816.0	0.0
23	0.0033	257778.0	92417	104916.0	951.0	1817.0	645.0	821.0	951.0
24	0.0034	259437.0	93002	105576.0	0.0	1659.0	585.0	660.0	-951.0
25	0.0035	259189.0	93518	105934.0	0.0	-248.0	516.0	358.0	0.0
26	0.0036	260482.0	93429	106085.0	0.0	1293.0	-89.0	151.0	0.0
27	0.0037	261776.0	93837	106615.0	0.0	1294.0	408.0	530.0	0.0
28	0.0038	263124.0	94258	173033.0	857.0	1348.0	421.0	66418.0	857.0
29	0.0039	264404.0	94633	107961.0	0.0	1280.0	375.0	-65072.0	-857.0
30	0.004	263735.0	94957	107691.0	0.0	-669.0	324.0	-270.0	0.0
31	0.0041	264727.0	94703	108076.0	0.0	992.0	-254.0	385.0	0.0
32	0.0042	265510.0	94964	108361.0	773.0	783.0	261.0	285.0	773.0
33	0.0043	266149.0	95249	108610.0	0.0	639.0	285.0	249.0	-773.0
34	0.0044	265114.0	95514	108233.0	0.0	-1035.0	265.0	-377.0	0.0
35	0.0045	265799.0	95208	108499.0	0.0	685.0	-306.0	266.0	0.0
36	0.0046	266622.0	95419	107897.0	0.0	823.0	211.0	-602.0	0.0
37	0.0047	261632.0	95661	40303.0	645.0	-4990.0	242.0	-67594.0	645.0
38	0.0048	254983.0	94348	105727.0	0.0	-6649.0	-1313.0	65424.0	-645.0
39	0.0049	256054.0	92048	103990.0	0.0	1071.0	-2300.0	-1737.0	0.0
40	0.005	255819.0	91683	104523.0	585.0	-235.0	-365.0	533.0	585.0
41	0.0051	257415.0	92226	104496.0	0.0	1596.0	543.0	-27.0	-585.0
42	0.0052	257446.0	92269	105154.0	0.0	31.0	43.0	658.0	0.0
43	0.0053	259029.0	92809	170253.0	535.0	1583.0	540.0	65099.0	535.0
44	0.0054	260560.0	93344	106181.0	0.0	1531.0	535.0	-64072.0	-535.0
45	0.0055	260320.0	93272	106366.0	492.0	-240.0	-72.0	185.0	492.0
46	0.0056	261682.0	93681	106925.0	0.0	1362.0	409.0	559.0	-492.0
47	0.0057	261155.0	94117	106718.0	0.0	-527.0	436.0	-207.0	0.0
48	0.0058	262387.0	93962	107178.0	456.0	1232.0	-155.0	460.0	456.0
49	0.0059	263517.0	94298	107376.0	0.0	1130.0	336.0	198.0	-456.0
50	0.006	263080.0	94118	107431.0	424.0	-437.0	-180.0	55.0	424.0
51	0.0061	264110.0	94453	107873.0	0.0	1030.0	335.0	442.0	-424.0
52	0.0062	263447.0	94808	107607.0	395.0	-663.0	355.0	-266.0	395.0
53	0.0063	264456.0	94569	108000.0	0.0	1009.0	-239.0	393.0	-395.0
54	0.0064	263557.0	94835	107574.0	370.0	-899.0	266.0	-426.0	370.0
55	0.0065	264487.0	94587	107977.0	0.0	930.0	-248.0	403.0	-370.0
56	0.0066	263900.0	94868	107762.0	347.0	-587.0	281.0	-215.0	347.0
57	0.0067	264884.0	94623	108139.0	0.0	984.0	-245.0	377.0	-347.0
58	0.0068	264004.0	94882	107800.0	328.0	-880.0	259.0	-339.0	328.0
59	0.0069	264858.0	94642	108096.0	0.0	854.0	-240.0	296.0	-328.0
60	0.007	264122.0	94925	107800.0	310.0	-736.0	283.0	-296.0	310.0
61	0.0071	264885.0	94674	107868.0	296.0	763.0	-251.0	68.0	-14.0
62	0.0072	264193.0	94389	107825.0	0.0	-692.0	-285.0	-43.0	-296.0
63	0.0073	263297.0	94681	107503.0	284.0	-896.0	292.0	-322.0	284.0
64	0.0074	264387.0	94470	107660.0	273.0	1090.0	-211.0	157.0	-11.0
65	0.0075	263577.0	94755	107617.0	0.0	-810.0	285.0	-43.0	-273.0
66	0.0076	262784.0	94535	107311.0	264.0	-793.0	-220.0	-306.0	264.0
67	0.0077	263624.0	94283	106915.0	257.0	840.0	-252.0	-396.0	-7.0
68	0.0078	263002.0	94046	107384.0	247.0	-622.0	-237.0	469.0	-10.0
69	0.0079	262291.0	94364	107143.0	0.0	-711.0	318.0	-241.0	-247.0
70	0.008	261681.0	94166	106909.0	243.0	-610.0	-198.0	-234.0	243.0
71	0.0081	262953.0	93957	107149.0	234.0	1272.0	-209.0	240.0	-9.0
72	0.0082	262549.0	93761	107225.0	227.0	-404.0	-196.0	76.0	-7.0
73	0.0083	261859.0	94106	106979.0	0.0	-690.0	345.0	-246.0	-227.0
74	0.0084	261467.0	93935	106814.0	223.0	-392.0	-171.0	-165.0	223.0
75	0.0085	262771.0	93760	107055.0	218.0	1304.0	-175.0	241.0	-5.0
76	0.0086	262321.0	93585	106866.0	213.0	-450.0	-175.0	-189.0	-5.0
77	0.0087	261644.0	93957	40538.0	207.0	-677.0	372.0	-66328.0	-6.0
78	0.0088	256257.0	92146	105939.0	207.0	-5387.0	-1811.0	65401.0	0.0
79	0.0089	255511.0	91928	104554.0	0.0	-746.0	-218.0	-1385.0	-207.0
80	0.009	255535.0	91913	104373.0	206.0	24.0	-15.0	-181.0	206.0
81	0.0091	255541.0	91947	104387.0	205.0	6.0	34.0	14.0	-1.0
82	0.0092	255454.0	91964	104335.0	205.0	-87.0	17.0	-52.0	0.0
83	0.0093	257423.0	91986	104353.0	202.0	1969.0	22.0	18.0	-3.0
84	0.0094	257385.0	92005	104414.0	203.0	-38.0	19.0	61.0	1.0
85	0.0095	255569.0	92026	104345.0	207.0	-1816.0	21.0	-69.0	4.0
86	0.0096	257289.0	92050	104345.0	205.0	1720.0	24.0	0.0	-2.0
87	0.0097	257259.0	92071	104383.0	203.0	-30.0	21.0	38.0	-2.0
88	0.0098	257065.0	92078	104786.0	201.0	-194.0	7.0	403.0	-2.0
89	0.0099	257223.0	92630	105082.0	198.0	158.0	552.0	296.0	-3.0
90	0.01	257103.0	92650	105146.0	198.0	-120.0	20.0	64.0	0.0
91	0.0101	256957.0	92604	105041.0	0.0	-146.0	-46.0	-105.0	-198.0
92	0.0102	256591.0	92548	104959.0	198.0	-366.0	-56.0	-82.0	198.0
93	0.0103	256588.0	92470	104848.0	197.0	-3.0	-78.0	-111.0	-1.0
94	0.0104	256435.0	92443	104813.0	196.0	-153.0	-27.0	-35.0	-1.0
95	0.0105	258170.0	92424	104761.0	194.0	1735.0	-19.0	-52.0	-2.0
96	0.0106	258223.0	92401	104776.0	192.0	53.0	-23.0	15.0	-2.0
97	0.0107	258101.0	92385	105182.0	193.0	-122.0	-16.0	406.0	1.0
98	0.0108	257886.0	92372	105180.0	196.0	-215.0	-13.0	-2.0	3.0
99	0.0109	257862.0	92357	104753.0	196.0	-24.0	-15.0	-427.0	0.0
100	0.011	257654.0	92348	104740.0	198.0	-208.0	-9.0	-13.0	2.0
101	0.0111	255877.0	92337	104688.0	201.0	-1777.0	-11.0	-52.0	3.0
102	0.0112	257442.0	92312	104661.0	200.0	1565.0	-25.0	-27.0	-1.0
103	0.0113	257550.0	92305	104654.0	201.0	108.0	-7.0	-7.0	1.0
104	0.0114	256000.0	92304	104696.0	203.0	-1550.0	-1.0	42.0	2.0
105	0.0115	257737.0	92305	104754.0	202.0	1737.0	1.0	58.0	-1.0
106	0.0116	257764.0	92298	104729.0	201.0	27.0	-7.0	-25.0	-1.0
107	0.0117	257581.0	92260	105168.0	201.0	-183.0	-38.0	439.0	0.0
108	0.0118	257490.0	92253	105126.0	202.0	-91.0	-7.0	-42.0	1.0
109	0.0119	257444.0	92256	105099.0	205.0	-46.0	3.0	-27.0	3.0
110	0.012	255749.0	92252	104674.0	207.0	-1695.0	-4.0	-425.0	2.0
111	0.0121	255629.0	92253	104638.0	208.0	-120.0	1.0	-36.0	1.0
112	0.0122	257529.0	92251	104609.0	207.0	1900.0	-2.0	-29.0	-1.0
113	0.0123	257760.0	92251	104722.0	202.0	231.0	0.0	113.0	-5.0
114	0.0124	257822.0	92796	105464.0	199.0	62.0	545.0	742.0	-3.0
115	0.0125	257481.0	92782	105426.0	199.0	-341.0	-14.0	-38.0	0.0
116	0.0126	257302.0	92721	105270.0	0.0	-179.0	-61.0	-156.0	-199.0
117	0.0127	0.0	92574	64526.0	198.0	-257302.0	-147.0	-40744.0	198.0
118	0.0128	256966.0	90890	144135.0	195.0	256966.0	-1684.0	79609.0	-3.0
119	0.0129	252046.0	90806	103092.0	195.0	-4920.0	-84.0	-41043.0	0.0
120	0.013	252012.0	90927	63153.0	195.0	-34.0	121.0	-39939.0	0.0
121	0.0131	252465.0	91052	142925.0	188.0	453.0	125.0	79772.0	-7.0
122	0.0132	505297.0	90905	103133.0	188.0	252832.0	-147.0	-39792.0	0.0
123	0.0133	257285.0	91964	104646.0	188.0	-248012.0	1059.0	1513.0	0.0
124	0.0134	259952.0	93052	105905.0	190.0	2667.0	1088.0	1259.0	2.0
125	0.0135	262399.0	94022	172414.0	197.0	2447.0	970.0	66509.0	7.0
126	0.0136	264625.0	94899	108107.0	205.0	2226.0	877.0	-64307.0	8.0
127	0.0137	266684.0	191004	108953.0	209.0	2059.0	96105.0	846.0	4.0
128	0.0138	268844.0	97122	109843.0	206.0	2160.0	-93882.0	890.0	-3.0
129	0.0139	270660.0	97737	110532.0	208.0	1816.0	615.0	689.0	2.0
130	0.014	272162.0	98236	111134.0	209.0	1502.0	499.0	602.0	1.0
131	0.0141	273460.0	98664	111638.0	210.0	1298.0	428.0	504.0	1.0
132	0.0142	274695.0	99044	112158.0	424.0	1235.0	380.0	520.0	214.0
133	0.0143	275869.0	99392	112640.0	0.0	1174.0	348.0	482.0	-424.0
134	0.0144	276770.0	99178	113011.0	219.0	901.0	-214.0	371.0	219.0
135	0.0145	277715.0	99453	113364.0	219.0	945.0	275.0	353.0	0.0
136	0.0146	278543.0	100305	113657.0	219.0	828.0	852.0	293.0	0.0
137	0.0147	279142.0	100567	113928.0	220.0	599.0	262.0	271.0	1.0
138	0.0148	279827.0	100717	114516.0	218.0	685.0	150.0	588.0	-2.0
139	0.0149	280443.0	100864	114712.0	218.0	616.0	147.0	196.0	0.0
140	0.015	280891.0	100993	114856.0	218.0	448.0	129.0	144.0	0.0
141	0.0151	281161.0	101108	114940.0	218.0	270.0	115.0	84.0	0.0
142	0.0152	281352.0	101210	115016.0	218.0	191.0	102.0	76.0	0.0
143	0.0153	281788.0	101303	115166.0	218.0	436.0	93.0	150.0	0.0
144	0.0154	282084.0	101386	115253.0	218.0	296.0	83.0	87.0	0.0
145	0.0155	282203.0	101454	115344.0	218.0	119.0	68.0	91.0	0.0
146	0.0156	282559.0	101526	115447.0	218.0	356.0	72.0	103.0	0.0
147	0.0157	282680.0	101590	115501.0	217.0	121.0	64.0	54.0	-1.0
148	0.0158	282948.0	101655	115581.0	218.0	268.0	65.0	80.0	1.0
149	0.0159	283105.0	101709	115587.0	219.0	157.0	54.0	6.0	1.0
150	0.016	283170.0	101746	115590.0	220.0	65.0	37.0	3.0	1.0
151	0.0161	283005.0	101771	115552.0	220.0	-165.0	25.0	-38.0	0.0
152	0.0162	283121.0	101809	115624.0	221.0	116.0	38.0	72.0	1.0
153	0.0163	283170.0	101844	115589.0	219.0	49.0	35.0	-35.0	-2.0
154	0.0164	285212.0	101876	115708.0	218.0	2042.0	32.0	119.0	-1.0
155	0.0165	285265.0	101904	116196.0	219.0	53.0	28.0	488.0	1.0
156	0.0166	285265.0	101931	116287.0	219.0	0.0	27.0	91.0	0.0
157	0.0167	284496.0	101721	115980.0	216.0	-769.0	-210.0	-307.0	-3.0
158	0.0168	280262.0	100247	114239.0	217.0	-4234.0	-1474.0	-1741.0	1.0
159	0.0169	280189.0	100282	114216.0	217.0	-73.0	35.0	-23.0	0.0
160	0.017	280611.0	100469	114384.0	219.0	422.0	187.0	168.0	2.0
161	0.0171	280758.0	100649	114489.0	220.0	147.0	180.0	105.0	1.0
162	0.0172	281246.0	100806	114664.0	4669.0	488.0	157.0	175.0	4449.0
