	time	ins	cycle	memory	branchm	ins_d	cycle_d	memory_d	branchm_d
0	0.001	26503.0	66549	11217.0	1030.0	0.0	0.0	0.0	0.0
1	0.0011	57751.0	39888	14149.0	0.0	31248.0	-26661.0	2932.0	-1030.0
2	0.0012	67244.0	87539	25090.0	0.0	9493.0	47651.0	10941.0	0.0
3	0.0013	86461.0	111177	30688.0	1013.0	19217.0	23638.0	5598.0	1013.0
4	0.0014	50750.0	62975	25225.0	0.0	-35711.0	-48202.0	-5463.0	-1013.0
5	0.0015	113317.0	138193	31667.0	0.0	62567.0	75218.0	6442.0	0.0
6	0.0016	131059.0	74568	31093.0	943.0	17742.0	-63625.0	-574.0	943.0
7	0.0017	71760.0	77446	38367.0	0.0	-59299.0	2878.0	7274.0	-943.0
8	0.0018	74389.0	163069	25292.0	0.0	2629.0	85623.0	-13075.0	0.0
9	0.0019	78435.0	85831	26149.0	0.0	4046.0	-77238.0	857.0	0.0
10	0.002	164708.0	88332	38217.0	863.0	86273.0	2501.0	12068.0	863.0
11	0.0021	85624.0	90544	46052.0	0.0	-79084.0	2212.0	7835.0	-863.0
12	0.0022	87140.0	92503	29452.0	0.0	1516.0	1959.0	-16600.0	0.0
13	0.0023	89116.0	93613	30113.0	0.0	1976.0	1110.0	661.0	0.0
14	0.0024	91861.0	95111	30660.0	0.0	2745.0	1498.0	547.0	0.0
15	0.0025	93615.0	193080	31227.0	781.0	1754.0	97969.0	567.0	781.0
16	0.0026	94403.0	98345	31903.0	0.0	788.0	-94735.0	676.0	-781.0
17	0.0027	192793.0	98826	32272.0	0.0	98390.0	481.0	369.0	0.0
18	0.0028	98183.0	99760	45351.0	0.0	-94610.0	934.0	13079.0	0.0
19	0.0029	98538.0	100645	53112.0	0.0	355.0	885.0	7761.0	0.0
20	0.003	99507.0	101435	33622.0	705.0	969.0	790.0	-19490.0	705.0
21	0.0031	100433.0	102140	33887.0	0.0	926.0	705.0	265.0	-705.0
22	0.0032	101157.0	102179	33754.0	0.0	724.0	39.0	-133.0	0.0
23	0.0033	101867.0	102724	33221.0	0.0	710.0	545.0	-533.0	0.0
24	0.0034	96962.0	98408	12364.0	0.0	-4905.0	-4316.0	-20857.0	0.0
25	0.0035	94860.0	96311	51396.0	584.0	-2102.0	-2097.0	39032.0	584.0
26	0.0036	95231.0	97161	32280.0	0.0	371.0	850.0	-19116.0	-584.0
27	0.0037	95849.0	97704	32500.0	0.0	618.0	543.0	220.0	0.0
28	0.0038	95794.0	97300	32072.0	0.0	-55.0	-404.0	-428.0	0.0
29	0.0039	95883.0	97252	32067.0	527.0	89.0	-48.0	-5.0	527.0
30	0.004	96038.0	97248	32128.0	0.0	155.0	-4.0	61.0	-527.0
31	0.0041	95574.0	96720	31984.0	0.0	-464.0	-528.0	-144.0	0.0
32	0.0042	95728.0	96731	32035.0	0.0	154.0	11.0	51.0	0.0
33	0.0043	95908.0	96810	32078.0	478.0	180.0	79.0	43.0	478.0
34	0.0044	96089.0	96889	32144.0	0.0	181.0	79.0	66.0	-478.0
35	0.0045	95635.0	96408	32006.0	0.0	-454.0	-481.0	-138.0	0.0
36	0.0046	95795.0	96468	32069.0	0.0	160.0	60.0	63.0	0.0
37	0.0047	96039.0	96567	32134.0	435.0	244.0	99.0	65.0	435.0
38	0.0048	96204.0	96675	32106.0	0.0	165.0	108.0	-28.0	-435.0
39	0.0049	95744.0	96225	32038.0	0.0	-460.0	-450.0	-68.0	0.0
40	0.005	95904.0	96295	32105.0	397.0	160.0	70.0	67.0	397.0
41	0.0051	96102.0	96409	32181.0	0.0	198.0	114.0	76.0	-397.0
42	0.0052	95698.0	95974	32033.0	0.0	-404.0	-435.0	-148.0	0.0
43	0.0053	95815.0	96073	32058.0	363.0	117.0	99.0	25.0	363.0
44	0.0054	95971.0	96209	12595.0	0.0	156.0	136.0	-19463.0	-363.0
45	0.0055	95553.0	95779	51517.0	0.0	-418.0	-430.0	38922.0	0.0
46	0.0056	95714.0	95906	32041.0	334.0	161.0	127.0	-19476.0	334.0
47	0.0057	95900.0	96066	12499.0	0.0	186.0	160.0	-19542.0	-334.0
48	0.0058	95410.0	95665	32020.0	0.0	-490.0	-401.0	19521.0	0.0
49	0.0059	95553.0	95802	51409.0	309.0	143.0	137.0	19389.0	309.0
50	0.006	95817.0	95975	12497.0	0.0	264.0	173.0	-38912.0	-309.0
51	0.0061	95396.0	95597	32036.0	286.0	-421.0	-378.0	19539.0	286.0
52	0.0062	95576.0	95751	31888.0	0.0	180.0	154.0	-148.0	-286.0
53	0.0063	95154.0	95402	31936.0	268.0	-422.0	-349.0	48.0	268.0
54	0.0064	95336.0	95562	31808.0	0.0	182.0	160.0	-128.0	-268.0
55	0.0065	94994.0	95227	31887.0	251.0	-342.0	-335.0	79.0	251.0
56	0.0066	95255.0	95413	31786.0	0.0	261.0	186.0	-101.0	-251.0
57	0.0067	94901.0	95097	31850.0	236.0	-354.0	-316.0	64.0	236.0
58	0.0068	95107.0	95294	31728.0	0.0	206.0	197.0	-122.0	-236.0
59	0.0069	94730.0	94983	31820.0	223.0	-377.0	-311.0	92.0	223.0
60	0.007	95053.0	95206	31712.0	0.0	323.0	223.0	-108.0	-223.0
61	0.0071	94733.0	94907	31805.0	211.0	-320.0	-299.0	93.0	211.0
62	0.0072	94978.0	95144	31683.0	201.0	245.0	237.0	-122.0	-10.0
63	0.0073	0.0	94846	19328.0	0.0	-94978.0	-298.0	-12355.0	-201.0
64	0.0074	94711.0	0	31735.0	186.0	94711.0	-94846.0	12407.0	186.0
65	0.0075	92810.0	94627	31096.0	178.0	-1901.0	94627.0	-639.0	-8.0
66	0.0076	93057.0	93189	31100.0	0.0	247.0	-1438.0	4.0	-178.0
67	0.0077	92871.0	92933	31112.0	173.0	-186.0	-256.0	12.0	173.0
68	0.0078	92700.0	92805	31066.0	168.0	-171.0	-128.0	-46.0	-5.0
69	0.0079	93143.0	93258	31024.0	165.0	443.0	453.0	-42.0	-3.0
70	0.008	93069.0	93168	31091.0	0.0	-74.0	-90.0	67.0	-165.0
71	0.0081	92810.0	93051	31106.0	161.0	-259.0	-117.0	15.0	161.0
72	0.0082	92642.0	92920	31070.0	157.0	-168.0	-131.0	-36.0	-4.0
73	0.0083	92486.0	93360	31015.0	156.0	-156.0	440.0	-55.0	-1.0
74	0.0084	92947.0	93257	31065.0	153.0	461.0	-103.0	50.0	-3.0
75	0.0085	92837.0	93113	31028.0	0.0	-110.0	-144.0	-37.0	-153.0
76	0.0086	92667.0	92986	30993.0	151.0	-170.0	-127.0	-35.0	151.0
77	0.0087	92554.0	92864	31037.0	149.0	-113.0	-122.0	44.0	-2.0
78	0.0088	92450.0	92763	30985.0	147.0	-104.0	-101.0	-52.0	-2.0
79	0.0089	92322.0	93231	30953.0	145.0	-128.0	468.0	-32.0	-2.0
80	0.009	92796.0	93131	31036.0	144.0	474.0	-100.0	83.0	-1.0
81	0.0091	92718.0	93003	31002.0	0.0	-78.0	-128.0	-34.0	-144.0
82	0.0092	92580.0	92889	30941.0	143.0	-138.0	-114.0	-61.0	143.0
83	0.0093	92442.0	92783	30998.0	141.0	-138.0	-106.0	57.0	-2.0
84	0.0094	92319.0	92689	30967.0	141.0	-123.0	-94.0	-31.0	0.0
85	0.0095	92230.0	92601	30919.0	141.0	-89.0	-88.0	-48.0	0.0
86	0.0096	92068.0	92525	30865.0	140.0	-162.0	-76.0	-54.0	-1.0
87	0.0097	91982.0	93010	30838.0	140.0	-86.0	485.0	-27.0	0.0
88	0.0098	91864.0	92955	30803.0	139.0	-118.0	-55.0	-35.0	-1.0
89	0.0099	92447.0	92847	30889.0	139.0	583.0	-108.0	86.0	0.0
90	0.01	92360.0	92756	30868.0	138.0	-87.0	-91.0	-21.0	-1.0
91	0.0101	92258.0	92657	30849.0	137.0	-102.0	-99.0	-19.0	-1.0
92	0.0102	92214.0	92582	30835.0	137.0	-44.0	-75.0	-14.0	0.0
93	0.0103	92107.0	92517	30792.0	137.0	-107.0	-65.0	-43.0	0.0
94	0.0104	92020.0	92453	30766.0	0.0	-87.0	-64.0	-26.0	-137.0
95	0.0105	91912.0	92377	30747.0	137.0	-108.0	-76.0	-19.0	137.0
96	0.0106	91874.0	92328	30807.0	137.0	-38.0	-49.0	60.0	0.0
97	0.0107	91779.0	92292	30787.0	137.0	-95.0	-36.0	-20.0	0.0
98	0.0108	91723.0	92254	30770.0	137.0	-56.0	-38.0	-17.0	0.0
99	0.0109	91703.0	92224	30758.0	138.0	-20.0	-30.0	-12.0	1.0
100	0.011	91651.0	92195	30720.0	137.0	-52.0	-29.0	-38.0	-1.0
101	0.0111	91606.0	92726	30708.0	136.0	-45.0	531.0	-12.0	-1.0
102	0.0112	92190.0	92692	30828.0	136.0	584.0	-34.0	120.0	0.0
103	0.0113	92182.0	92606	30801.0	137.0	-8.0	-86.0	-27.0	1.0
104	0.0114	91970.0	92513	30747.0	136.0	-212.0	-93.0	-54.0	-1.0
105	0.0115	90376.0	91026	30229.0	136.0	-1594.0	-1487.0	-518.0	0.0
106	0.0116	90343.0	90924	30217.0	136.0	-33.0	-102.0	-12.0	0.0
107	0.0117	90380.0	91006	30213.0	136.0	37.0	82.0	-4.0	0.0
108	0.0118	90427.0	91094	30245.0	136.0	47.0	88.0	32.0	0.0
109	0.0119	90509.0	91180	30287.0	0.0	82.0	86.0	42.0	-136.0
110	0.012	90583.0	91242	30288.0	136.0	74.0	62.0	1.0	136.0
111	0.0121	90611.0	91310	30319.0	136.0	28.0	68.0	31.0	0.0
112	0.0122	90707.0	91376	30349.0	136.0	96.0	66.0	30.0	0.0
113	0.0123	90774.0	91423	30449.0	135.0	67.0	47.0	100.0	-1.0
114	0.0124	90791.0	91469	30461.0	134.0	17.0	46.0	12.0	-1.0
115	0.0125	90854.0	92072	30484.0	134.0	63.0	603.0	23.0	0.0
116	0.0126	90930.0	92110	30498.0	134.0	76.0	38.0	14.0	0.0
117	0.0127	90955.0	92098	30491.0	134.0	25.0	-12.0	-7.0	0.0
118	0.0128	91588.0	92071	30507.0	134.0	633.0	-27.0	16.0	0.0
119	0.0129	91661.0	92051	30649.0	134.0	73.0	-20.0	142.0	0.0
120	0.013	91618.0	92034	30630.0	135.0	-43.0	-17.0	-19.0	1.0
121	0.0131	91532.0	92023	30622.0	136.0	-86.0	-11.0	-8.0	1.0
122	0.0132	91481.0	92018	30611.0	136.0	-51.0	-5.0	-11.0	0.0
123	0.0133	91480.0	92004	30601.0	136.0	-1.0	-14.0	-10.0	0.0
124	0.0134	91418.0	92005	30582.0	136.0	-62.0	1.0	-19.0	0.0
125	0.0135	91345.0	91987	30573.0	136.0	-73.0	-18.0	-9.0	0.0
126	0.0136	91354.0	91976	30578.0	135.0	9.0	-11.0	5.0	-1.0
127	0.0137	91320.0	91982	30558.0	135.0	-34.0	6.0	-20.0	0.0
128	0.0138	91292.0	91972	30558.0	135.0	-28.0	-10.0	0.0	0.0
129	0.0139	91306.0	91970	30555.0	0.0	14.0	-2.0	-3.0	-135.0
130	0.014	91254.0	91963	30535.0	135.0	-52.0	-7.0	-20.0	135.0
131	0.0141	91256.0	91956	30541.0	135.0	2.0	-7.0	6.0	0.0
132	0.0142	91259.0	91949	30639.0	134.0	3.0	-7.0	98.0	-1.0
133	0.0143	91308.0	91944	30643.0	134.0	49.0	-5.0	4.0	0.0
134	0.0144	91259.0	91939	30614.0	134.0	-49.0	-5.0	-29.0	0.0
135	0.0145	91218.0	91940	30605.0	134.0	-41.0	1.0	-9.0	0.0
136	0.0146	91257.0	91936	30605.0	136.0	39.0	-4.0	0.0	2.0
137	0.0147	91197.0	91926	30577.0	135.0	-60.0	-10.0	-28.0	-1.0
138	0.0148	91209.0	92485	30580.0	135.0	12.0	559.0	3.0	0.0
139	0.0149	91199.0	92480	30582.0	134.0	-10.0	-5.0	2.0	-1.0
140	0.015	91869.0	92415	30712.0	134.0	670.0	-65.0	130.0	0.0
141	0.0151	91904.0	92375	30707.0	134.0	35.0	-40.0	-5.0	0.0
142	0.0152	91827.0	92332	30701.0	134.0	-77.0	-43.0	-6.0	0.0
143	0.0153	91845.0	92288	30704.0	0.0	18.0	-44.0	3.0	-134.0
144	0.0154	91675.0	92199	30650.0	134.0	-170.0	-89.0	-54.0	134.0
145	0.0155	89991.0	90598	29992.0	265.0	-1684.0	-1601.0	-658.0	131.0
146	0.0156	89091.0	89771	29942.0	135.0	-900.0	-827.0	-50.0	-130.0
147	0.0157	90179.0	90838	30306.0	135.0	1088.0	1067.0	364.0	0.0
148	0.0158	91282.0	92007	30670.0	136.0	1103.0	1169.0	364.0	1.0
149	0.0159	92302.0	93077	31006.0	138.0	1020.0	1070.0	336.0	2.0
150	0.016	187366.0	188923	31310.0	138.0	95064.0	95846.0	304.0	0.0
151	0.0161	94879.0	95665	31566.0	138.0	-92487.0	-93258.0	256.0	0.0
152	0.0162	95570.0	96333	31923.0	139.0	691.0	668.0	357.0	1.0
153	0.0163	96238.0	96927	44905.0	140.0	668.0	594.0	12982.0	1.0
154	0.0164	96759.0	97472	32403.0	140.0	521.0	545.0	-12502.0	0.0
155	0.0165	97209.0	97956	32552.0	140.0	450.0	484.0	149.0	0.0
156	0.0166	97636.0	98382	52571.0	142.0	427.0	426.0	20019.0	2.0
157	0.0167	98027.0	98762	32908.0	142.0	391.0	380.0	-19663.0	0.0
158	0.0168	98449.0	99689	33024.0	144.0	422.0	927.0	116.0	2.0
159	0.0169	98730.0	99469	33110.0	145.0	281.0	-220.0	86.0	1.0
160	0.017	98952.0	99681	33186.0	145.0	222.0	212.0	76.0	0.0
161	0.0171	99224.0	100494	33266.0	145.0	272.0	813.0	80.0	0.0
162	0.0172	99474.0	100719	33352.0	145.0	250.0	225.0	86.0	0.0
163	0.0173	100372.0	100855	33426.0	145.0	898.0	136.0	74.0	0.0
164	0.0174	100608.0	100959	33630.0	145.0	236.0	104.0	204.0	0.0
165	0.0175	100726.0	101060	33677.0	145.0	118.0	101.0	47.0	0.0
166	0.0176	100783.0	101152	33695.0	146.0	57.0	92.0	18.0	1.0
167	0.0177	100827.0	101239	33719.0	0.0	44.0	87.0	24.0	-146.0
168	0.0178	100842.0	101295	33735.0	147.0	15.0	56.0	16.0	147.0
169	0.0179	100932.0	101360	33761.0	147.0	90.0	65.0	26.0	0.0
170	0.018	100979.0	101398	33789.0	147.0	47.0	38.0	28.0	0.0
171	0.0181	101031.0	101461	20582.0	296.0	52.0	63.0	-13207.0	149.0
