	time	ins	cycle	memory	branchm	ins_d	cycle_d	memory_d	branchm_d
0	0.001	82611	90168	19450.0	0	0.0	0.0	0.0	0.0
1	0.0011	47327	107101	22604.0	0	-35284.0	16933.0	3154.0	0.0
2	0.0012	104916	61206	28679.0	0	57589.0	-45895.0	6075.0	0.0
3	0.0013	57663	134230	27044.0	1343	-47253.0	73024.0	-1635.0	1343.0
4	0.0014	61094	72114	33636.0	0	3431.0	-62116.0	6592.0	-1343.0
5	0.0015	129274	74312	22197.0	0	68180.0	2198.0	-11439.0	0.0
6	0.0016	68708	76836	32618.0	0	-60566.0	2524.0	10421.0	0.0
7	0.0017	72153	78546	40002.0	0	3445.0	1710.0	7384.0	0.0
8	0.0018	152206	164243	25911.0	0	80053.0	85697.0	-14091.0	0.0
9	0.0019	79732	84765	26554.0	0	-72474.0	-79478.0	643.0	0.0
10	0.002	81469	86235	38076.0	1223	1737.0	1470.0	11522.0	1223.0
11	0.0021	83099	87558	28126.0	0	1630.0	1323.0	-9950.0	-1223.0
12	0.0022	84486	87488	28571.0	0	1387.0	-70.0	445.0	0.0
13	0.0023	85913	88508	28982.0	0	1427.0	1020.0	411.0	0.0
14	0.0024	87008	89541	47200.0	0	1095.0	1033.0	18218.0	0.0
15	0.0025	88802	90484	29797.0	0	1794.0	943.0	-17403.0	0.0
16	0.0026	89801	91286	30107.0	0	999.0	802.0	310.0	0.0
17	0.0027	181458	92031	30491.0	1095	91657.0	745.0	384.0	1095.0
18	0.0028	91530	92701	30738.0	0	-89928.0	670.0	247.0	-1095.0
19	0.0029	92150	93287	30674.0	0	620.0	586.0	-64.0	0.0
20	0.003	92733	93256	30858.0	0	583.0	-31.0	184.0	0.0
21	0.0031	93326	93710	31054.0	0	593.0	454.0	196.0	0.0
22	0.0032	93686	94178	31211.0	0	360.0	468.0	157.0	0.0
23	0.0033	93501	94600	31456.0	0	-185.0	422.0	245.0	0.0
24	0.0034	93924	94963	31613.0	0	423.0	363.0	157.0	0.0
25	0.0035	95062	95288	31656.0	978	1138.0	325.0	43.0	978.0
26	0.0036	95450	95581	31781.0	0	388.0	293.0	125.0	-978.0
27	0.0037	95109	95304	31678.0	0	-341.0	-277.0	-103.0	0.0
28	0.0038	94756	191275	31872.0	0	-353.0	95971.0	194.0	0.0
29	0.0039	95049	95997	31971.0	0	293.0	-95278.0	99.0	0.0
30	0.004	96002	96194	31988.0	0	953.0	197.0	17.0	0.0
31	0.0041	96224	96370	32039.0	0	222.0	176.0	51.0	0.0
32	0.0042	96396	96506	32114.0	873	172.0	136.0	75.0	873.0
33	0.0043	96601	96107	32194.0	0	205.0	-399.0	80.0	-873.0
34	0.0044	96144	96224	32055.0	0	-457.0	117.0	-139.0	0.0
35	0.0045	94753	0	31624.0	0	-1391.0	-96224.0	-431.0	0.0
36	0.0046	91834	95277	30838.0	0	-2919.0	95277.0	-786.0	0.0
37	0.0047	90881	186468	43156.0	0	-953.0	91191.0	12318.0	0.0
38	0.0048	94465	96379	31809.0	714	3584.0	-90089.0	-11347.0	714.0
39	0.0049	98190	99990	53101.0	0	3725.0	3611.0	21292.0	-714.0
40	0.005	204908	102574	34534.0	0	106718.0	2584.0	-18567.0	0.0
41	0.0051	106812	105459	35524.0	0	-98096.0	2885.0	990.0	0.0
42	0.0052	109412	218543	36396.0	641	2600.0	113084.0	872.0	641.0
43	0.0053	111647	111857	51910.0	0	2235.0	-106686.0	15514.0	-641.0
44	0.0054	113662	113677	37777.0	0	2015.0	1820.0	-14133.0	0.0
45	0.0055	115497	115341	38487.0	582	1835.0	1664.0	710.0	582.0
46	0.0056	116378	116813	39048.0	0	881.0	1472.0	561.0	-582.0
47	0.0057	117779	118114	63435.0	0	1401.0	1301.0	24387.0	0.0
48	0.0058	118393	118654	39945.0	0	614.0	540.0	-23490.0	0.0
49	0.0059	119460	119595	40310.0	529	1067.0	941.0	365.0	529.0
50	0.006	241201	120509	40526.0	0	121741.0	914.0	216.0	-529.0
51	0.0061	122335	120724	40578.0	0	-118866.0	215.0	52.0	0.0
52	0.0062	123207	121464	40856.0	484	872.0	740.0	278.0	484.0
53	0.0063	123202	122170	41232.0	0	-5.0	706.0	376.0	-484.0
54	0.0064	123161	122226	41235.0	0	-41.0	56.0	3.0	0.0
55	0.0065	123794	122794	41433.0	444	633.0	568.0	198.0	444.0
56	0.0066	123680	123360	41642.0	0	-114.0	566.0	209.0	-444.0
57	0.0067	124209	123283	41591.0	409	529.0	-77.0	-51.0	409.0
58	0.0068	125497	123711	41654.0	0	1288.0	428.0	63.0	-409.0
59	0.0069	125372	124150	41758.0	0	-125.0	439.0	104.0	0.0
60	0.007	125043	123986	41863.0	378	-329.0	-164.0	105.0	378.0
61	0.0071	125420	124339	41991.0	0	377.0	353.0	128.0	-378.0
62	0.0072	125158	124135	41927.0	352	-262.0	-204.0	-64.0	352.0
63	0.0073	125468	124473	42020.0	0	310.0	338.0	93.0	-352.0
64	0.0074	125702	124829	41910.0	330	234.0	356.0	-110.0	330.0
65	0.0075	125982	125000	42214.0	0	280.0	171.0	304.0	-330.0
66	0.0076	125620	125252	42099.0	310	-362.0	252.0	-115.0	310.0
67	0.0077	126635	124931	42092.0	0	1015.0	-321.0	-7.0	-310.0
68	0.0078	126293	124601	42002.0	293	-342.0	-330.0	-90.0	293.0
69	0.0079	125306	124892	42179.0	278	-987.0	291.0	177.0	-15.0
70	0.008	125555	124634	42082.0	0	249.0	-258.0	-97.0	-278.0
71	0.0081	125204	124913	42097.0	265	-351.0	279.0	15.0	265.0
72	0.0082	126119	124640	42055.0	254	915.0	-273.0	-42.0	-11.0
73	0.0083	126526	125378	42032.0	0	407.0	738.0	-23.0	-254.0
74	0.0084	125559	125114	42158.0	236	-967.0	-264.0	126.0	236.0
75	0.0085	125450	124467	42006.0	226	-109.0	-647.0	-152.0	-10.0
76	0.0086	123370	122971	41312.0	0	-2080.0	-1496.0	-694.0	-226.0
77	0.0087	122996	122648	41183.0	221	-374.0	-323.0	-129.0	221.0
78	0.0088	123610	122529	41205.0	215	614.0	-119.0	22.0	-6.0
79	0.0089	124254	122475	41276.0	210	644.0	-54.0	71.0	-5.0
80	0.009	123495	123006	41360.0	0	-759.0	531.0	84.0	-210.0
81	0.0091	123339	122936	41319.0	206	-156.0	-70.0	-41.0	206.0
82	0.0092	123253	122846	41402.0	202	-86.0	-90.0	83.0	-4.0
83	0.0093	123796	122763	41473.0	198	543.0	-83.0	71.0	-4.0
84	0.0094	123682	122669	41417.0	196	-114.0	-94.0	-56.0	-2.0
85	0.0095	124208	122587	41275.0	194	526.0	-82.0	-142.0	-2.0
86	0.0096	123518	123098	41355.0	192	-690.0	511.0	80.0	-2.0
87	0.0097	123313	123064	41308.0	0	-205.0	-34.0	-47.0	-192.0
88	0.0098	123246	122965	41404.0	189	-67.0	-99.0	96.0	189.0
89	0.0099	123169	122869	41383.0	189	-77.0	-96.0	-21.0	0.0
90	0.01	123082	122796	41346.0	188	-87.0	-73.0	-37.0	-1.0
91	0.0101	124449	122728	41314.0	186	1367.0	-68.0	-32.0	-2.0
92	0.0102	124386	122658	41286.0	186	-63.0	-70.0	-28.0	0.0
93	0.0103	123509	122590	41326.0	186	-877.0	-68.0	40.0	0.0
94	0.0104	123339	122517	41290.0	184	-170.0	-73.0	-36.0	-2.0
95	0.0105	123257	123034	41256.0	183	-82.0	517.0	-34.0	-1.0
96	0.0106	123121	122922	41231.0	182	-136.0	-112.0	-25.0	-1.0
97	0.0107	123059	122819	41200.0	0	-62.0	-103.0	-31.0	-182.0
98	0.0108	123729	122742	41238.0	180	670.0	-77.0	38.0	180.0
99	0.0109	123671	122664	41251.0	180	-58.0	-78.0	13.0	0.0
100	0.011	122997	122612	41313.0	179	-674.0	-52.0	62.0	-1.0
101	0.0111	0	122555	41296.0	179	-122997.0	-57.0	-17.0	0.0
102	0.0112	245827	122499	41367.0	178	245827.0	-56.0	71.0	-1.0
103	0.0113	123451	122446	41332.0	178	-122376.0	-53.0	-35.0	0.0
104	0.0114	124147	122391	41223.0	177	696.0	-55.0	-109.0	-1.0
105	0.0115	124071	122350	41190.0	177	-76.0	-41.0	-33.0	0.0
106	0.0116	123296	122889	41275.0	176	-775.0	539.0	85.0	-1.0
107	0.0117	123187	122849	41257.0	176	-109.0	-40.0	-18.0	0.0
108	0.0118	0	122775	41215.0	176	-123187.0	-74.0	-42.0	0.0
109	0.0119	123098	122697	41215.0	176	123098.0	-78.0	0.0	0.0
110	0.012	245963	122639	41171.0	176	122865.0	-58.0	-44.0	0.0
111	0.0121	123620	122565	41079.0	175	-122343.0	-74.0	-92.0	-1.0
112	0.0122	0	122504	41232.0	0	-123620.0	-61.0	153.0	-175.0
113	0.0123	123624	122462	41300.0	175	123624.0	-42.0	68.0	175.0
114	0.0124	122885	122361	41272.0	174	-739.0	-101.0	-28.0	-1.0
115	0.0125	122815	122332	40882.0	174	-70.0	-29.0	-390.0	0.0
116	0.0126	119801	119441	40091.0	172	-3014.0	-2891.0	-791.0	-2.0
117	0.0127	119271	119380	40022.0	172	-530.0	-61.0	-69.0	0.0
118	0.0128	120211	119663	40110.0	173	940.0	283.0	88.0	1.0
119	0.0129	120570	119939	15788.0	174	359.0	276.0	-24322.0	1.0
120	0.013	120155	120176	64416.0	173	-415.0	237.0	48628.0	-1.0
121	0.0131	119134	119548	40300.0	174	-1021.0	-628.0	-24116.0	1.0
122	0.0132	120391	120740	40856.0	173	1257.0	1192.0	556.0	-1.0
123	0.0133	246336	122006	41285.0	176	125945.0	1266.0	429.0	3.0
124	0.0134	124693	123156	41614.0	178	-121643.0	1150.0	329.0	2.0
125	0.0135	126188	124161	41928.0	178	1495.0	1005.0	314.0	0.0
126	0.0136	127741	126171	42297.0	179	1553.0	2010.0	369.0	1.0
127	0.0137	127705	126962	42654.0	179	-36.0	791.0	357.0	0.0
128	0.0138	128245	127545	42861.0	180	540.0	583.0	207.0	1.0
129	0.0139	128722	256581	43040.0	181	477.0	129036.0	179.0	1.0
130	0.014	129191	128927	43196.0	181	469.0	-127654.0	156.0	0.0
131	0.0141	129677	129296	43336.0	181	486.0	369.0	140.0	0.0
132	0.0142	130016	129600	43490.0	181	339.0	304.0	154.0	0.0
133	0.0143	130919	130342	43592.0	181	903.0	742.0	102.0	0.0
134	0.0144	131194	130599	44028.0	183	275.0	257.0	436.0	2.0
135	0.0145	131389	130766	61247.0	182	195.0	167.0	17219.0	-1.0
136	0.0146	132115	131351	26900.0	182	726.0	585.0	-34347.0	0.0
137	0.0147	132274	131475	44399.0	182	159.0	124.0	17499.0	0.0
138	0.0148	0	0	44339.0	403	-132274.0	-131475.0	-60.0	221.0
