	time	ins	cycle	memory	branchm	ins_d	cycle_d	memory_d	branchm_d
0	0.001	0.0	28772.0	0.0	2224	0.0	0.0	0.0	0.0
1	0.0011	45659.0	28869.0	15729.0	0	45659.0	97.0	15729.0	-2224.0
2	0.0012	25506.0	66599.0	12770.0	1148	-20153.0	37730.0	-2959.0	1148.0
3	0.0013	62682.0	81517.0	15818.0	0	37176.0	14918.0	3048.0	-1148.0
4	0.0014	75226.0	97052.0	26361.0	0	12544.0	15535.0	10543.0	0.0
5	0.0015	90920.0	55406.0	24856.0	1080	15694.0	-41646.0	-1505.0	1080.0
6	0.0016	51202.0	122174.0	24273.0	0	-39718.0	66768.0	-583.0	-1080.0
7	0.0017	112652.0	66884.0	30531.0	0	61450.0	-55290.0	6258.0	0.0
8	0.0018	61033.0	69587.0	28843.0	0	-51619.0	2703.0	-1688.0	0.0
9	0.0019	64411.0	148037.0	21958.0	0	3378.0	78450.0	-6885.0	0.0
10	0.002	137987.0	77923.0	37292.0	991	73576.0	-70114.0	15334.0	991.0
11	0.0021	72899.0	80158.0	34163.0	0	-65088.0	2235.0	-3129.0	-991.0
12	0.0022	74530.0	80947.0	25530.0	0	1631.0	789.0	-8633.0	0.0
13	0.0023	76786.0	82675.0	26201.0	0	2256.0	1728.0	671.0	0.0
14	0.0024	160917.0	83137.0	26853.0	0	84131.0	462.0	652.0	0.0
15	0.0025	83145.0	84645.0	44350.0	0	-77772.0	1508.0	17497.0	0.0
16	0.0026	84632.0	86114.0	28279.0	896	1487.0	1469.0	-16071.0	896.0
17	0.0027	85818.0	176495.0	28859.0	0	1186.0	90381.0	580.0	-896.0
18	0.0028	87097.0	89525.0	40674.0	0	1279.0	-86970.0	11815.0	0.0
19	0.0029	88164.0	90409.0	29621.0	0	1067.0	884.0	-11053.0	0.0
20	0.003	89207.0	91252.0	29944.0	0	1043.0	843.0	323.0	0.0
21	0.0031	90118.0	92000.0	30231.0	0	911.0	748.0	287.0	0.0
22	0.0032	90868.0	92664.0	30506.0	804	750.0	664.0	275.0	804.0
23	0.0033	91632.0	93245.0	30726.0	0	764.0	581.0	220.0	-804.0
24	0.0034	92295.0	93195.0	30861.0	0	663.0	-50.0	135.0	0.0
25	0.0035	92239.0	93644.0	30922.0	0	-56.0	449.0	61.0	0.0
26	0.0036	92679.0	94101.0	31093.0	0	440.0	457.0	171.0	0.0
27	0.0037	93279.0	94520.0	31248.0	722	600.0	419.0	155.0	722.0
28	0.0038	93684.0	94886.0	31394.0	0	405.0	366.0	146.0	-722.0
29	0.0039	94067.0	95213.0	31457.0	0	383.0	327.0	63.0	0.0
30	0.004	93885.0	94952.0	30962.0	0	-182.0	-261.0	-495.0	0.0
31	0.0041	90657.0	92270.0	30104.0	0	-3228.0	-2682.0	-858.0	0.0
32	0.0042	88966.0	90598.0	29861.0	599	-1691.0	-1672.0	-243.0	599.0
33	0.0043	89598.0	91139.0	30112.0	0	632.0	541.0	251.0	-599.0
34	0.0044	90483.0	91877.0	30276.0	0	885.0	738.0	164.0	0.0
35	0.0045	181884.0	91989.0	30401.0	0	91401.0	112.0	125.0	0.0
36	0.0046	92000.0	92590.0	49391.0	541	-89884.0	601.0	18990.0	541.0
37	0.0047	92654.0	93182.0	30991.0	0	654.0	592.0	-18400.0	-541.0
38	0.0048	92579.0	93696.0	30983.0	0	-75.0	514.0	-8.0	0.0
39	0.0049	93018.0	93612.0	31149.0	0	439.0	-84.0	166.0	0.0
40	0.005	93609.0	94033.0	31312.0	491	591.0	421.0	163.0	491.0
41	0.0051	94042.0	94463.0	31462.0	0	433.0	430.0	150.0	-491.0
42	0.0052	93834.0	94840.0	31407.0	0	-208.0	377.0	-55.0	0.0
43	0.0053	94036.0	94623.0	31617.0	447	202.0	-217.0	210.0	447.0
44	0.0054	95167.0	95371.0	31823.0	0	1131.0	748.0	206.0	-447.0
45	0.0055	95516.0	95698.0	31929.0	0	349.0	327.0	106.0	0.0
46	0.0056	95145.0	95400.0	31819.0	409	-371.0	-298.0	-110.0	409.0
47	0.0057	95356.0	95589.0	31919.0	0	211.0	189.0	100.0	-409.0
48	0.0058	95659.0	95824.0	32000.0	0	303.0	235.0	81.0	0.0
49	0.0059	95324.0	95511.0	31872.0	375	-335.0	-313.0	-128.0	375.0
50	0.006	95519.0	95703.0	31950.0	0	195.0	192.0	78.0	-375.0
51	0.0061	95764.0	95919.0	32048.0	0	245.0	216.0	98.0	0.0
52	0.0062	95348.0	95583.0	31920.0	345	-416.0	-336.0	-128.0	345.0
53	0.0063	95590.0	95766.0	31974.0	0	242.0	183.0	54.0	-345.0
54	0.0064	95870.0	95988.0	31982.0	319	280.0	222.0	8.0	319.0
55	0.0065	95514.0	95648.0	31956.0	0	-356.0	-340.0	-26.0	-319.0
56	0.0066	95112.0	95828.0	32132.0	0	-402.0	180.0	176.0	0.0
57	0.0067	94753.0	96051.0	32010.0	296	-359.0	223.0	-122.0	296.0
58	0.0068	95704.0	95714.0	31976.0	0	951.0	-337.0	-34.0	-296.0
59	0.0069	95363.0	95886.0	31844.0	277	-341.0	172.0	-132.0	277.0
60	0.007	95592.0	95560.0	31941.0	0	229.0	-326.0	97.0	-277.0
61	0.0071	95228.0	95741.0	31965.0	259	-364.0	181.0	24.0	259.0
62	0.0072	95495.0	95421.0	31912.0	0	267.0	-320.0	-53.0	-259.0
63	0.0073	95109.0	95621.0	31764.0	245	-386.0	200.0	-148.0	245.0
64	0.0074	95350.0	95303.0	31862.0	231	241.0	-318.0	98.0	-14.0
65	0.0075	95032.0	95517.0	31775.0	0	-318.0	214.0	-87.0	-231.0
66	0.0076	95247.0	95225.0	31856.0	221	215.0	-292.0	81.0	221.0
67	0.0077	94939.0	94919.0	31736.0	0	-308.0	-306.0	-120.0	-221.0
68	0.0078	95141.0	95181.0	31805.0	211	202.0	262.0	69.0	211.0
69	0.0079	94794.0	94911.0	31707.0	196	-347.0	-270.0	-98.0	-15.0
70	0.008	94543.0	95164.0	31640.0	0	-251.0	253.0	-67.0	-196.0
71	0.0081	93250.0	94955.0	31196.0	188	-1293.0	-209.0	-444.0	188.0
72	0.0082	92915.0	93246.0	12174.0	183	-335.0	-1709.0	-19022.0	-5.0
73	0.0083	92756.0	93515.0	31057.0	179	-159.0	269.0	18883.0	-4.0
74	0.0084	92634.0	93421.0	49891.0	0	-122.0	-94.0	18834.0	-179.0
75	0.0085	93158.0	93321.0	31169.0	175	524.0	-100.0	-18722.0	175.0
76	0.0086	93069.0	93215.0	31130.0	171	-89.0	-106.0	-39.0	-4.0
77	0.0087	92937.0	93671.0	31105.0	167	-132.0	456.0	-25.0	-4.0
78	0.0088	92816.0	93589.0	31083.0	164	-121.0	-82.0	-22.0	-3.0
79	0.0089	93297.0	93463.0	31219.0	0	481.0	-126.0	136.0	-164.0
80	0.009	93135.0	93313.0	31161.0	162	-162.0	-150.0	-58.0	162.0
81	0.0091	92951.0	93192.0	12191.0	160	-184.0	-121.0	-18970.0	-2.0
82	0.0092	92808.0	93642.0	31099.0	159	-143.0	450.0	18908.0	-1.0
83	0.0093	92697.0	93558.0	31056.0	158	-111.0	-84.0	-43.0	-1.0
84	0.0094	92560.0	93441.0	49832.0	154	-137.0	-117.0	18776.0	-4.0
85	0.0095	93118.0	93318.0	31175.0	154	558.0	-123.0	-18657.0	0.0
86	0.0096	93049.0	93214.0	12208.0	0	-69.0	-104.0	-18967.0	-154.0
87	0.0097	92924.0	93122.0	31125.0	153	-125.0	-92.0	18917.0	153.0
88	0.0098	92772.0	93031.0	31078.0	152	-152.0	-91.0	-47.0	-1.0
89	0.0099	92645.0	93507.0	31043.0	152	-127.0	476.0	-35.0	0.0
90	0.01	92533.0	93432.0	31018.0	151	-112.0	-75.0	-25.0	-1.0
91	0.0101	92457.0	93321.0	30961.0	150	-76.0	-111.0	-57.0	-1.0
92	0.0102	0.0	93209.0	30932.0	150	-92457.0	-112.0	-29.0	0.0
93	0.0103	92359.0	93119.0	30906.0	152	92359.0	-90.0	-26.0	2.0
94	0.0104	92217.0	93035.0	30885.0	152	-142.0	-84.0	-21.0	0.0
95	0.0105	92147.0	92944.0	30827.0	151	-70.0	-91.0	-58.0	-1.0
96	0.0106	184023.0	92866.0	30803.0	150	91876.0	-78.0	-24.0	-1.0
97	0.0107	92524.0	92814.0	30923.0	0	-91499.0	-52.0	120.0	-150.0
98	0.0108	92505.0	92756.0	30980.0	149	-19.0	-58.0	57.0	149.0
99	0.0109	0.0	92711.0	30945.0	148	-92505.0	-45.0	-35.0	-1.0
100	0.011	92393.0	92666.0	30918.0	148	92393.0	-45.0	-27.0	0.0
101	0.0111	92259.0	92634.0	30894.0	148	-134.0	-32.0	-24.0	0.0
102	0.0112	92219.0	92596.0	30860.0	148	-40.0	-38.0	-34.0	0.0
103	0.0113	92138.0	92558.0	30828.0	147	-81.0	-38.0	-32.0	-1.0
104	0.0114	92033.0	93071.0	30811.0	147	-105.0	513.0	-17.0	0.0
105	0.0115	91936.0	93053.0	30801.0	146	-97.0	-18.0	-10.0	-1.0
106	0.0116	91957.0	92986.0	30771.0	146	21.0	-67.0	-30.0	0.0
107	0.0117	91892.0	92913.0	30762.0	147	-65.0	-73.0	-9.0	1.0
108	0.0118	91853.0	92852.0	30764.0	147	-39.0	-61.0	2.0	0.0
109	0.0119	91835.0	92794.0	30742.0	147	-18.0	-58.0	-22.0	0.0
110	0.012	91848.0	92734.0	30733.0	145	13.0	-60.0	-9.0	-2.0
111	0.0121	91804.0	92663.0	30504.0	145	-44.0	-71.0	-229.0	0.0
112	0.0122	90014.0	90955.0	30254.0	0	-1790.0	-1708.0	-250.0	-145.0
113	0.0123	90040.0	90918.0	30232.0	145	26.0	-37.0	-22.0	145.0
114	0.0124	90151.0	91044.0	30349.0	143	111.0	126.0	117.0	-2.0
115	0.0125	90875.0	91173.0	30401.0	143	724.0	129.0	52.0	0.0
116	0.0126	91066.0	91294.0	30294.0	142	191.0	121.0	-107.0	-1.0
117	0.0127	90091.0	90852.0	30217.0	142	-975.0	-442.0	-77.0	0.0
118	0.0128	183231.0	92501.0	30580.0	143	93140.0	1649.0	363.0	1.0
119	0.0129	93203.0	93615.0	49847.0	144	-90028.0	1114.0	19267.0	1.0
120	0.013	94088.0	94558.0	31453.0	145	885.0	943.0	-18394.0	1.0
121	0.0131	94852.0	95393.0	31729.0	147	764.0	835.0	276.0	2.0
122	0.0132	95573.0	96157.0	31953.0	148	721.0	764.0	224.0	1.0
123	0.0133	96253.0	96841.0	32175.0	149	680.0	684.0	222.0	1.0
124	0.0134	96821.0	97422.0	32377.0	149	568.0	581.0	202.0	0.0
125	0.0135	97342.0	97955.0	32566.0	150	521.0	533.0	189.0	1.0
126	0.0136	97820.0	98434.0	32730.0	152	478.0	479.0	164.0	2.0
127	0.0137	98272.0	98860.0	32862.0	152	452.0	426.0	132.0	0.0
128	0.0138	98647.0	99238.0	32987.0	152	375.0	378.0	125.0	0.0
129	0.0139	98992.0	99566.0	46133.0	152	345.0	328.0	13146.0	0.0
130	0.014	99295.0	99863.0	33390.0	152	303.0	297.0	-12743.0	0.0
131	0.0141	100192.0	100116.0	33570.0	152	897.0	253.0	180.0	0.0
132	0.0142	100456.0	200887.0	33648.0	152	264.0	100771.0	78.0	0.0
133	0.0143	100677.0	100732.0	33698.0	152	221.0	-100155.0	50.0	0.0
134	0.0144	100820.0	100891.0	33731.0	152	143.0	159.0	33.0	0.0
135	0.0145	100929.0	101044.0	33769.0	152	109.0	153.0	38.0	0.0
136	0.0146	101078.0	101748.0	33819.0	152	149.0	704.0	50.0	0.0
137	0.0147	101157.0	101864.0	33848.0	152	79.0	116.0	29.0	0.0
138	0.0148	101214.0	101898.0	33879.0	152	57.0	34.0	31.0	0.0
139	0.0149	101278.0	101929.0	33909.0	152	64.0	31.0	30.0	0.0
140	0.015	101357.0	101973.0	33931.0	153	79.0	44.0	22.0	1.0
141	0.0151	101394.0	102012.0	33957.0	153	37.0	39.0	26.0	0.0
142	0.0152	101480.0	102043.0	33966.0	0	86.0	31.0	9.0	-153.0
143	0.0153	101563.0	102075.0	33978.0	153	83.0	32.0	12.0	153.0
144	0.0154	101616.0	102085.0	33997.0	151	53.0	10.0	19.0	-2.0
145	0.0155	102330.0	102100.0	34149.0	151	714.0	15.0	152.0	0.0
146	0.0156	102346.0	102122.0	34253.0	151	16.0	22.0	104.0	0.0
147	0.0157	102304.0	102126.0	34258.0	151	-42.0	4.0	5.0	0.0
148	0.0158	102297.0	102139.0	34255.0	152	-7.0	13.0	-3.0	1.0
149	0.0159	102265.0	102153.0	34244.0	152	-32.0	14.0	-11.0	0.0
150	0.016	102193.0	0.0	34183.0	152	-72.0	-102153.0	-61.0	0.0
151	0.0161	101814.0	101871.0	33913.0	152	-379.0	101871.0	-270.0	0.0
152	0.0162	100389.0	201109.0	33613.0	153	-1425.0	99238.0	-300.0	1.0
153	0.0163	100384.0	100695.0	33615.0	153	-5.0	-100414.0	2.0	0.0
154	0.0164	100481.0	100846.0	33643.0	153	97.0	151.0	28.0	0.0
155	0.0165	100641.0	100988.0	33694.0	153	160.0	142.0	51.0	0.0
156	0.0166	100776.0	101121.0	33737.0	152	135.0	133.0	43.0	-1.0
157	0.0167	100849.0	101812.0	33779.0	152	73.0	691.0	42.0	0.0
158	0.0168	101003.0	101921.0	33828.0	152	154.0	109.0	49.0	0.0
159	0.0169	101103.0	101972.0	33870.0	152	100.0	51.0	42.0	0.0
160	0.017	101203.0	102007.0	33896.0	153	100.0	35.0	26.0	1.0
161	0.0171	101310.0	102033.0	33915.0	153	107.0	26.0	19.0	0.0
162	0.0172	101339.0	102068.0	33915.0	153	29.0	35.0	0.0	0.0
163	0.0173	101400.0	102087.0	33928.0	153	61.0	19.0	13.0	0.0
164	0.0174	101457.0	102104.0	33947.0	0	57.0	17.0	19.0	-153.0
165	0.0175	101494.0	102115.0	33969.0	153	37.0	11.0	22.0	153.0
166	0.0176	101554.0	102118.0	33997.0	151	60.0	3.0	28.0	-2.0
167	0.0177	102224.0	102122.0	34229.0	150	670.0	4.0	232.0	-1.0
168	0.0178	102265.0	102116.0	34253.0	150	41.0	-6.0	24.0	0.0
169	0.0179	102252.0	102135.0	34244.0	150	-13.0	19.0	-9.0	0.0
170	0.018	102212.0	102140.0	34232.0	300	-40.0	5.0	-12.0	150.0
