	time	ins	cycle	memory	branchm	ins_d	cycle_d	memory_d	branchm_d
0	0.001	52545.0	72506	18611.0	0	0.0	0.0	0.0	0.0
1	0.0011	69048.0	88643	20133.0	1303	16503.0	16137.0	1522.0	1303.0
2	0.0012	83707.0	51486	22983.0	0	14659.0	-37157.0	2850.0	-1303.0
3	0.0013	101008.0	117440	33721.0	0	17301.0	65954.0	10738.0	0.0
4	0.0014	57430.0	65969	27222.0	1231	-43578.0	-51471.0	-6499.0	1231.0
5	0.0015	61611.0	146111	34707.0	0	4181.0	80142.0	7485.0	-1231.0
6	0.0016	133037.0	78525	32688.0	0	71426.0	-67586.0	-2019.0	0.0
7	0.0017	72992.0	81763	24726.0	0	-60045.0	3238.0	-7962.0	0.0
8	0.0018	156376.0	171448	42159.0	0	83384.0	89685.0	17433.0	0.0
9	0.0019	81809.0	89056	27713.0	1128	-74567.0	-82392.0	-14446.0	1128.0
10	0.002	84435.0	91219	40091.0	0	2626.0	2163.0	12378.0	-1128.0
11	0.0021	86781.0	91410	29410.0	0	2346.0	191.0	-10681.0	0.0
12	0.0022	89682.0	93070	30067.0	0	2901.0	1660.0	657.0	0.0
13	0.0023	91731.0	94745	30694.0	0	2049.0	1675.0	627.0	0.0
14	0.0024	187724.0	96231	50633.0	0	95993.0	1486.0	19939.0	0.0
15	0.0025	0.0	97562	11665.0	0	-187724.0	1331.0	-38968.0	0.0
16	0.0026	175889.0	91848	47279.0	913	175889.0	-5714.0	35614.0	913.0
17	0.0027	88492.0	90209	29699.0	0	-87397.0	-1639.0	-17580.0	-913.0
18	0.0028	90497.0	91158	30202.0	0	2005.0	949.0	503.0	0.0
19	0.0029	92174.0	92925	30914.0	0	1677.0	1767.0	712.0	0.0
20	0.003	93814.0	95122	31696.0	0	1640.0	2197.0	782.0	0.0
21	0.0031	93167.0	95181	31482.0	0	-647.0	59.0	-214.0	0.0
22	0.0032	94135.0	191117	31476.0	818	968.0	95936.0	-6.0	818.0
23	0.0033	94569.0	0	31603.0	0	434.0	-191117.0	127.0	-818.0
24	0.0034	94297.0	191500	31534.0	0	-272.0	191500.0	-69.0	0.0
25	0.0035	94619.0	95761	31622.0	0	322.0	-95739.0	88.0	0.0
26	0.0036	94957.0	95969	44194.0	0	338.0	208.0	12572.0	0.0
27	0.0037	95278.0	96177	31893.0	734	321.0	208.0	-12301.0	734.0
28	0.0038	95540.0	96356	19453.0	0	262.0	179.0	-12440.0	-734.0
29	0.0039	95811.0	95974	44535.0	0	271.0	-382.0	25082.0	0.0
30	0.004	95429.0	96112	31924.0	0	-382.0	138.0	-12611.0	0.0
31	0.0041	95593.0	96282	31995.0	0	164.0	170.0	71.0	0.0
32	0.0042	95799.0	96449	32081.0	0	206.0	167.0	86.0	0.0
33	0.0043	95995.0	96601	32157.0	660	196.0	152.0	76.0	660.0
34	0.0044	96216.0	96742	32126.0	0	221.0	141.0	-31.0	-660.0
35	0.0045	95804.0	96322	32058.0	0	-412.0	-420.0	-68.0	0.0
36	0.0046	95931.0	96416	32134.0	0	127.0	94.0	76.0	0.0
37	0.0047	96186.0	96544	32214.0	0	255.0	128.0	80.0	0.0
38	0.0048	96359.0	96685	32280.0	594	173.0	141.0	66.0	594.0
39	0.0049	96562.0	96694	32298.0	0	203.0	9.0	18.0	-594.0
40	0.005	96588.0	96789	32324.0	0	26.0	95.0	26.0	0.0
41	0.0051	96741.0	96901	32387.0	0	153.0	112.0	63.0	0.0
42	0.0052	96861.0	96995	32438.0	536	120.0	94.0	51.0	536.0
43	0.0053	96968.0	97085	32410.0	0	107.0	90.0	-28.0	-536.0
44	0.0054	96511.0	96635	32306.0	0	-457.0	-450.0	-104.0	0.0
45	0.0055	96625.0	96690	32336.0	0	114.0	55.0	30.0	0.0
46	0.0056	96730.0	96788	32384.0	486	105.0	98.0	48.0	486.0
47	0.0057	96862.0	96893	32359.0	0	132.0	105.0	-25.0	-486.0
48	0.0058	96359.0	96439	32413.0	0	-503.0	-454.0	54.0	0.0
49	0.0059	96509.0	96528	32315.0	0	150.0	89.0	-98.0	0.0
50	0.006	96688.0	96662	32350.0	441	179.0	134.0	35.0	441.0
51	0.0061	96843.0	96242	32333.0	0	155.0	-420.0	-17.0	-441.0
52	0.0062	96385.0	96366	32263.0	0	-458.0	124.0	-70.0	0.0
53	0.0063	96478.0	96518	32320.0	403	93.0	152.0	57.0	403.0
54	0.0064	96671.0	96664	32282.0	0	193.0	146.0	-38.0	-403.0
55	0.0065	96186.0	0	19561.0	0	-485.0	-96664.0	-12721.0	0.0
56	0.0066	96299.0	96264	32215.0	342	113.0	96264.0	12654.0	342.0
57	0.0067	94932.0	94936	31770.0	0	-1367.0	-1328.0	-445.0	-342.0
58	0.0068	94495.0	95058	31639.0	314	-437.0	122.0	-131.0	314.0
59	0.0069	94789.0	94797	31729.0	0	294.0	-261.0	90.0	-314.0
60	0.007	94532.0	95074	31749.0	0	-257.0	277.0	20.0	0.0
61	0.0071	94815.0	94824	31729.0	292	283.0	-250.0	-20.0	292.0
62	0.0072	95122.0	95077	31830.0	0	307.0	253.0	101.0	-292.0
63	0.0073	94764.0	94835	31723.0	273	-358.0	-242.0	-107.0	273.0
64	0.0074	95092.0	95103	31804.0	0	328.0	268.0	81.0	-273.0
65	0.0075	94761.0	94839	31692.0	257	-331.0	-264.0	-112.0	257.0
66	0.0076	95037.0	95111	31801.0	241	276.0	272.0	109.0	-16.0
67	0.0077	94745.0	94851	31722.0	0	-292.0	-260.0	-79.0	-241.0
68	0.0078	95022.0	95123	31801.0	229	277.0	272.0	79.0	229.0
69	0.0079	94734.0	94873	31690.0	0	-288.0	-250.0	-111.0	-229.0
70	0.008	95013.0	95140	31717.0	217	279.0	267.0	27.0	217.0
71	0.0081	94719.0	94881	31711.0	0	-294.0	-259.0	-6.0	-217.0
72	0.0082	94418.0	95150	31615.0	207	-301.0	269.0	-96.0	207.0
73	0.0083	94742.0	94891	31701.0	199	324.0	-259.0	86.0	-8.0
74	0.0084	94490.0	94617	31624.0	0	-252.0	-274.0	-77.0	-199.0
75	0.0085	94160.0	94920	31527.0	192	-330.0	303.0	-97.0	192.0
76	0.0086	94499.0	94681	31652.0	185	339.0	-239.0	125.0	-7.0
77	0.0087	94290.0	94431	31561.0	0	-209.0	-250.0	-91.0	-185.0
78	0.0088	94010.0	94745	31462.0	180	-280.0	314.0	-99.0	180.0
79	0.0089	94379.0	94543	31600.0	174	369.0	-202.0	138.0	-6.0
80	0.009	94131.0	94303	31530.0	169	-248.0	-240.0	-70.0	-5.0
81	0.0091	93900.0	94598	31432.0	0	-231.0	295.0	-98.0	-169.0
82	0.0092	93665.0	94407	31346.0	167	-235.0	-191.0	-86.0	167.0
83	0.0093	94066.0	94178	31497.0	162	401.0	-229.0	151.0	-5.0
84	0.0094	93876.0	93973	31450.0	159	-190.0	-205.0	-47.0	-3.0
85	0.0095	93640.0	93791	31358.0	158	-236.0	-182.0	-92.0	-1.0
86	0.0096	93480.0	94187	31286.0	156	-160.0	396.0	-72.0	-2.0
87	0.0097	93278.0	94036	31230.0	0	-202.0	-151.0	-56.0	-156.0
88	0.0098	93106.0	93857	31319.0	154	-172.0	-179.0	89.0	154.0
89	0.0099	93584.0	93681	31336.0	152	478.0	-176.0	17.0	-2.0
90	0.01	93472.0	93525	31272.0	151	-112.0	-156.0	-64.0	-1.0
91	0.0101	93299.0	93395	31227.0	149	-173.0	-130.0	-45.0	-2.0
92	0.0102	93103.0	93833	31179.0	148	-196.0	438.0	-48.0	-1.0
93	0.0103	92980.0	93727	31117.0	148	-123.0	-106.0	-62.0	0.0
94	0.0104	92832.0	93591	31062.0	0	-148.0	-136.0	-55.0	-148.0
95	0.0105	92851.0	93439	31082.0	147	19.0	-152.0	20.0	147.0
96	0.0106	90938.0	93408	30547.0	143	-1913.0	-31.0	-535.0	-4.0
97	0.0107	91466.0	91530	30500.0	142	528.0	-1878.0	-47.0	-1.0
98	0.0108	91551.0	91427	30595.0	141	85.0	-103.0	95.0	-1.0
99	0.0109	91528.0	91484	30609.0	141	-23.0	57.0	14.0	0.0
100	0.011	91493.0	91560	30606.0	142	-35.0	76.0	-3.0	1.0
101	0.0111	91528.0	91630	30597.0	142	35.0	70.0	-9.0	0.0
102	0.0112	91528.0	91687	30615.0	142	0.0	57.0	18.0	0.0
103	0.0113	91500.0	92293	30627.0	142	-28.0	606.0	12.0	0.0
104	0.0114	91544.0	92352	30614.0	142	44.0	59.0	-13.0	0.0
105	0.0115	91548.0	92360	30620.0	142	4.0	8.0	6.0	0.0
106	0.0116	91501.0	92349	30621.0	142	-47.0	-11.0	1.0	0.0
107	0.0117	91527.0	92322	30624.0	0	26.0	-27.0	3.0	-142.0
108	0.0118	91549.0	92318	30617.0	142	22.0	-4.0	-7.0	142.0
109	0.0119	91577.0	92310	30774.0	141	28.0	-8.0	157.0	-1.0
110	0.012	92209.0	92312	30788.0	140	632.0	2.0	14.0	-1.0
111	0.0121	92271.0	92298	30855.0	139	62.0	-14.0	67.0	-1.0
112	0.0122	92192.0	92291	30844.0	139	-79.0	-7.0	-11.0	0.0
113	0.0123	92075.0	92273	30827.0	139	-117.0	-18.0	-17.0	0.0
114	0.0124	92061.0	92280	30816.0	139	-14.0	7.0	-11.0	0.0
115	0.0125	92044.0	92280	30792.0	139	-17.0	0.0	-24.0	0.0
116	0.0126	91984.0	92268	30790.0	139	-60.0	-12.0	-2.0	0.0
117	0.0127	91930.0	92823	30788.0	139	-54.0	555.0	-2.0	0.0
118	0.0128	91911.0	92814	30759.0	139	-19.0	-9.0	-29.0	0.0
119	0.0129	91890.0	92772	30750.0	139	-21.0	-42.0	-9.0	0.0
120	0.013	91843.0	92723	30751.0	139	-47.0	-49.0	1.0	0.0
121	0.0131	91838.0	92668	30748.0	139	-5.0	-55.0	-3.0	0.0
122	0.0132	91859.0	92630	30739.0	139	21.0	-38.0	-9.0	0.0
123	0.0133	91814.0	92602	30734.0	139	-45.0	-28.0	-5.0	0.0
124	0.0134	91749.0	92558	30730.0	140	-65.0	-44.0	-4.0	1.0
125	0.0135	91736.0	92531	30709.0	140	-13.0	-27.0	-21.0	0.0
126	0.0136	91725.0	92498	30699.0	0	-11.0	-33.0	-10.0	-140.0
127	0.0137	91670.0	92471	30697.0	140	-55.0	-27.0	-2.0	140.0
128	0.0138	91666.0	92447	30819.0	140	-4.0	-24.0	122.0	0.0
129	0.0139	92312.0	92433	30815.0	140	646.0	-14.0	-4.0	0.0
130	0.014	92338.0	92418	30898.0	139	26.0	-15.0	83.0	-1.0
131	0.0141	92282.0	92404	30902.0	139	-56.0	-14.0	4.0	0.0
132	0.0142	92250.0	92387	30871.0	140	-32.0	-17.0	-31.0	1.0
133	0.0143	92175.0	92365	30845.0	140	-75.0	-22.0	-26.0	0.0
134	0.0144	92068.0	92357	30825.0	139	-107.0	-8.0	-20.0	-1.0
135	0.0145	91934.0	92912	12064.0	141	-134.0	555.0	-18761.0	2.0
136	0.0146	90147.0	92347	30551.0	140	-1787.0	-565.0	18487.0	-1.0
137	0.0147	90078.0	90570	30170.0	140	-69.0	-1777.0	-381.0	0.0
138	0.0148	90207.0	90548	30177.0	139	129.0	-22.0	7.0	-1.0
139	0.0149	90374.0	91296	30238.0	139	167.0	748.0	61.0	0.0
140	0.015	0.0	91469	30262.0	139	-90374.0	173.0	24.0	0.0
141	0.0151	180091.0	91559	30187.0	139	180091.0	90.0	-75.0	0.0
142	0.0152	90707.0	91072	48590.0	141	-89384.0	-487.0	18403.0	2.0
143	0.0153	91835.0	92094	30720.0	141	1128.0	1022.0	-17870.0	0.0
144	0.0154	92895.0	93178	31094.0	141	1060.0	1084.0	374.0	0.0
145	0.0155	93817.0	94166	31543.0	143	922.0	988.0	449.0	2.0
146	0.0156	94669.0	95052	31815.0	144	852.0	886.0	272.0	1.0
147	0.0157	95400.0	95843	32049.0	144	731.0	791.0	234.0	0.0
148	0.0158	96729.0	193710	45044.0	145	1329.0	97867.0	12995.0	1.0
149	0.0159	97376.0	98156	32713.0	145	647.0	-95554.0	-12331.0	0.0
150	0.016	98393.0	98650	32959.0	0	1017.0	494.0	246.0	-145.0
151	0.0161	98888.0	99060	33107.0	145	495.0	410.0	148.0	145.0
152	0.0162	99242.0	100001	33228.0	144	354.0	941.0	121.0	-1.0
153	0.0163	99552.0	100307	33337.0	144	310.0	306.0	109.0	0.0
154	0.0164	99817.0	100536	33434.0	144	265.0	229.0	97.0	0.0
155	0.0165	100053.0	100714	33508.0	145	236.0	178.0	74.0	1.0
156	0.0166	100234.0	100867	33561.0	145	181.0	153.0	53.0	0.0
157	0.0167	100444.0	101015	33611.0	145	210.0	148.0	50.0	0.0
158	0.0168	100616.0	101137	33662.0	145	172.0	122.0	51.0	0.0
159	0.0169	100763.0	101258	33720.0	145	147.0	121.0	58.0	0.0
160	0.017	100892.0	101367	33770.0	145	129.0	109.0	50.0	0.0
161	0.0171	100993.0	101453	33808.0	145	101.0	86.0	38.0	0.0
162	0.0172	101077.0	101537	33976.0	145	84.0	84.0	168.0	0.0
163	0.0173	101175.0	101611	34009.0	147	98.0	74.0	33.0	2.0
164	0.0174	101247.0	101672	33899.0	148	72.0	61.0	-110.0	1.0
165	0.0175	101349.0	101737	33901.0	150	102.0	65.0	2.0	2.0
166	0.0176	101399.0	101798	33914.0	150	50.0	61.0	13.0	0.0
167	0.0177	101447.0	101844	33937.0	149	48.0	46.0	23.0	-1.0
168	0.0178	101531.0	101885	34097.0	149	84.0	41.0	160.0	0.0
169	0.0179	102216.0	101902	34209.0	148	685.0	17.0	112.0	-1.0
