	time	ins	cycle	memory	branchm	ins_d	cycle_d	memory_d	branchm_d
0	0.001	72174.0	98970	27329.0	1464	0.0	0.0	0.0	0.0
1	0.0011	97663.0	58675	23322.0	0	25489.0	-40295.0	-4007.0	-1464.0
2	0.0012	118314.0	134203	38868.0	0	20651.0	75528.0	15546.0	0.0
3	0.0013	66412.0	75512	35672.0	1390	-51902.0	-58691.0	-3196.0	1390.0
4	0.0014	146738.0	165129	34562.0	0	80326.0	89617.0	-1110.0	-1390.0
5	0.0015	78951.0	87865	26401.0	0	-67787.0	-77264.0	-8161.0	0.0
6	0.0016	82931.0	90570	44657.0	0	3980.0	2705.0	18256.0	0.0
7	0.0017	176216.0	93644	29496.0	0	93285.0	3074.0	-15161.0	0.0
8	0.0018	92733.0	195432	43024.0	0	-83483.0	101788.0	13528.0	0.0
9	0.0019	96223.0	100548	51378.0	0	3490.0	-94884.0	8354.0	0.0
10	0.002	98806.0	102509	33140.0	1265	2583.0	1961.0	-18238.0	1265.0
11	0.0021	100885.0	104304	33749.0	0	2079.0	1795.0	609.0	-1265.0
12	0.0022	102024.0	105282	34216.0	0	1139.0	978.0	467.0	0.0
13	0.0023	103723.0	106693	33688.0	0	1699.0	1411.0	-528.0	0.0
14	0.0024	97091.0	100104	32209.0	0	-6632.0	-6589.0	-1479.0	0.0
15	0.0025	193357.0	98126	32275.0	0	96266.0	-1978.0	66.0	0.0
16	0.0026	0.0	99862	32990.0	0	-193357.0	1736.0	715.0	0.0
17	0.0027	99937.0	101902	33416.0	1015	99937.0	2040.0	426.0	1015.0
18	0.0028	99181.0	100750	33162.0	0	-756.0	-1152.0	-254.0	-1015.0
19	0.0029	98840.0	99811	32986.0	0	-341.0	-939.0	-176.0	0.0
20	0.003	98093.0	99512	32807.0	0	-747.0	-299.0	-179.0	0.0
21	0.0031	97973.0	99305	32787.0	0	-120.0	-207.0	-20.0	0.0
22	0.0032	97906.0	99135	32767.0	0	-67.0	-170.0	-20.0	0.0
23	0.0033	97906.0	98979	32767.0	0	0.0	-156.0	0.0	0.0
24	0.0034	97894.0	98842	32769.0	906	-12.0	-137.0	2.0	906.0
25	0.0035	97858.0	98728	32751.0	0	-36.0	-114.0	-18.0	-906.0
26	0.0036	97828.0	98097	32540.0	0	-30.0	-631.0	-211.0	0.0
27	0.0037	97213.0	98003	32549.0	0	-615.0	-94.0	9.0	0.0
28	0.0038	97262.0	97980	32568.0	0	49.0	-23.0	19.0	0.0
29	0.0039	97314.0	97961	32592.0	0	52.0	-19.0	24.0	0.0
30	0.004	97348.0	97954	32601.0	810	34.0	-7.0	9.0	810.0
31	0.0041	97371.0	97946	32608.0	0	23.0	-8.0	7.0	-810.0
32	0.0042	97418.0	97930	32540.0	0	47.0	-16.0	-68.0	0.0
33	0.0043	96863.0	97364	32434.0	0	-555.0	-566.0	-106.0	0.0
34	0.0044	96914.0	97340	32458.0	0	51.0	-24.0	24.0	0.0
35	0.0045	97001.0	97385	32484.0	0	87.0	45.0	26.0	0.0
36	0.0046	97059.0	97441	32496.0	726	58.0	56.0	12.0	726.0
37	0.0047	97088.0	97493	32511.0	0	29.0	52.0	15.0	-726.0
38	0.0048	97186.0	96997	32464.0	0	98.0	-496.0	-47.0	0.0
39	0.0049	96696.0	97026	32375.0	0	-490.0	29.0	-89.0	0.0
40	0.005	96774.0	97098	32408.0	0	78.0	72.0	33.0	0.0
41	0.0051	96878.0	97184	32444.0	652	104.0	86.0	36.0	652.0
42	0.0052	96949.0	97262	32465.0	0	71.0	78.0	21.0	-652.0
43	0.0053	97040.0	97332	32415.0	0	91.0	70.0	-50.0	0.0
44	0.0054	96538.0	96851	32334.0	0	-502.0	-481.0	-81.0	0.0
45	0.0055	96682.0	96901	32375.0	0	144.0	50.0	41.0	0.0
46	0.0056	96790.0	96994	32417.0	587	108.0	93.0	42.0	587.0
47	0.0057	96894.0	97094	32447.0	0	104.0	100.0	30.0	-587.0
48	0.0058	97030.0	96645	32405.0	0	136.0	-449.0	-42.0	0.0
49	0.0059	96530.0	96713	32323.0	0	-500.0	68.0	-82.0	0.0
50	0.006	96642.0	96812	32359.0	0	112.0	99.0	36.0	0.0
51	0.0061	96784.0	96920	32417.0	530	142.0	108.0	58.0	530.0
52	0.0062	96882.0	97028	32362.0	0	98.0	108.0	-55.0	-530.0
53	0.0063	96405.0	0	32285.0	0	-477.0	-97028.0	-77.0	0.0
54	0.0064	96575.0	191524	32085.0	440	170.0	191524.0	-200.0	440.0
55	0.0065	94746.0	0	31720.0	0	-1829.0	-191524.0	-365.0	-440.0
56	0.0066	94820.0	189583	31702.0	0	74.0	189583.0	-18.0	0.0
57	0.0067	94504.0	94971	31676.0	0	-316.0	-94612.0	-26.0	0.0
58	0.0068	94815.0	95297	31775.0	400	311.0	326.0	99.0	400.0
59	0.0069	95140.0	95584	31806.0	0	325.0	287.0	31.0	-400.0
60	0.007	94827.0	95295	31777.0	0	-313.0	-289.0	-29.0	0.0
61	0.0071	95112.0	95525	31869.0	367	285.0	230.0	92.0	367.0
62	0.0072	95371.0	95792	31878.0	0	259.0	267.0	9.0	-367.0
63	0.0073	95044.0	95481	31847.0	338	-327.0	-311.0	-31.0	338.0
64	0.0074	95316.0	95692	31947.0	0	272.0	211.0	100.0	-338.0
65	0.0075	95617.0	95387	31840.0	0	301.0	-305.0	-107.0	0.0
66	0.0076	95257.0	95613	31912.0	313	-360.0	226.0	72.0	313.0
67	0.0077	95478.0	95846	31920.0	0	221.0	233.0	8.0	-313.0
68	0.0078	95130.0	95529	31884.0	291	-348.0	-317.0	-36.0	291.0
69	0.0079	95387.0	95734	31973.0	0	257.0	205.0	89.0	-291.0
70	0.008	94997.0	95434	31847.0	273	-390.0	-300.0	-126.0	273.0
71	0.0081	95240.0	95654	31909.0	0	243.0	220.0	62.0	-273.0
72	0.0082	94880.0	95363	31790.0	257	-360.0	-291.0	-119.0	257.0
73	0.0083	95153.0	95582	31879.0	0	273.0	219.0	89.0	-257.0
74	0.0084	94874.0	95292	31797.0	243	-279.0	-290.0	-82.0	243.0
75	0.0085	95146.0	95530	31788.0	0	272.0	238.0	-9.0	-243.0
76	0.0086	94830.0	95243	31760.0	230	-316.0	-287.0	-28.0	230.0
77	0.0087	95116.0	95479	31786.0	218	286.0	236.0	26.0	-12.0
78	0.0088	94847.0	0	31781.0	0	-269.0	-95479.0	-5.0	-218.0
79	0.0089	95144.0	190100	31677.0	208	297.0	190100.0	-104.0	208.0
80	0.009	94824.0	0	31681.0	201	-320.0	-190100.0	4.0	-7.0
81	0.0091	94497.0	95167	31677.0	0	-327.0	95167.0	-4.0	-201.0
82	0.0092	94805.0	94921	31580.0	194	308.0	-246.0	-97.0	194.0
83	0.0093	94554.0	94655	31694.0	186	-251.0	-266.0	114.0	-8.0
84	0.0094	94207.0	94927	31598.0	0	-347.0	272.0	-96.0	-186.0
85	0.0095	94576.0	94709	31506.0	180	369.0	-218.0	-92.0	180.0
86	0.0096	94339.0	94465	31551.0	175	-237.0	-244.0	45.0	-5.0
87	0.0097	94090.0	94773	31561.0	171	-249.0	308.0	10.0	-4.0
88	0.0098	93841.0	94576	31481.0	0	-249.0	-197.0	-80.0	-171.0
89	0.0099	94208.0	94345	31395.0	167	367.0	-231.0	-86.0	167.0
90	0.01	94003.0	94142	31449.0	164	-205.0	-203.0	54.0	-3.0
91	0.0101	93808.0	94499	31398.0	161	-195.0	357.0	-51.0	-3.0
92	0.0102	93585.0	94328	31396.0	157	-223.0	-171.0	-2.0	-4.0
93	0.0103	93362.0	94129	12298.0	0	-223.0	-199.0	-19098.0	-157.0
94	0.0104	93856.0	94038	31170.0	154	494.0	-91.0	18872.0	154.0
95	0.0105	92492.0	92682	30856.0	153	-1364.0	-1356.0	-314.0	-1.0
96	0.0106	92251.0	92512	30808.0	152	-241.0	-170.0	-48.0	-1.0
97	0.0107	92119.0	92479	30918.0	151	-132.0	-33.0	110.0	-1.0
98	0.0108	92089.0	93022	30895.0	150	-30.0	543.0	-23.0	-1.0
99	0.0109	92066.0	93006	30961.0	148	-23.0	-16.0	66.0	-2.0
100	0.011	91993.0	92933	30940.0	148	-73.0	-73.0	-21.0	0.0
101	0.0111	91918.0	92880	30910.0	147	-75.0	-53.0	-30.0	-1.0
102	0.0112	91952.0	92825	30885.0	146	34.0	-55.0	-25.0	-1.0
103	0.0113	92533.0	92776	30869.0	0	581.0	-49.0	-16.0	-146.0
104	0.0114	92452.0	92743	30853.0	146	-81.0	-33.0	-16.0	146.0
105	0.0115	92381.0	92711	30824.0	146	-71.0	-32.0	-29.0	0.0
106	0.0116	92327.0	92673	30810.0	146	-54.0	-38.0	-14.0	0.0
107	0.0117	92223.0	92639	30786.0	145	-104.0	-34.0	-24.0	-1.0
108	0.0118	92130.0	92621	30909.0	144	-93.0	-18.0	123.0	-1.0
109	0.0119	92122.0	93140	30890.0	144	-8.0	519.0	-19.0	0.0
110	0.012	92076.0	93116	30874.0	145	-46.0	-24.0	-16.0	1.0
111	0.0121	91981.0	93039	30847.0	145	-95.0	-77.0	-27.0	0.0
112	0.0122	91937.0	92981	30821.0	144	-44.0	-58.0	-26.0	-1.0
113	0.0123	91915.0	92918	30893.0	144	-22.0	-63.0	72.0	0.0
114	0.0124	91873.0	92840	30864.0	144	-42.0	-78.0	-29.0	0.0
115	0.0125	91819.0	92785	30857.0	144	-54.0	-55.0	-7.0	0.0
116	0.0126	91802.0	92743	30826.0	144	-17.0	-42.0	-31.0	0.0
117	0.0127	91792.0	92702	30813.0	0	-10.0	-41.0	-13.0	-144.0
118	0.0128	92355.0	92663	30800.0	144	563.0	-39.0	-13.0	144.0
119	0.0129	92366.0	92641	30794.0	144	11.0	-22.0	-6.0	0.0
120	0.013	92355.0	92612	30792.0	144	-11.0	-29.0	-2.0	0.0
121	0.0131	92289.0	92598	30780.0	143	-66.0	-14.0	-12.0	-1.0
122	0.0132	92215.0	92579	30910.0	142	-74.0	-19.0	130.0	-1.0
123	0.0133	92213.0	93124	30895.0	142	-2.0	545.0	-15.0	0.0
124	0.0134	92197.0	93107	30890.0	142	-16.0	-17.0	-5.0	0.0
125	0.0135	92146.0	93045	30961.0	142	-51.0	-62.0	71.0	0.0
126	0.0136	92113.0	92989	30953.0	141	-33.0	-56.0	-8.0	-1.0
127	0.0137	92128.0	92935	30933.0	140	15.0	-54.0	-20.0	-1.0
128	0.0138	92731.0	92886	30918.0	140	603.0	-49.0	-15.0	0.0
129	0.0139	92666.0	92830	30906.0	0	-65.0	-56.0	-12.0	-140.0
130	0.014	92568.0	92790	30877.0	140	-98.0	-40.0	-29.0	140.0
131	0.0141	92523.0	92742	30856.0	140	-45.0	-48.0	-21.0	0.0
132	0.0142	92395.0	92704	30841.0	140	-128.0	-38.0	-15.0	0.0
133	0.0143	92243.0	92670	18743.0	140	-152.0	-34.0	-12098.0	0.0
134	0.0144	90417.0	92623	30801.0	139	-1826.0	-47.0	12058.0	-1.0
135	0.0145	90352.0	90817	30187.0	138	-65.0	-1806.0	-614.0	-1.0
136	0.0146	90443.0	90801	30317.0	138	91.0	-16.0	130.0	0.0
137	0.0147	90567.0	91514	30352.0	138	124.0	713.0	35.0	0.0
138	0.0148	90718.0	91664	30387.0	137	151.0	150.0	35.0	-1.0
139	0.0149	90174.0	90607	41990.0	139	-544.0	-1057.0	11603.0	2.0
140	0.015	91220.0	91633	30576.0	139	1046.0	1026.0	-11414.0	0.0
141	0.0151	92381.0	92779	30941.0	140	1161.0	1146.0	365.0	1.0
142	0.0152	93377.0	93825	50509.0	140	996.0	1046.0	19568.0	0.0
143	0.0153	94246.0	94765	31822.0	141	869.0	940.0	-18687.0	1.0
144	0.0154	95082.0	191911	32073.0	142	836.0	97146.0	251.0	1.0
145	0.0155	95826.0	96975	32295.0	144	744.0	-94936.0	222.0	2.0
146	0.0156	96453.0	97566	32498.0	144	627.0	591.0	203.0	0.0
147	0.0157	97019.0	98098	32652.0	145	566.0	532.0	154.0	1.0
148	0.0158	97498.0	98565	32791.0	145	479.0	467.0	139.0	0.0
149	0.0159	97972.0	98978	32938.0	145	474.0	413.0	147.0	0.0
150	0.016	99080.0	99351	33085.0	145	1108.0	373.0	147.0	0.0
151	0.0161	99508.0	99680	33203.0	146	428.0	329.0	118.0	1.0
152	0.0162	99761.0	99979	33303.0	148	253.0	299.0	100.0	2.0
153	0.0163	99944.0	100244	33379.0	148	183.0	265.0	76.0	0.0
154	0.0164	100188.0	100475	33440.0	149	244.0	231.0	61.0	1.0
155	0.0165	100341.0	100685	33508.0	149	153.0	210.0	68.0	0.0
156	0.0166	100519.0	100869	33579.0	148	178.0	184.0	71.0	-1.0
157	0.0167	100717.0	101007	33772.0	147	198.0	138.0	193.0	-1.0
158	0.0168	100835.0	101709	33840.0	147	118.0	702.0	68.0	0.0
159	0.0169	100965.0	101839	33886.0	147	130.0	130.0	46.0	0.0
160	0.017	101114.0	101906	33916.0	148	149.0	67.0	30.0	1.0
161	0.0171	101182.0	101948	33926.0	149	68.0	42.0	10.0	1.0
162	0.0172	101242.0	101994	33925.0	149	60.0	46.0	-1.0	0.0
163	0.0173	101307.0	102033	33957.0	149	65.0	39.0	32.0	0.0
164	0.0174	101402.0	102060	33965.0	149	95.0	27.0	8.0	0.0
165	0.0175	101417.0	102090	33973.0	149	15.0	30.0	8.0	0.0
166	0.0176	101496.0	102117	34001.0	312	79.0	27.0	28.0	163.0
