	time	ins	cycle	memory	branchm	ins_d	cycle_d	memory_d	branchm_d
0	0.001	68763	48816.0	27282.0	1385.0	0.0	0.0	0.0	0.0
1	0.0011	87974	106174.0	21112.0	0.0	19211.0	57358.0	-6170.0	-1385.0
2	0.0012	108028	128590.0	35716.0	0.0	20054.0	22416.0	14604.0	0.0
3	0.0013	62249	73092.0	33463.0	1316.0	-45779.0	-55498.0	-2253.0	1316.0
4	0.0014	139204	160339.0	33208.0	0.0	76955.0	87247.0	-255.0	-1316.0
5	0.0015	75552	85389.0	40781.0	0.0	-63652.0	-74950.0	7573.0	0.0
6	0.0016	79718	89062.0	27355.0	0.0	4166.0	3673.0	-13426.0	0.0
7	0.0017	172394	91717.0	40383.0	0.0	92676.0	2655.0	13028.0	0.0
8	0.0018	91078	192094.0	48696.0	0.0	-81316.0	100377.0	8313.0	0.0
9	0.0019	94027	99815.0	31658.0	1204.0	2949.0	-92279.0	-17038.0	1204.0
10	0.002	96496	101174.0	32490.0	0.0	2469.0	1359.0	832.0	-1204.0
11	0.0021	199343	103037.0	33348.0	0.0	102847.0	1863.0	858.0	0.0
12	0.0022	0	104776.0	32925.0	0.0	-199343.0	1739.0	-423.0	0.0
13	0.0023	94190	98241.0	31266.0	0.0	94190.0	-6535.0	-1659.0	0.0
14	0.0024	91388	94912.0	30668.0	0.0	-2802.0	-3329.0	-598.0	0.0
15	0.0025	91637	94848.0	30789.0	0.0	249.0	-64.0	121.0	0.0
16	0.0026	92151	95145.0	30954.0	971.0	514.0	297.0	165.0	971.0
17	0.0027	92723	95452.0	31054.0	0.0	572.0	307.0	100.0	-971.0
18	0.0028	92641	95185.0	31102.0	0.0	-82.0	-267.0	48.0	0.0
19	0.0029	93122	95430.0	31254.0	0.0	481.0	245.0	152.0	0.0
20	0.003	93521	95701.0	31396.0	0.0	399.0	271.0	142.0	0.0
21	0.0031	93990	95944.0	31539.0	0.0	469.0	243.0	143.0	0.0
22	0.0032	189215	96157.0	31680.0	868.0	95225.0	213.0	141.0	868.0
23	0.0033	0	96358.0	31788.0	0.0	-189215.0	201.0	108.0	-868.0
24	0.0034	189891	95993.0	31806.0	0.0	189891.0	-365.0	18.0	0.0
25	0.0035	95045	96139.0	31767.0	0.0	-94846.0	146.0	-39.0	0.0
26	0.0036	95286	96335.0	31853.0	0.0	241.0	196.0	86.0	0.0
27	0.0037	95543	96499.0	31935.0	0.0	257.0	164.0	82.0	0.0
28	0.0038	95802	96655.0	32028.0	777.0	259.0	156.0	93.0	777.0
29	0.0039	96066	96793.0	32110.0	0.0	264.0	138.0	82.0	-777.0
30	0.004	95729	96378.0	32113.0	0.0	-337.0	-415.0	3.0	0.0
31	0.0041	95891	95964.0	32154.0	0.0	162.0	-414.0	41.0	0.0
32	0.0042	96127	96111.0	32226.0	0.0	236.0	147.0	72.0	0.0
33	0.0043	96369	96301.0	32287.0	0.0	242.0	190.0	61.0	0.0
34	0.0044	96596	96474.0	32353.0	697.0	227.0	173.0	66.0	697.0
35	0.0045	96831	96632.0	32425.0	0.0	235.0	158.0	72.0	-697.0
36	0.0046	96399	96233.0	32408.0	0.0	-432.0	-399.0	-17.0	0.0
37	0.0047	96504	96955.0	32257.0	0.0	105.0	722.0	-151.0	0.0
38	0.0048	96701	97130.0	32295.0	0.0	197.0	175.0	38.0	0.0
39	0.0049	96903	96674.0	32450.0	0.0	202.0	-456.0	155.0	0.0
40	0.005	97069	96748.0	32515.0	626.0	166.0	74.0	65.0	626.0
41	0.0051	96613	96879.0	32560.0	0.0	-456.0	131.0	45.0	-626.0
42	0.0052	96732	96457.0	32404.0	0.0	119.0	-422.0	-156.0	0.0
43	0.0053	97387	97021.0	32437.0	0.0	655.0	564.0	33.0	0.0
44	0.0054	97562	97126.0	32639.0	564.0	175.0	105.0	202.0	564.0
45	0.0055	97701	97226.0	32694.0	0.0	139.0	100.0	55.0	-564.0
46	0.0056	97184	96775.0	32659.0	0.0	-517.0	-451.0	-35.0	0.0
47	0.0057	97702	97298.0	32564.0	0.0	518.0	523.0	-95.0	0.0
48	0.0058	97806	97997.0	32664.0	510.0	104.0	699.0	100.0	510.0
49	0.0059	97866	98056.0	32686.0	0.0	60.0	59.0	22.0	-510.0
50	0.006	97377	97017.0	32714.0	0.0	-489.0	-1039.0	28.0	0.0
51	0.0061	97418	96995.0	32621.0	0.0	41.0	-22.0	-93.0	0.0
52	0.0062	97337	96982.0	32631.0	424.0	-81.0	-13.0	10.0	424.0
53	0.0063	0	95464.0	32402.0	0.0	-97337.0	-1518.0	-229.0	-424.0
54	0.0064	190883	95543.0	31919.0	0.0	190883.0	79.0	-483.0	0.0
55	0.0065	95399	95789.0	31829.0	386.0	-95484.0	246.0	-90.0	386.0
56	0.0066	0	96020.0	31915.0	0.0	-95399.0	231.0	86.0	-386.0
57	0.0067	191030	95685.0	31945.0	0.0	191030.0	-335.0	30.0	0.0
58	0.0068	95595	95871.0	31905.0	355.0	-95435.0	186.0	-40.0	355.0
59	0.0069	95851	95556.0	32093.0	0.0	256.0	-315.0	188.0	-355.0
60	0.007	95525	95221.0	32097.0	0.0	-326.0	-335.0	4.0	0.0
61	0.0071	95772	95450.0	32053.0	327.0	247.0	229.0	-44.0	327.0
62	0.0072	96018	95732.0	32150.0	0.0	246.0	282.0	97.0	-327.0
63	0.0073	95651	95974.0	31947.0	302.0	-367.0	242.0	-203.0	302.0
64	0.0074	95846	96190.0	32008.0	0.0	195.0	216.0	61.0	-302.0
65	0.0075	95541	95842.0	32018.0	0.0	-305.0	-348.0	10.0	0.0
66	0.0076	95760	96015.0	31991.0	281.0	219.0	173.0	-27.0	281.0
67	0.0077	95410	95689.0	32170.0	0.0	-350.0	-326.0	179.0	-281.0
68	0.0078	96192	95769.0	32056.0	263.0	782.0	80.0	-114.0	263.0
69	0.0079	96494	95964.0	32292.0	0.0	302.0	195.0	236.0	-263.0
70	0.008	96607	96044.0	32177.0	246.0	113.0	80.0	-115.0	246.0
71	0.0081	97253	96704.0	32410.0	0.0	646.0	660.0	233.0	-246.0
72	0.0082	97258	96744.0	32442.0	232.0	5.0	40.0	32.0	232.0
73	0.0083	96732	97442.0	32562.0	220.0	-526.0	698.0	120.0	-12.0
74	0.0084	96840	97010.0	32392.0	0.0	108.0	-432.0	-170.0	-220.0
75	0.0085	96436	96508.0	32360.0	210.0	-404.0	-502.0	-32.0	210.0
76	0.0086	96586	96057.0	32372.0	0.0	150.0	-451.0	12.0	-210.0
77	0.0087	96167	95675.0	32366.0	200.0	-419.0	-382.0	-6.0	200.0
78	0.0088	95700	96449.0	32214.0	192.0	-467.0	774.0	-152.0	-8.0
79	0.0089	0	96124.0	32053.0	0.0	-95700.0	-325.0	-161.0	-192.0
80	0.009	95892	95729.0	31921.0	186.0	95892.0	-395.0	-132.0	186.0
81	0.0091	95588	95909.0	32011.0	179.0	-304.0	180.0	90.0	-7.0
82	0.0092	95214	95586.0	31917.0	174.0	-374.0	-323.0	-94.0	-5.0
83	0.0093	95466	95255.0	31798.0	0.0	252.0	-331.0	-119.0	-174.0
84	0.0094	95163	94938.0	31804.0	170.0	-303.0	-317.0	6.0	170.0
85	0.0095	94853	95071.0	31889.0	165.0	-310.0	133.0	85.0	-5.0
86	0.0096	95074	94821.0	31976.0	161.0	221.0	-250.0	87.0	-4.0
87	0.0097	95390	95112.0	31786.0	0.0	316.0	291.0	-190.0	-161.0
88	0.0098	95059	94880.0	31785.0	159.0	-331.0	-232.0	-1.0	159.0
89	0.0099	94725	94596.0	31685.0	157.0	-334.0	-284.0	-100.0	-2.0
90	0.01	94453	94903.0	31678.0	154.0	-272.0	307.0	-7.0	-3.0
91	0.0101	94230	94695.0	31612.0	151.0	-223.0	-208.0	-66.0	-3.0
92	0.0102	94605	0.0	31566.0	0.0	375.0	-94695.0	-46.0	-151.0
93	0.0103	94478	94533.0	31023.0	149.0	-127.0	94533.0	-543.0	149.0
94	0.0104	92876	92969.0	31069.0	146.0	-1602.0	-1564.0	46.0	-3.0
95	0.0105	92627	92753.0	31063.0	145.0	-249.0	-216.0	-6.0	-1.0
96	0.0106	92517	92693.0	31021.0	145.0	-110.0	-60.0	-42.0	0.0
97	0.0107	92446	92659.0	31076.0	142.0	-71.0	-34.0	55.0	-3.0
98	0.0108	92418	93182.0	31056.0	142.0	-28.0	523.0	-20.0	0.0
99	0.0109	92382	93158.0	31040.0	142.0	-36.0	-24.0	-16.0	0.0
100	0.011	92291	93077.0	31000.0	141.0	-91.0	-81.0	-40.0	-1.0
101	0.0111	92855	93004.0	30964.0	141.0	564.0	-73.0	-36.0	0.0
102	0.0112	92813	92929.0	30948.0	0.0	-42.0	-75.0	-16.0	-141.0
103	0.0113	92717	92868.0	30921.0	141.0	-96.0	-61.0	-27.0	141.0
104	0.0114	92588	92816.0	31022.0	141.0	-129.0	-52.0	101.0	0.0
105	0.0115	92490	92778.0	30882.0	142.0	-98.0	-38.0	-140.0	1.0
106	0.0116	92452	92732.0	31002.0	140.0	-38.0	-46.0	120.0	-2.0
107	0.0117	92359	92696.0	30983.0	140.0	-93.0	-36.0	-19.0	0.0
108	0.0118	92327	92668.0	30943.0	140.0	-32.0	-28.0	-40.0	0.0
109	0.0119	92219	92639.0	30916.0	140.0	-108.0	-29.0	-27.0	0.0
110	0.012	92193	92619.0	30907.0	140.0	-26.0	-20.0	-9.0	0.0
111	0.0121	92129	92602.0	30888.0	140.0	-64.0	-17.0	-19.0	0.0
112	0.0122	92074	92583.0	30863.0	140.0	-55.0	-19.0	-25.0	0.0
113	0.0123	92122	93128.0	30950.0	139.0	48.0	545.0	87.0	-1.0
114	0.0124	92105	93113.0	30947.0	138.0	-17.0	-15.0	-3.0	-1.0
115	0.0125	92690	93036.0	30925.0	138.0	585.0	-77.0	-22.0	0.0
116	0.0126	92697	92969.0	30918.0	0.0	7.0	-67.0	-7.0	-138.0
117	0.0127	92663	92906.0	30911.0	138.0	-34.0	-63.0	-7.0	138.0
118	0.0128	92541	92851.0	30888.0	138.0	-122.0	-55.0	-23.0	0.0
119	0.0129	92429	92798.0	30863.0	138.0	-112.0	-53.0	-25.0	0.0
120	0.013	92450	92758.0	30988.0	137.0	21.0	-40.0	125.0	-1.0
121	0.0131	92385	92725.0	30995.0	137.0	-65.0	-33.0	7.0	0.0
122	0.0132	92337	92692.0	30967.0	137.0	-48.0	-33.0	-28.0	0.0
123	0.0133	92307	92665.0	30949.0	136.0	-30.0	-27.0	-18.0	-1.0
124	0.0134	92299	185681.0	30999.0	136.0	-8.0	93016.0	50.0	0.0
125	0.0135	92729	93570.0	31085.0	136.0	430.0	-92111.0	86.0	0.0
126	0.0136	92637	0.0	31049.0	136.0	-92.0	-93570.0	-36.0	0.0
127	0.0137	92586	93519.0	31017.0	136.0	-51.0	93519.0	-32.0	0.0
128	0.0138	92510	93403.0	31083.0	136.0	-76.0	-116.0	66.0	0.0
129	0.0139	92447	93301.0	31051.0	136.0	-63.0	-102.0	-32.0	0.0
130	0.014	92346	93197.0	31010.0	136.0	-101.0	-104.0	-41.0	0.0
131	0.0141	92327	93117.0	30983.0	137.0	-19.0	-80.0	-27.0	1.0
132	0.0142	92283	93040.0	30941.0	137.0	-44.0	-77.0	-42.0	0.0
133	0.0143	92119	92896.0	30389.0	136.0	-164.0	-144.0	-552.0	-1.0
134	0.0144	90533	91334.0	11733.0	135.0	-1586.0	-1562.0	-18656.0	-1.0
135	0.0145	89309	89961.0	48587.0	137.0	-1224.0	-1373.0	36854.0	2.0
136	0.0146	90330	90999.0	30500.0	139.0	1021.0	1038.0	-18087.0	2.0
137	0.0147	91480	185493.0	30863.0	140.0	1150.0	94494.0	363.0	1.0
138	0.0148	92640	94294.0	31217.0	140.0	1160.0	-91199.0	354.0	0.0
139	0.0149	94314	95176.0	31543.0	141.0	1674.0	882.0	326.0	1.0
140	0.015	95189	95965.0	31818.0	142.0	875.0	789.0	275.0	1.0
141	0.0151	95963	96661.0	32056.0	143.0	774.0	696.0	238.0	1.0
142	0.0152	193774	97265.0	32278.0	143.0	97811.0	604.0	222.0	0.0
143	0.0153	97661	97817.0	32485.0	143.0	-96113.0	552.0	207.0	0.0
144	0.0154	98096	98313.0	32801.0	146.0	435.0	496.0	316.0	3.0
145	0.0155	98538	98759.0	32824.0	146.0	442.0	446.0	23.0	0.0
146	0.0156	98960	99156.0	33082.0	146.0	422.0	397.0	258.0	0.0
147	0.0157	99329	99502.0	33220.0	146.0	369.0	346.0	138.0	0.0
148	0.0158	99617	99827.0	33328.0	146.0	288.0	325.0	108.0	0.0
149	0.0159	99848	100107.0	33432.0	146.0	231.0	280.0	104.0	0.0
150	0.016	100079	100360.0	33516.0	148.0	231.0	253.0	84.0	2.0
151	0.0161	100288	100584.0	33560.0	148.0	209.0	224.0	44.0	0.0
152	0.0162	100467	100793.0	33625.0	148.0	179.0	209.0	65.0	0.0
153	0.0163	100695	100971.0	33672.0	148.0	228.0	178.0	47.0	0.0
154	0.0164	100882	101695.0	47055.0	148.0	187.0	724.0	13383.0	0.0
155	0.0165	101043	101835.0	33908.0	148.0	161.0	140.0	-13147.0	0.0
156	0.0166	101168	101900.0	33948.0	0.0	125.0	65.0	40.0	-148.0
157	0.0167	101208	101952.0	33980.0	148.0	40.0	52.0	32.0	148.0
158	0.0168	101316	101986.0	33987.0	148.0	108.0	34.0	7.0	0.0
159	0.0169	101390	102032.0	34006.0	148.0	74.0	46.0	19.0	0.0
160	0.017	102122	102082.0	34028.0	148.0	732.0	50.0	22.0	0.0
161	0.0171	102221	102118.0	34042.0	148.0	99.0	36.0	14.0	0.0
162	0.0172	102205	102149.0	34047.0	148.0	-16.0	31.0	5.0	0.0
163	0.0173	102205	102179.0	34057.0	148.0	0.0	30.0	10.0	0.0
164	0.0174	102166	102186.0	34067.0	148.0	-39.0	7.0	10.0	0.0
165	0.0175	102154	102210.0	34085.0	148.0	-12.0	24.0	18.0	0.0
166	0.0176	102166	102234.0	20721.0	296.0	12.0	24.0	-13364.0	148.0
167	0.0177	0	102251.0	34107.0	157.0	-102166.0	17.0	13386.0	-139.0
