	time	ins	cycle	memory	branchm	ins_d	cycle_d	memory_d	branchm_d
0	0.001	23792.0	29273.0	0.0	1932	0.0	0.0	0.0	0.0
1	0.0011	47848.0	60568.0	16882.0	1137	24056.0	31295.0	16882.0	-795.0
2	0.0012	29663.0	78437.0	13726.0	0	-18185.0	17869.0	-3156.0	-1137.0
3	0.0013	66167.0	44641.0	24859.0	0	36504.0	-33796.0	11133.0	0.0
4	0.0014	81093.0	102633.0	20334.0	1119	14926.0	57992.0	-4525.0	1119.0
5	0.0015	97243.0	58404.0	33312.0	0	16150.0	-44229.0	12978.0	-1119.0
6	0.0016	54261.0	127692.0	18554.0	0	-42982.0	69288.0	-14758.0	0.0
7	0.0017	119423.0	67737.0	32164.0	0	65162.0	-59955.0	13610.0	0.0
8	0.0018	64713.0	70919.0	30400.0	1034	-54710.0	3182.0	-1764.0	1034.0
9	0.0019	67843.0	150455.0	22948.0	0	3130.0	79536.0	-7452.0	-1034.0
10	0.002	70824.0	78284.0	38452.0	0	2981.0	-72171.0	15504.0	0.0
11	0.0021	147527.0	80397.0	24944.0	0	76703.0	2113.0	-13508.0	0.0
12	0.0022	77064.0	82341.0	36031.0	0	-70463.0	1944.0	11087.0	0.0
13	0.0023	79128.0	84072.0	26609.0	0	2064.0	1731.0	-9422.0	0.0
14	0.0024	80961.0	84988.0	27402.0	935	1833.0	916.0	793.0	935.0
15	0.0025	82759.0	86364.0	27947.0	0	1798.0	1376.0	545.0	-935.0
16	0.0026	84191.0	87664.0	45739.0	0	1432.0	1300.0	17792.0	0.0
17	0.0027	171135.0	177495.0	28893.0	0	86944.0	89831.0	-16846.0	0.0
18	0.0028	87269.0	90217.0	29267.0	0	-83866.0	-87278.0	374.0	0.0
19	0.0029	88437.0	91074.0	29623.0	0	1168.0	857.0	356.0	0.0
20	0.003	89386.0	91834.0	29960.0	840	949.0	760.0	337.0	840.0
21	0.0031	90224.0	92509.0	30235.0	0	838.0	675.0	275.0	-840.0
22	0.0032	90395.0	92567.0	42200.0	0	171.0	58.0	11965.0	0.0
23	0.0033	91042.0	93099.0	30704.0	0	647.0	532.0	-11496.0	0.0
24	0.0034	92500.0	92571.0	30918.0	0	1458.0	-528.0	214.0	0.0
25	0.0035	93217.0	93043.0	31125.0	0	717.0	472.0	207.0	0.0
26	0.0036	93689.0	93569.0	31314.0	754	472.0	526.0	189.0	754.0
27	0.0037	94137.0	94050.0	31392.0	0	448.0	481.0	78.0	-754.0
28	0.0038	93980.0	93934.0	31392.0	0	-157.0	-116.0	0.0	0.0
29	0.0039	94357.0	94312.0	31541.0	0	377.0	378.0	149.0	0.0
30	0.004	94732.0	94694.0	31685.0	0	375.0	382.0	144.0	0.0
31	0.0041	95019.0	95046.0	31789.0	678	287.0	352.0	104.0	678.0
32	0.0042	95338.0	95365.0	19351.0	0	319.0	319.0	-12438.0	-678.0
33	0.0043	95021.0	93457.0	43138.0	0	-317.0	-1908.0	23787.0	0.0
34	0.0044	92500.0	91253.0	30688.0	0	-2521.0	-2204.0	-12450.0	0.0
35	0.0045	89159.0	90888.0	30254.0	0	-3341.0	-365.0	-434.0	0.0
36	0.0046	89688.0	91543.0	30426.0	565	529.0	655.0	172.0	565.0
37	0.0047	90561.0	92231.0	30604.0	0	873.0	688.0	178.0	-565.0
38	0.0048	90748.0	92312.0	30724.0	0	187.0	81.0	120.0	0.0
39	0.0049	92102.0	92315.0	30829.0	0	1354.0	3.0	105.0	0.0
40	0.005	93547.0	92861.0	31025.0	509	1445.0	546.0	196.0	509.0
41	0.0051	94065.0	93413.0	31222.0	0	518.0	552.0	197.0	-509.0
42	0.0052	93350.0	93343.0	31399.0	0	-715.0	-70.0	177.0	0.0
43	0.0053	93706.0	93785.0	31401.0	0	356.0	442.0	2.0	0.0
44	0.0054	94164.0	94239.0	31538.0	462	458.0	454.0	137.0	462.0
45	0.0055	94577.0	94656.0	31606.0	0	413.0	417.0	68.0	-462.0
46	0.0056	93767.0	95015.0	31603.0	0	-810.0	359.0	-3.0	0.0
47	0.0057	94760.0	94773.0	31635.0	421	993.0	-242.0	32.0	421.0
48	0.0058	95921.0	95074.0	31761.0	0	1161.0	301.0	126.0	-421.0
49	0.0059	96248.0	95388.0	31802.0	0	327.0	314.0	41.0	0.0
50	0.006	95801.0	95107.0	31878.0	385	-447.0	-281.0	76.0	385.0
51	0.0061	94857.0	95953.0	31969.0	0	-944.0	846.0	91.0	-385.0
52	0.0062	94463.0	96237.0	31964.0	0	-394.0	284.0	-5.0	0.0
53	0.0063	94783.0	95889.0	31847.0	355	320.0	-348.0	-117.0	355.0
54	0.0064	96540.0	95502.0	31867.0	0	1757.0	-387.0	20.0	-355.0
55	0.0065	96225.0	95150.0	32038.0	328	-315.0	-352.0	171.0	328.0
56	0.0066	95805.0	95377.0	32003.0	0	-420.0	227.0	-35.0	-328.0
57	0.0067	95966.0	95641.0	31992.0	0	161.0	264.0	-11.0	0.0
58	0.0068	95062.0	95902.0	31958.0	304	-904.0	261.0	-34.0	304.0
59	0.0069	95243.0	96113.0	31973.0	0	181.0	211.0	15.0	-304.0
60	0.007	94937.0	95761.0	32055.0	283	-306.0	-352.0	82.0	283.0
61	0.0071	95941.0	95389.0	31868.0	0	1004.0	-372.0	-187.0	-283.0
62	0.0072	96907.0	95059.0	31937.0	265	966.0	-330.0	69.0	265.0
63	0.0073	96507.0	95756.0	32089.0	0	-400.0	697.0	152.0	-265.0
64	0.0074	95904.0	96632.0	32196.0	249	-603.0	876.0	107.0	249.0
65	0.0075	95422.0	96279.0	32142.0	0	-482.0	-353.0	-54.0	-249.0
66	0.0076	95044.0	96390.0	32107.0	235	-378.0	111.0	-35.0	235.0
67	0.0077	95989.0	95512.0	31909.0	224	945.0	-878.0	-198.0	-11.0
68	0.0078	96302.0	95552.0	32069.0	0	313.0	40.0	160.0	-224.0
69	0.0079	97016.0	95748.0	32124.0	213	714.0	196.0	55.0	213.0
70	0.008	96014.0	95421.0	32068.0	0	-1002.0	-327.0	-56.0	-213.0
71	0.0081	95580.0	96237.0	31993.0	203	-434.0	816.0	-75.0	203.0
72	0.0082	95179.0	96487.0	31861.0	189	-401.0	250.0	-132.0	-14.0
73	0.0083	94781.0	96119.0	32024.0	0	-398.0	-368.0	163.0	-189.0
74	0.0084	95026.0	95598.0	31671.0	181	245.0	-521.0	-353.0	181.0
75	0.0085	93079.0	93657.0	31128.0	178	-1947.0	-1941.0	-543.0	-3.0
76	0.0086	93838.0	93879.0	31080.0	176	759.0	222.0	-48.0	-2.0
77	0.0087	94089.0	94131.0	31189.0	174	251.0	252.0	109.0	-2.0
78	0.0088	94328.0	94368.0	31641.0	170	239.0	237.0	452.0	-4.0
79	0.0089	94072.0	94590.0	31667.0	0	-256.0	222.0	26.0	-170.0
80	0.009	93777.0	94366.0	31568.0	168	-295.0	-224.0	-99.0	168.0
81	0.0091	94037.0	94560.0	31396.0	166	260.0	194.0	-172.0	-2.0
82	0.0092	94395.0	94896.0	31394.0	163	358.0	336.0	-2.0	-3.0
83	0.0093	94171.0	94672.0	31628.0	160	-224.0	-224.0	234.0	-3.0
84	0.0094	95273.0	94305.0	31624.0	0	1102.0	-367.0	-4.0	-160.0
85	0.0095	95495.0	94096.0	31720.0	158	222.0	-209.0	96.0	158.0
86	0.0096	94133.0	94463.0	31570.0	156	-1362.0	367.0	-150.0	-2.0
87	0.0097	93810.0	94852.0	31479.0	153	-323.0	389.0	-91.0	-3.0
88	0.0098	93604.0	94653.0	31461.0	153	-206.0	-199.0	-18.0	0.0
89	0.0099	94035.0	94407.0	31392.0	152	431.0	-246.0	-69.0	-1.0
90	0.01	93853.0	94176.0	31612.0	0	-182.0	-231.0	220.0	-152.0
91	0.0101	93711.0	93974.0	31547.0	148	-142.0	-202.0	-65.0	148.0
92	0.0102	93538.0	93798.0	31339.0	147	-173.0	-176.0	-208.0	-1.0
93	0.0103	94705.0	93646.0	31281.0	146	1167.0	-152.0	-58.0	-1.0
94	0.0104	94515.0	93499.0	31227.0	144	-190.0	-147.0	-54.0	-2.0
95	0.0105	93699.0	93914.0	31386.0	143	-816.0	415.0	159.0	-1.0
96	0.0106	92940.0	93805.0	31258.0	144	-759.0	-109.0	-128.0	1.0
97	0.0107	93336.0	93664.0	31204.0	144	396.0	-141.0	-54.0	0.0
98	0.0108	93250.0	93514.0	31247.0	142	-86.0	-150.0	43.0	-2.0
99	0.0109	93713.0	93925.0	31284.0	0	463.0	411.0	37.0	-142.0
100	0.011	93049.0	93813.0	31164.0	142	-664.0	-112.0	-120.0	142.0
101	0.0111	93481.0	93662.0	31108.0	141	432.0	-151.0	-56.0	-1.0
102	0.0112	93334.0	93533.0	31082.0	141	-147.0	-129.0	-26.0	0.0
103	0.0113	93189.0	93401.0	18867.0	141	-145.0	-132.0	-12215.0	0.0
104	0.0114	92476.0	93282.0	31096.0	142	-713.0	-119.0	12229.0	1.0
105	0.0115	92952.0	93177.0	30990.0	142	476.0	-105.0	-106.0	0.0
106	0.0116	92849.0	93092.0	30948.0	142	-103.0	-85.0	-42.0	0.0
107	0.0117	92712.0	93014.0	30924.0	142	-137.0	-78.0	-24.0	0.0
108	0.0118	92628.0	92943.0	30895.0	142	-84.0	-71.0	-29.0	0.0
109	0.0119	92494.0	92883.0	30869.0	142	-134.0	-60.0	-26.0	0.0
110	0.012	91896.0	92803.0	31049.0	142	-598.0	-80.0	180.0	0.0
111	0.0121	91763.0	92747.0	31047.0	142	-133.0	-56.0	-2.0	0.0
112	0.0122	92402.0	92692.0	30935.0	142	639.0	-55.0	-112.0	0.0
113	0.0123	92392.0	92722.0	30906.0	140	-10.0	30.0	-29.0	-2.0
114	0.0124	90611.0	91028.0	30665.0	140	-1781.0	-1694.0	-241.0	0.0
115	0.0125	90583.0	90987.0	30303.0	142	-28.0	-41.0	-362.0	2.0
116	0.0126	90649.0	91106.0	30294.0	141	66.0	119.0	-9.0	-1.0
117	0.0127	90067.0	91097.0	30052.0	143	-582.0	-9.0	-242.0	2.0
118	0.0128	91037.0	92172.0	30392.0	143	970.0	1075.0	340.0	0.0
119	0.0129	92902.0	93263.0	42973.0	147	1865.0	1091.0	12581.0	4.0
120	0.013	93267.0	94258.0	31436.0	147	365.0	995.0	-11537.0	0.0
121	0.0131	94126.0	95144.0	31741.0	148	859.0	886.0	305.0	1.0
122	0.0132	94959.0	95933.0	31904.0	148	833.0	789.0	163.0	0.0
123	0.0133	96358.0	96624.0	32140.0	148	1399.0	691.0	236.0	0.0
124	0.0134	97025.0	97257.0	32347.0	148	667.0	633.0	207.0	0.0
125	0.0135	97517.0	97789.0	32521.0	149	492.0	532.0	174.0	1.0
126	0.0136	97961.0	98283.0	32684.0	149	444.0	494.0	163.0	0.0
127	0.0137	98367.0	98729.0	52805.0	151	406.0	446.0	20121.0	2.0
128	0.0138	98716.0	99118.0	33014.0	151	349.0	389.0	-19791.0	0.0
129	0.0139	98995.0	99468.0	33121.0	150	279.0	350.0	107.0	-1.0
130	0.014	99290.0	99783.0	33241.0	0	295.0	315.0	120.0	-150.0
131	0.0141	99591.0	100062.0	33346.0	299	301.0	279.0	105.0	299.0
132	0.0142	99890.0	100308.0	33575.0	151	299.0	246.0	229.0	-148.0
133	0.0143	100106.0	100514.0	33629.0	152	216.0	206.0	54.0	1.0
134	0.0144	100282.0	100695.0	33667.0	0	176.0	181.0	38.0	-152.0
135	0.0145	100418.0	100867.0	33709.0	152	136.0	172.0	42.0	152.0
136	0.0146	100552.0	101010.0	33741.0	152	134.0	143.0	32.0	0.0
137	0.0147	100696.0	101136.0	33786.0	152	144.0	126.0	45.0	0.0
138	0.0148	201814.0	101269.0	33835.0	151	101118.0	133.0	49.0	-1.0
139	0.0149	101695.0	101927.0	33947.0	150	-100119.0	658.0	112.0	-1.0
140	0.015	101818.0	102013.0	33976.0	150	123.0	86.0	29.0	0.0
141	0.0151	101826.0	102056.0	33990.0	150	8.0	43.0	14.0	0.0
142	0.0152	101835.0	102073.0	33995.0	150	9.0	17.0	5.0	0.0
143	0.0153	101776.0	102098.0	33993.0	152	-59.0	25.0	-2.0	2.0
144	0.0154	101797.0	102126.0	34005.0	152	21.0	28.0	12.0	0.0
145	0.0155	101797.0	102131.0	34005.0	152	0.0	5.0	0.0	0.0
146	0.0156	101812.0	102143.0	34017.0	152	15.0	12.0	12.0	0.0
147	0.0157	101842.0	102156.0	34040.0	152	30.0	13.0	23.0	0.0
148	0.0158	101878.0	102161.0	34058.0	152	36.0	5.0	18.0	0.0
149	0.0159	101862.0	102180.0	34071.0	152	-16.0	19.0	13.0	0.0
150	0.016	101917.0	102196.0	34083.0	153	55.0	16.0	12.0	1.0
151	0.0161	101846.0	102216.0	34074.0	155	-71.0	20.0	-9.0	2.0
152	0.0162	101903.0	102224.0	34076.0	155	57.0	8.0	2.0	0.0
153	0.0163	0.0	102236.0	33996.0	153	-101903.0	12.0	-80.0	-2.0
154	0.0164	101642.0	102017.0	33469.0	154	101642.0	-219.0	-527.0	1.0
155	0.0165	100031.0	100507.0	33471.0	154	-1611.0	-1510.0	2.0	0.0
156	0.0166	100075.0	100519.0	33536.0	152	44.0	12.0	65.0	-2.0
157	0.0167	100272.0	100692.0	33754.0	152	197.0	173.0	218.0	0.0
158	0.0168	100486.0	100870.0	33802.0	152	214.0	178.0	48.0	0.0
159	0.0169	100619.0	101014.0	33843.0	153	133.0	144.0	41.0	1.0
160	0.017	100748.0	101150.0	33871.0	154	129.0	136.0	28.0	1.0
161	0.0171	100907.0	101281.0	33880.0	155	159.0	131.0	9.0	1.0
162	0.0172	100976.0	101393.0	33889.0	155	69.0	112.0	9.0	0.0
163	0.0173	101013.0	101488.0	33904.0	0	37.0	95.0	15.0	-155.0
164	0.0174	101098.0	101576.0	33910.0	155	85.0	88.0	6.0	155.0
165	0.0175	202413.0	203933.0	33940.0	154	101315.0	102357.0	30.0	-1.0
166	0.0176	102001.0	102355.0	34054.0	152	-100412.0	-101578.0	114.0	-2.0
167	0.0177	102039.0	0.0	34070.0	152	38.0	-102355.0	16.0	0.0
168	0.0178	102015.0	204664.0	34075.0	152	-24.0	204664.0	5.0	0.0
169	0.0179	102021.0	102314.0	34083.0	152	6.0	-102350.0	8.0	0.0
170	0.018	102012.0	102312.0	34082.0	308	-9.0	-2.0	-1.0	156.0
