	time	ins	cycle	memory	branchm	ins_d	cycle_d	memory_d	branchm_d
0	0.001	74412.0	92715.0	18662.0	0	0.0	0.0	0.0	0.0
1	0.0011	92471.0	54453.0	32091.0	0	18059.0	-38262.0	13429.0	0.0
2	0.0012	54584.0	124358.0	18163.0	1341	-37887.0	69905.0	-13928.0	1341.0
3	0.0013	122152.0	69065.0	40669.0	0	67568.0	-55293.0	22506.0	-1341.0
4	0.0014	66479.0	150003.0	22116.0	0	-55673.0	80938.0	-18553.0	0.0
5	0.0015	70066.0	80054.0	47991.0	0	3587.0	-69949.0	25875.0	0.0
6	0.0016	150661.0	83220.0	25741.0	0	80595.0	3166.0	-22250.0	0.0
7	0.0017	80123.0	86050.0	26864.0	0	-70538.0	2830.0	1123.0	0.0
8	0.0018	82851.0	87896.0	45066.0	1228	2728.0	1846.0	18202.0	1228.0
9	0.0019	85478.0	181623.0	40921.0	0	2627.0	93727.0	-4145.0	-1228.0
10	0.002	176127.0	92702.0	30043.0	0	90649.0	-88921.0	-10878.0	0.0
11	0.0021	91103.0	94357.0	30675.0	0	-85024.0	1655.0	632.0	0.0
12	0.0022	92888.0	95901.0	31249.0	0	1785.0	1544.0	574.0	0.0
13	0.0023	94493.0	97268.0	31770.0	0	1605.0	1367.0	521.0	0.0
14	0.0024	95911.0	98482.0	32233.0	0	1418.0	1214.0	463.0	0.0
15	0.0025	97148.0	99533.0	32637.0	1103	1237.0	1051.0	404.0	1103.0
16	0.0026	98300.0	100481.0	33002.0	0	1152.0	948.0	365.0	-1103.0
17	0.0027	98709.0	100745.0	33134.0	0	409.0	264.0	132.0	0.0
18	0.0028	99651.0	101495.0	53885.0	0	942.0	750.0	20751.0	0.0
19	0.0029	100537.0	102226.0	33883.0	0	886.0	731.0	-20002.0	0.0
20	0.003	101327.0	102862.0	34118.0	0	790.0	636.0	235.0	0.0
21	0.0031	102077.0	103392.0	47860.0	0	750.0	530.0	13742.0	0.0
22	0.0032	206067.0	103888.0	34624.0	986	103990.0	496.0	-13236.0	986.0
23	0.0033	103913.0	104342.0	34733.0	0	-102154.0	454.0	109.0	-986.0
24	0.0034	0.0	104745.0	0.0	0	-103913.0	403.0	-34733.0	0.0
25	0.0035	98961.0	100170.0	52853.0	0	98961.0	-4575.0	52853.0	0.0
26	0.0036	96573.0	97742.0	32525.0	0	-2388.0	-2428.0	-20328.0	0.0
27	0.0037	97969.0	98521.0	33053.0	0	1396.0	779.0	528.0	0.0
28	0.0038	98043.0	97869.0	32700.0	0	74.0	-652.0	-353.0	0.0
29	0.0039	98055.0	97785.0	32674.0	800	12.0	-84.0	-26.0	800.0
30	0.004	98067.0	97776.0	32695.0	0	12.0	-9.0	21.0	-800.0
31	0.0041	98076.0	97770.0	32517.0	0	9.0	-6.0	-178.0	0.0
32	0.0042	97515.0	97215.0	32536.0	0	-561.0	-555.0	19.0	0.0
33	0.0043	97512.0	97231.0	32561.0	0	-3.0	16.0	25.0	0.0
34	0.0044	97586.0	97287.0	32585.0	0	74.0	56.0	24.0	0.0
35	0.0045	97604.0	97345.0	32608.0	715	18.0	58.0	23.0	715.0
36	0.0046	97634.0	97394.0	12758.0	0	30.0	49.0	-19850.0	-715.0
37	0.0047	97730.0	97444.0	32578.0	0	96.0	50.0	19820.0	0.0
38	0.0048	97202.0	96949.0	32485.0	0	-528.0	-495.0	-93.0	0.0
39	0.0049	97264.0	96985.0	32508.0	0	62.0	36.0	23.0	0.0
40	0.005	97350.0	97065.0	52369.0	0	86.0	80.0	19861.0	0.0
41	0.0051	97376.0	97121.0	12751.0	642	26.0	56.0	-39618.0	642.0
42	0.0052	97476.0	97192.0	32591.0	0	100.0	71.0	19840.0	-642.0
43	0.0053	96932.0	96730.0	32421.0	0	-544.0	-462.0	-170.0	0.0
44	0.0054	97003.0	96799.0	32442.0	0	71.0	69.0	21.0	0.0
45	0.0055	97153.0	96906.0	32494.0	0	150.0	107.0	52.0	0.0
46	0.0056	97273.0	97000.0	32542.0	578	120.0	94.0	48.0	578.0
47	0.0057	97358.0	97084.0	32487.0	0	85.0	84.0	-55.0	-578.0
48	0.0058	96862.0	96630.0	32407.0	0	-496.0	-454.0	-80.0	0.0
49	0.0059	96947.0	96693.0	32442.0	0	85.0	63.0	35.0	0.0
50	0.006	97053.0	96794.0	32477.0	522	106.0	101.0	35.0	522.0
51	0.0061	97144.0	96895.0	32513.0	0	91.0	101.0	36.0	-522.0
52	0.0062	96632.0	96461.0	32347.0	0	-512.0	-434.0	-166.0	0.0
53	0.0063	96746.0	96558.0	32384.0	0	114.0	97.0	37.0	0.0
54	0.0064	96906.0	96690.0	32437.0	473	160.0	132.0	53.0	473.0
55	0.0065	97002.0	96827.0	32468.0	0	96.0	137.0	31.0	-473.0
56	0.0066	96002.0	96953.0	32310.0	0	-1000.0	126.0	-158.0	0.0
57	0.0067	96630.0	97089.0	32422.0	430	628.0	136.0	112.0	430.0
58	0.0068	97530.0	97001.0	32571.0	0	900.0	-88.0	149.0	-430.0
59	0.0069	97665.0	97074.0	32552.0	0	135.0	73.0	-19.0	0.0
60	0.007	97141.0	96627.0	32444.0	392	-524.0	-447.0	-108.0	392.0
61	0.0071	97157.0	96697.0	32460.0	0	16.0	70.0	16.0	-392.0
62	0.0072	97241.0	96813.0	32423.0	0	84.0	116.0	-37.0	0.0
63	0.0073	96598.0	96956.0	32398.0	360	-643.0	143.0	-25.0	360.0
64	0.0074	97316.0	96898.0	32537.0	0	718.0	-58.0	139.0	-360.0
65	0.0075	97367.0	96923.0	32277.0	0	51.0	25.0	-260.0	0.0
66	0.0076	94859.0	95352.0	31851.0	308	-2508.0	-1571.0	-426.0	308.0
67	0.0077	94897.0	95419.0	31901.0	0	38.0	67.0	50.0	-308.0
68	0.0078	94576.0	95135.0	31786.0	285	-321.0	-284.0	-115.0	285.0
69	0.0079	94860.0	95377.0	31878.0	0	284.0	242.0	92.0	-285.0
70	0.008	94606.0	95108.0	31899.0	266	-254.0	-269.0	21.0	266.0
71	0.0081	95619.0	94801.0	31872.0	0	1013.0	-307.0	-27.0	-266.0
72	0.0082	95971.0	95088.0	31895.0	249	352.0	287.0	23.0	249.0
73	0.0083	95074.0	95396.0	31865.0	0	-897.0	308.0	-30.0	-249.0
74	0.0084	95280.0	95669.0	31887.0	234	206.0	273.0	22.0	234.0
75	0.0085	95009.0	95374.0	31860.0	0	-271.0	-295.0	-27.0	-234.0
76	0.0086	95816.0	95607.0	31943.0	221	807.0	233.0	83.0	221.0
77	0.0087	96124.0	95175.0	32014.0	0	308.0	-432.0	71.0	-221.0
78	0.0088	95636.0	95425.0	32085.0	210	-488.0	250.0	71.0	210.0
79	0.0089	96349.0	96132.0	32202.0	202	713.0	707.0	117.0	-8.0
80	0.009	96455.0	96239.0	32228.0	0	106.0	107.0	26.0	-202.0
81	0.0091	97300.0	96268.0	32334.0	194	845.0	29.0	106.0	194.0
82	0.0092	96903.0	95895.0	32278.0	187	-397.0	-373.0	-56.0	-7.0
83	0.0093	95849.0	96032.0	32127.0	0	-1054.0	137.0	-151.0	-187.0
84	0.0094	95941.0	96219.0	32097.0	181	92.0	187.0	-30.0	181.0
85	0.0095	95532.0	95865.0	31960.0	177	-409.0	-354.0	-137.0	-4.0
86	0.0096	95129.0	95497.0	31909.0	173	-403.0	-368.0	-51.0	-4.0
87	0.0097	94771.0	95156.0	31779.0	0	-358.0	-341.0	-130.0	-173.0
88	0.0098	94475.0	95393.0	31806.0	168	-296.0	237.0	27.0	168.0
89	0.0099	94840.0	95125.0	31709.0	164	365.0	-268.0	-97.0	-4.0
90	0.01	94591.0	94833.0	31695.0	160	-249.0	-292.0	-14.0	-4.0
91	0.0101	94272.0	94568.0	31607.0	0	-319.0	-265.0	-88.0	-160.0
92	0.0102	94025.0	94320.0	31626.0	158	-247.0	-248.0	19.0	158.0
93	0.0103	94389.0	94646.0	31538.0	155	364.0	326.0	-88.0	-3.0
94	0.0104	94204.0	94453.0	31458.0	154	-185.0	-193.0	-80.0	-1.0
95	0.0105	93943.0	94239.0	31393.0	153	-261.0	-214.0	-65.0	-1.0
96	0.0106	93709.0	94037.0	31400.0	151	-234.0	-202.0	7.0	-2.0
97	0.0107	93499.0	93852.0	31333.0	151	-210.0	-185.0	-67.0	0.0
98	0.0108	93312.0	93673.0	31254.0	150	-187.0	-179.0	-79.0	-1.0
99	0.0109	93090.0	93524.0	31323.0	0	-222.0	-149.0	69.0	-150.0
100	0.011	92908.0	93391.0	31259.0	149	-182.0	-133.0	-64.0	149.0
101	0.0111	92796.0	93828.0	31200.0	148	-112.0	437.0	-59.0	-1.0
102	0.0112	93334.0	93735.0	31154.0	147	538.0	-93.0	-46.0	-1.0
103	0.0113	93208.0	93600.0	31112.0	147	-126.0	-135.0	-42.0	0.0
104	0.0114	93194.0	93579.0	31093.0	146	-14.0	-21.0	-19.0	-1.0
105	0.0115	91632.0	92092.0	30900.0	144	-1562.0	-1487.0	-193.0	-2.0
106	0.0116	91510.0	91943.0	30576.0	144	-122.0	-149.0	-324.0	0.0
107	0.0117	91483.0	91973.0	30645.0	144	-27.0	30.0	69.0	0.0
108	0.0118	91479.0	92019.0	30650.0	144	-4.0	46.0	5.0	0.0
109	0.0119	91517.0	92062.0	30641.0	144	38.0	43.0	-9.0	0.0
110	0.012	91571.0	92102.0	30665.0	0	54.0	40.0	24.0	-144.0
111	0.0121	91596.0	92135.0	30795.0	143	25.0	33.0	130.0	143.0
112	0.0122	91647.0	92719.0	30808.0	141	51.0	584.0	13.0	-2.0
113	0.0123	92306.0	92721.0	30805.0	140	659.0	2.0	-3.0	-1.0
114	0.0124	92274.0	92677.0	30805.0	140	-32.0	-44.0	0.0	0.0
115	0.0125	92191.0	92640.0	30792.0	141	-83.0	-37.0	-13.0	1.0
116	0.0126	92182.0	92605.0	30775.0	141	-9.0	-35.0	-17.0	0.0
117	0.0127	92144.0	92580.0	30776.0	141	-38.0	-25.0	1.0	0.0
118	0.0128	92131.0	92561.0	30779.0	141	-13.0	-19.0	3.0	0.0
119	0.0129	92134.0	92540.0	30862.0	140	3.0	-21.0	83.0	-1.0
120	0.013	92134.0	92507.0	30858.0	139	0.0	-33.0	-4.0	-1.0
121	0.0131	92072.0	92492.0	30984.0	0	-62.0	-15.0	126.0	-139.0
122	0.0132	92039.0	92477.0	30973.0	139	-33.0	-15.0	-11.0	139.0
123	0.0133	92075.0	92465.0	30952.0	139	36.0	-12.0	-21.0	0.0
124	0.0134	92065.0	93008.0	30940.0	139	-10.0	543.0	-12.0	0.0
125	0.0135	92667.0	93003.0	30933.0	138	602.0	-5.0	-7.0	-1.0
126	0.0136	92672.0	92939.0	30922.0	137	5.0	-64.0	-11.0	-1.0
127	0.0137	92628.0	92877.0	30900.0	137	-44.0	-62.0	-22.0	0.0
128	0.0138	92494.0	92794.0	30885.0	137	-134.0	-83.0	-15.0	0.0
129	0.0139	92387.0	92749.0	30864.0	137	-107.0	-45.0	-21.0	0.0
130	0.014	92349.0	92709.0	30844.0	137	-38.0	-40.0	-20.0	0.0
131	0.0141	92280.0	92665.0	30819.0	137	-69.0	-44.0	-25.0	0.0
132	0.0142	92203.0	92623.0	30899.0	136	-77.0	-42.0	80.0	-1.0
133	0.0143	92108.0	92584.0	30878.0	137	-95.0	-39.0	-21.0	1.0
134	0.0144	92064.0	92549.0	30842.0	137	-44.0	-35.0	-36.0	0.0
135	0.0145	92059.0	92539.0	30843.0	137	-5.0	-10.0	1.0	0.0
136	0.0146	92018.0	92528.0	30840.0	137	-41.0	-11.0	-3.0	0.0
137	0.0147	91970.0	92513.0	30819.0	137	-48.0	-15.0	-21.0	0.0
138	0.0148	91977.0	92491.0	30798.0	137	7.0	-22.0	-21.0	0.0
139	0.0149	91915.0	92483.0	30795.0	0	-62.0	-8.0	-3.0	-137.0
140	0.015	91904.0	92464.0	30913.0	136	-11.0	-19.0	118.0	136.0
141	0.0151	91911.0	92449.0	30916.0	136	7.0	-15.0	3.0	0.0
142	0.0152	91930.0	92441.0	30898.0	136	19.0	-8.0	-18.0	0.0
143	0.0153	91914.0	92426.0	30889.0	136	-16.0	-15.0	-9.0	0.0
144	0.0154	92454.0	92888.0	30875.0	134	540.0	462.0	-14.0	-2.0
145	0.0155	90818.0	91314.0	30630.0	132	-1636.0	-1574.0	-245.0	-2.0
146	0.0156	0.0	0.0	30297.0	132	-90818.0	-91314.0	-333.0	0.0
147	0.0157	180546.0	181620.0	30219.0	132	180546.0	181620.0	-78.0	0.0
148	0.0158	90862.0	91441.0	30281.0	133	-89684.0	-90179.0	62.0	1.0
149	0.0159	92008.0	92597.0	30649.0	135	1146.0	1156.0	368.0	2.0
150	0.016	93029.0	93660.0	31015.0	136	1021.0	1063.0	366.0	1.0
151	0.0161	94014.0	94611.0	31341.0	137	985.0	951.0	326.0	1.0
152	0.0162	94912.0	95456.0	31642.0	138	898.0	845.0	301.0	1.0
153	0.0163	95633.0	96215.0	31911.0	139	721.0	759.0	269.0	1.0
154	0.0164	96324.0	96886.0	32150.0	139	691.0	671.0	239.0	0.0
155	0.0165	96919.0	97490.0	32367.0	140	595.0	604.0	217.0	1.0
156	0.0166	97430.0	98017.0	32538.0	141	511.0	527.0	171.0	1.0
157	0.0167	97928.0	98485.0	32709.0	141	498.0	468.0	171.0	0.0
158	0.0168	98377.0	98867.0	32949.0	141	449.0	382.0	240.0	0.0
159	0.0169	98738.0	99226.0	33081.0	141	361.0	359.0	132.0	0.0
160	0.017	99100.0	99564.0	53541.0	141	362.0	338.0	20460.0	0.0
161	0.0171	99464.0	99870.0	33509.0	143	364.0	306.0	-20032.0	2.0
162	0.0172	99741.0	100130.0	33563.0	144	277.0	260.0	54.0	1.0
163	0.0173	99946.0	100359.0	33627.0	144	205.0	229.0	64.0	0.0
164	0.0174	100172.0	100576.0	33686.0	144	226.0	217.0	59.0	0.0
165	0.0175	100374.0	100770.0	33739.0	144	202.0	194.0	53.0	0.0
166	0.0176	100563.0	100934.0	33782.0	143	189.0	164.0	43.0	-1.0
167	0.0177	101392.0	101661.0	33856.0	292	829.0	727.0	74.0	149.0
