	time	ins	cycle	memory	branchm	ins_d	cycle_d	memory_d	branchm_d
0	0.001	64503.0	43691	22793.0	1266	0.0	0.0	0.0	0.0
1	0.0011	82418.0	94627	28537.0	0	17915.0	50936.0	5744.0	-1266.0
2	0.0012	102781.0	119257	24276.0	0	20363.0	24630.0	-4261.0	0.0
3	0.0013	59147.0	69055	31937.0	1203	-43634.0	-50202.0	7661.0	1203.0
4	0.0014	61493.0	71618	29707.0	0	2346.0	2563.0	-2230.0	-1203.0
5	0.0015	130317.0	150105	22240.0	0	68824.0	78487.0	-7467.0	0.0
6	0.0016	69227.0	78751	23150.0	0	-61090.0	-71354.0	910.0	0.0
7	0.0017	72617.0	80252	39024.0	0	3390.0	1501.0	15874.0	0.0
8	0.0018	152432.0	82158	35470.0	1104	79815.0	1906.0	-3554.0	1104.0
9	0.0019	79118.0	83918	26173.0	0	-73314.0	1760.0	-9297.0	-1104.0
10	0.002	80318.0	85493	26649.0	0	1200.0	1575.0	476.0	0.0
11	0.0021	81892.0	86307	27224.0	0	1574.0	814.0	575.0	0.0
12	0.0022	83534.0	176247	44861.0	0	1642.0	89940.0	17637.0	0.0
13	0.0023	84886.0	89741	28550.0	0	1352.0	-86506.0	-16311.0	0.0
14	0.0024	86190.0	90067	29100.0	0	1304.0	326.0	550.0	0.0
15	0.0025	87348.0	90856	29502.0	994	1158.0	789.0	402.0	994.0
16	0.0026	88418.0	91065	41665.0	0	1070.0	209.0	12163.0	-994.0
17	0.0027	178273.0	91187	30084.0	0	89855.0	122.0	-11581.0	0.0
18	0.0028	90362.0	91853	30339.0	0	-87911.0	666.0	255.0	0.0
19	0.0029	91144.0	92531	30572.0	0	782.0	678.0	233.0	0.0
20	0.003	91775.0	93124	30797.0	0	631.0	593.0	225.0	0.0
21	0.0031	92381.0	93660	30998.0	890	606.0	536.0	201.0	890.0
22	0.0032	92983.0	94143	31092.0	0	602.0	483.0	94.0	-890.0
23	0.0033	92878.0	94017	31251.0	0	-105.0	-126.0	159.0	0.0
24	0.0034	93316.0	94372	31293.0	0	438.0	355.0	42.0	0.0
25	0.0035	93805.0	94739	31431.0	0	489.0	367.0	138.0	0.0
26	0.0036	94203.0	95078	31549.0	0	398.0	339.0	118.0	0.0
27	0.0037	94562.0	95378	31669.0	797	359.0	300.0	120.0	797.0
28	0.0038	94903.0	95648	31792.0	0	341.0	270.0	123.0	-797.0
29	0.0039	94607.0	95892	31827.0	0	-296.0	244.0	35.0	0.0
30	0.004	94868.0	95580	31775.0	0	261.0	-312.0	-52.0	0.0
31	0.0041	95216.0	95774	31862.0	0	348.0	194.0	87.0	0.0
32	0.0042	95503.0	96002	31967.0	0	287.0	228.0	105.0	0.0
33	0.0043	95788.0	96205	32073.0	715	285.0	203.0	106.0	715.0
34	0.0044	96071.0	96397	32150.0	0	283.0	192.0	77.0	-715.0
35	0.0045	95604.0	96007	32119.0	0	-467.0	-390.0	-31.0	0.0
36	0.0046	95762.0	96152	32046.0	0	158.0	145.0	-73.0	0.0
37	0.0047	95995.0	96332	32115.0	0	233.0	180.0	69.0	0.0
38	0.0048	96219.0	96496	32198.0	643	224.0	164.0	83.0	643.0
39	0.0049	96393.0	96640	32164.0	0	174.0	144.0	-34.0	-643.0
40	0.005	95343.0	95908	31748.0	0	-1050.0	-732.0	-416.0	0.0
41	0.0051	93438.0	94037	31310.0	0	-1905.0	-1871.0	-438.0	0.0
42	0.0052	93638.0	94209	31406.0	0	200.0	172.0	96.0	0.0
43	0.0053	94099.0	94586	31551.0	532	461.0	377.0	145.0	532.0
44	0.0054	94531.0	94955	31589.0	0	432.0	369.0	38.0	-532.0
45	0.0055	94242.0	94729	31581.0	0	-289.0	-226.0	-8.0	0.0
46	0.0056	94560.0	95019	31700.0	0	318.0	290.0	119.0	0.0
47	0.0057	94967.0	95323	31822.0	481	407.0	304.0	122.0	481.0
48	0.0058	95268.0	95607	31838.0	0	301.0	284.0	16.0	-481.0
49	0.0059	94903.0	95305	31791.0	0	-365.0	-302.0	-47.0	0.0
50	0.006	95135.0	95508	31884.0	438	232.0	203.0	93.0	438.0
51	0.0061	95484.0	95753	31992.0	0	349.0	245.0	108.0	-438.0
52	0.0062	95193.0	95444	32007.0	0	-291.0	-309.0	15.0	0.0
53	0.0063	95407.0	95639	31950.0	0	214.0	195.0	-57.0	0.0
54	0.0064	95676.0	95870	32032.0	400	269.0	231.0	82.0	400.0
55	0.0065	95923.0	96061	32046.0	0	247.0	191.0	14.0	-400.0
56	0.0066	95567.0	95715	32004.0	366	-356.0	-346.0	-42.0	366.0
57	0.0067	95762.0	95898	32065.0	0	195.0	183.0	61.0	-366.0
58	0.0068	96019.0	96096	32061.0	0	257.0	198.0	-4.0	0.0
59	0.0069	95640.0	95751	32019.0	337	-379.0	-345.0	-42.0	337.0
60	0.007	95838.0	95921	32105.0	0	198.0	170.0	86.0	-337.0
61	0.0071	95534.0	96126	32118.0	0	-304.0	205.0	13.0	0.0
62	0.0072	95732.0	95780	32051.0	311	198.0	-346.0	-67.0	311.0
63	0.0073	95945.0	95950	32037.0	0	213.0	170.0	-14.0	-311.0
64	0.0074	95600.0	95612	32000.0	289	-345.0	-338.0	-37.0	289.0
65	0.0075	95829.0	95790	32095.0	0	229.0	178.0	95.0	-289.0
66	0.0076	95471.0	95995	32101.0	0	-358.0	205.0	6.0	0.0
67	0.0077	95684.0	95644	32031.0	268	213.0	-351.0	-70.0	268.0
68	0.0078	95967.0	95828	32031.0	0	283.0	184.0	0.0	-268.0
69	0.0079	95602.0	95505	31996.0	251	-365.0	-323.0	-35.0	251.0
70	0.008	95847.0	95709	32008.0	0	245.0	204.0	12.0	-251.0
71	0.0081	95484.0	95400	31968.0	236	-363.0	-309.0	-40.0	236.0
72	0.0082	95718.0	95612	31955.0	223	234.0	212.0	-13.0	-13.0
73	0.0083	95356.0	95311	31928.0	0	-362.0	-301.0	-27.0	-223.0
74	0.0084	95637.0	95533	31956.0	211	281.0	222.0	28.0	211.0
75	0.0085	95333.0	95241	31940.0	0	-304.0	-292.0	-16.0	-211.0
76	0.0086	94984.0	94927	31935.0	202	-349.0	-314.0	-5.0	202.0
77	0.0087	95242.0	95177	31821.0	193	258.0	250.0	-114.0	-9.0
78	0.0088	94998.0	94926	31797.0	0	-244.0	-251.0	-24.0	-193.0
79	0.0089	94675.0	95191	31839.0	179	-323.0	265.0	42.0	179.0
80	0.009	95016.0	94956	31525.0	172	341.0	-235.0	-314.0	-7.0
81	0.0091	93033.0	93022	31140.0	0	-1983.0	-1934.0	-385.0	-172.0
82	0.0092	92671.0	93284	31182.0	167	-362.0	262.0	42.0	167.0
83	0.0093	93171.0	93186	31144.0	163	500.0	-98.0	-38.0	-4.0
84	0.0094	93116.0	93091	31111.0	160	-55.0	-95.0	-33.0	-3.0
85	0.0095	92983.0	93016	31136.0	0	-133.0	-75.0	25.0	-160.0
86	0.0096	93312.0	93382	31297.0	156	329.0	366.0	161.0	156.0
87	0.0097	93844.0	93826	31369.0	153	532.0	444.0	72.0	-3.0
88	0.0098	93722.0	93722	31317.0	151	-122.0	-104.0	-52.0	-2.0
89	0.0099	93478.0	93586	31236.0	151	-244.0	-136.0	-81.0	0.0
90	0.01	93290.0	93451	31173.0	150	-188.0	-135.0	-63.0	-1.0
91	0.0101	93062.0	93322	31129.0	149	-228.0	-129.0	-44.0	-1.0
92	0.0102	92961.0	93215	31287.0	0	-101.0	-107.0	158.0	-149.0
93	0.0103	92822.0	93118	31238.0	148	-139.0	-97.0	-49.0	148.0
94	0.0104	92713.0	93588	31198.0	146	-109.0	470.0	-40.0	-2.0
95	0.0105	93285.0	93512	31170.0	144	572.0	-76.0	-28.0	-2.0
96	0.0106	93227.0	93390	31131.0	143	-58.0	-122.0	-39.0	-1.0
97	0.0107	93063.0	93268	31072.0	143	-164.0	-122.0	-59.0	0.0
98	0.0108	92907.0	93156	31039.0	143	-156.0	-112.0	-33.0	0.0
99	0.0109	92778.0	93064	31013.0	143	-129.0	-92.0	-26.0	0.0
100	0.011	92662.0	92988	30970.0	143	-116.0	-76.0	-43.0	0.0
101	0.0111	92577.0	92919	30939.0	142	-85.0	-69.0	-31.0	-1.0
102	0.0112	92519.0	92847	31136.0	0	-58.0	-72.0	197.0	-142.0
103	0.0113	92470.0	93329	31138.0	140	-49.0	482.0	2.0	140.0
104	0.0114	92433.0	93281	31094.0	139	-37.0	-48.0	-44.0	-1.0
105	0.0115	92363.0	93181	31060.0	139	-70.0	-100.0	-34.0	0.0
106	0.0116	92918.0	93092	31035.0	138	555.0	-89.0	-25.0	-1.0
107	0.0117	92919.0	93007	31019.0	138	1.0	-85.0	-16.0	0.0
108	0.0118	92795.0	92942	30980.0	138	-124.0	-65.0	-39.0	0.0
109	0.0119	92702.0	92884	30958.0	138	-93.0	-58.0	-22.0	0.0
110	0.012	92612.0	92827	30939.0	138	-90.0	-57.0	-19.0	0.0
111	0.0121	92490.0	92772	30912.0	139	-122.0	-55.0	-27.0	1.0
112	0.0122	92363.0	92716	30868.0	139	-127.0	-56.0	-44.0	0.0
113	0.0123	92291.0	92660	30935.0	137	-72.0	-56.0	67.0	-2.0
114	0.0124	92266.0	92606	31059.0	0	-25.0	-54.0	124.0	-137.0
115	0.0125	92212.0	92573	31033.0	137	-54.0	-33.0	-26.0	137.0
116	0.0126	92135.0	93101	30991.0	137	-77.0	528.0	-42.0	0.0
117	0.0127	92086.0	93077	30966.0	137	-49.0	-24.0	-25.0	0.0
118	0.0128	92090.0	93009	30949.0	137	4.0	-68.0	-17.0	0.0
119	0.0129	0.0	92947	18808.0	139	-92090.0	-62.0	-12141.0	2.0
120	0.013	92034.0	92862	30888.0	137	92034.0	-85.0	12080.0	-2.0
121	0.0131	90368.0	91238	30338.0	135	-1666.0	-1624.0	-550.0	-2.0
122	0.0132	179552.0	90704	30077.0	136	89184.0	-534.0	-261.0	1.0
123	0.0133	92187.0	91763	42479.0	136	-87365.0	1059.0	12402.0	0.0
124	0.0134	93305.0	92889	30936.0	137	1118.0	1126.0	-11543.0	1.0
125	0.0135	94264.0	93912	31286.0	138	959.0	1023.0	350.0	1.0
126	0.0136	95024.0	94836	31555.0	140	760.0	924.0	269.0	2.0
127	0.0137	95752.0	95625	31830.0	140	728.0	789.0	275.0	0.0
128	0.0138	96439.0	96343	32092.0	141	687.0	718.0	262.0	1.0
129	0.0139	97068.0	96989	32324.0	141	629.0	646.0	232.0	0.0
130	0.014	97563.0	97554	32497.0	142	495.0	565.0	173.0	1.0
131	0.0141	98023.0	98071	32663.0	143	460.0	517.0	166.0	1.0
132	0.0142	98436.0	98544	32825.0	143	413.0	473.0	162.0	0.0
133	0.0143	98830.0	98957	33190.0	142	394.0	413.0	365.0	-1.0
134	0.0144	99190.0	99889	53630.0	142	360.0	932.0	20440.0	0.0
135	0.0145	99502.0	100206	33456.0	143	312.0	317.0	-20174.0	1.0
136	0.0146	99760.0	100444	33526.0	143	258.0	238.0	70.0	0.0
137	0.0147	100001.0	100638	33597.0	143	241.0	194.0	71.0	0.0
138	0.0148	100200.0	100801	33650.0	143	199.0	163.0	53.0	0.0
139	0.0149	100392.0	100962	33712.0	143	192.0	161.0	62.0	0.0
140	0.015	100591.0	101109	33775.0	142	199.0	147.0	63.0	-1.0
141	0.0151	101446.0	101236	33828.0	142	855.0	127.0	53.0	0.0
142	0.0152	101602.0	101343	33867.0	143	156.0	107.0	39.0	1.0
143	0.0153	101664.0	101449	33878.0	144	62.0	106.0	11.0	1.0
144	0.0154	101686.0	101546	33900.0	144	22.0	97.0	22.0	0.0
145	0.0155	101730.0	101627	33933.0	144	44.0	81.0	33.0	0.0
146	0.0156	101772.0	101704	33955.0	145	42.0	77.0	22.0	1.0
147	0.0157	101799.0	101772	33983.0	145	27.0	68.0	28.0	0.0
148	0.0158	101846.0	101829	34015.0	0	47.0	57.0	32.0	-145.0
149	0.0159	101894.0	101884	34044.0	145	48.0	55.0	29.0	145.0
150	0.016	101920.0	101931	34059.0	145	26.0	47.0	15.0	0.0
151	0.0161	101950.0	101962	34204.0	145	30.0	31.0	145.0	0.0
152	0.0162	101960.0	101995	34206.0	146	10.0	33.0	2.0	1.0
153	0.0163	101945.0	102032	34188.0	146	-15.0	37.0	-18.0	0.0
154	0.0164	101943.0	102069	34176.0	146	-2.0	37.0	-12.0	0.0
155	0.0165	101970.0	102088	34263.0	146	27.0	19.0	87.0	0.0
156	0.0166	101960.0	102110	34255.0	146	-10.0	22.0	-8.0	0.0
157	0.0167	101975.0	102108	34246.0	146	15.0	-2.0	-9.0	0.0
158	0.0168	102009.0	102677	34252.0	145	34.0	569.0	6.0	-1.0
159	0.0169	102021.0	102695	34227.0	145	12.0	18.0	-25.0	0.0
160	0.017	101858.0	102452	33980.0	143	-163.0	-243.0	-247.0	-2.0
161	0.0171	100303.0	100876	33658.0	143	-1555.0	-1576.0	-322.0	0.0
162	0.0172	100972.0	100843	33686.0	144	669.0	-33.0	28.0	1.0
163	0.0173	101155.0	100974	33730.0	144	183.0	131.0	44.0	0.0
164	0.0174	101274.0	101124	33763.0	144	119.0	150.0	33.0	0.0
165	0.0175	101356.0	101242	33802.0	144	82.0	118.0	39.0	0.0
166	0.0176	101435.0	101358	33841.0	144	79.0	116.0	39.0	0.0
167	0.0177	101511.0	101459	33895.0	144	76.0	101.0	54.0	0.0
168	0.0178	101605.0	101543	0.0	313	94.0	84.0	-33895.0	169.0
