	time	ins	cycle	memory	branchm	ins_d	cycle_d	memory_d	branchm_d
0	0.001	24407	30398.0	0.0	1729	0.0	0.0	0.0	0.0
1	0.0011	49799	63257.0	16401.0	1032	25392.0	32859.0	16401.0	-697.0
2	0.0012	28763	79193.0	17178.0	0	-21036.0	15936.0	777.0	-1032.0
3	0.0013	65575	45311.0	25888.0	1056	36812.0	-33882.0	8710.0	1056.0
4	0.0014	82312	105166.0	14885.0	0	16737.0	59855.0	-11003.0	-1056.0
5	0.0015	98458	58284.0	33038.0	0	16146.0	-46882.0	18153.0	0.0
6	0.0016	54769	128671.0	29984.0	0	-43689.0	70387.0	-3054.0	0.0
7	0.0017	122080	69037.0	28590.0	982	67311.0	-59634.0	-1394.0	982.0
8	0.0018	65253	72137.0	21635.0	0	-56827.0	3100.0	-6955.0	-982.0
9	0.0019	68231	151182.0	36528.0	0	2978.0	79045.0	14893.0	0.0
10	0.002	70986	78565.0	33973.0	0	2755.0	-72617.0	-2555.0	0.0
11	0.0021	149483	80019.0	25433.0	0	78497.0	1454.0	-8540.0	0.0
12	0.0022	78208	81946.0	26175.0	897	-71275.0	1927.0	742.0	897.0
13	0.0023	80143	83746.0	26747.0	0	1935.0	1800.0	572.0	-897.0
14	0.0024	81263	84722.0	43938.0	0	1120.0	976.0	17191.0	0.0
15	0.0025	82842	86135.0	28066.0	0	1579.0	1413.0	-15872.0	0.0
16	0.0026	84431	87457.0	28557.0	0	1589.0	1322.0	491.0	0.0
17	0.0027	85778	178321.0	40498.0	808	1347.0	90864.0	11941.0	808.0
18	0.0028	175203	90622.0	29421.0	0	89425.0	-87699.0	-11077.0	-808.0
19	0.0029	88533	90878.0	29774.0	0	-86670.0	256.0	353.0	0.0
20	0.003	89475	91613.0	29943.0	0	942.0	735.0	169.0	0.0
21	0.0031	90328	92326.0	30223.0	0	853.0	713.0	280.0	0.0
22	0.0032	91088	92965.0	30506.0	0	760.0	639.0	283.0	0.0
23	0.0033	91824	93533.0	30719.0	726	736.0	568.0	213.0	726.0
24	0.0034	92436	94016.0	30851.0	0	612.0	483.0	132.0	-726.0
25	0.0035	92398	93906.0	30926.0	0	-38.0	-110.0	75.0	0.0
26	0.0036	92922	94291.0	31099.0	0	524.0	385.0	173.0	0.0
27	0.0037	93422	94694.0	31260.0	0	500.0	403.0	161.0	0.0
28	0.0038	93870	95042.0	31415.0	653	448.0	348.0	155.0	653.0
29	0.0039	94266	95356.0	31497.0	0	396.0	314.0	82.0	-653.0
30	0.004	94063	95095.0	31483.0	0	-203.0	-261.0	-14.0	0.0
31	0.0041	94418	95347.0	31160.0	0	355.0	252.0	-323.0	0.0
32	0.0042	91616	93072.0	30368.0	545	-2802.0	-2275.0	-792.0	545.0
33	0.0043	89609	91039.0	30057.0	0	-2007.0	-2033.0	-311.0	-545.0
34	0.0044	89558	90958.0	30179.0	0	-51.0	-81.0	122.0	0.0
35	0.0045	90376	91641.0	30300.0	0	818.0	683.0	121.0	0.0
36	0.0046	91150	92338.0	30569.0	492	774.0	697.0	269.0	492.0
37	0.0047	92653	92419.0	30807.0	0	1503.0	81.0	238.0	-492.0
38	0.0048	93354	92972.0	49781.0	0	701.0	553.0	18974.0	0.0
39	0.0049	93253	92968.0	31148.0	0	-101.0	-4.0	-18633.0	0.0
40	0.005	93734	93462.0	31325.0	447	481.0	494.0	177.0	447.0
41	0.0051	94236	93961.0	31478.0	0	502.0	499.0	153.0	-447.0
42	0.0052	93475	94405.0	31425.0	0	-761.0	444.0	-53.0	0.0
43	0.0053	93837	94808.0	31576.0	408	362.0	403.0	151.0	408.0
44	0.0054	94968	94597.0	31698.0	0	1131.0	-211.0	122.0	-408.0
45	0.0055	95404	94920.0	31593.0	0	436.0	323.0	-105.0	0.0
46	0.0056	95084	94699.0	31726.0	374	-320.0	-221.0	133.0	374.0
47	0.0057	95368	94981.0	31865.0	0	284.0	282.0	139.0	-374.0
48	0.0058	95496	95902.0	31914.0	0	128.0	921.0	49.0	0.0
49	0.0059	95172	96051.0	31992.0	344	-324.0	149.0	78.0	344.0
50	0.006	96130	95688.0	32105.0	0	958.0	-363.0	113.0	-344.0
51	0.0061	96467	95855.0	31999.0	0	337.0	167.0	-106.0	0.0
52	0.0062	96056	95521.0	32085.0	317	-411.0	-334.0	86.0	317.0
53	0.0063	96181	95695.0	32147.0	0	125.0	174.0	62.0	-317.0
54	0.0064	95821	95398.0	32020.0	294	-360.0	-297.0	-127.0	294.0
55	0.0065	96054	95608.0	32100.0	0	233.0	210.0	80.0	-294.0
56	0.0066	96267	95845.0	31991.0	0	213.0	237.0	-109.0	0.0
57	0.0067	95356	96083.0	32088.0	273	-911.0	238.0	97.0	273.0
58	0.0068	95496	96291.0	32143.0	0	140.0	208.0	55.0	-273.0
59	0.0069	95696	95967.0	32179.0	255	200.0	-324.0	36.0	255.0
60	0.007	96672	95953.0	32272.0	0	976.0	-14.0	93.0	-255.0
61	0.0071	96290	95596.0	32136.0	240	-382.0	-357.0	-136.0	240.0
62	0.0072	96443	95774.0	32203.0	227	153.0	178.0	67.0	-13.0
63	0.0073	96005	95453.0	32062.0	0	-438.0	-321.0	-141.0	-227.0
64	0.0074	96213	95630.0	31911.0	216	208.0	177.0	-151.0	216.0
65	0.0075	95256	95878.0	31997.0	0	-957.0	248.0	86.0	-216.0
66	0.0076	94842	95544.0	31907.0	206	-414.0	-334.0	-90.0	206.0
67	0.0077	95144	95739.0	31991.0	196	302.0	195.0	84.0	-10.0
68	0.0078	95316	95433.0	32022.0	0	172.0	-306.0	31.0	-196.0
69	0.0079	96354	95510.0	31900.0	189	1038.0	77.0	-122.0	189.0
70	0.008	95990	95207.0	32001.0	182	-364.0	-303.0	101.0	-7.0
71	0.0081	95449	95467.0	32040.0	0	-541.0	260.0	39.0	-182.0
72	0.0082	96015	96034.0	31871.0	173	566.0	567.0	-169.0	173.0
73	0.0083	94386	94841.0	31573.0	168	-1629.0	-1193.0	-298.0	-5.0
74	0.0084	94034	94480.0	31559.0	164	-352.0	-361.0	-14.0	-4.0
75	0.0085	93769	94225.0	31482.0	160	-265.0	-255.0	-77.0	-4.0
76	0.0086	94131	94548.0	31404.0	0	362.0	323.0	-78.0	-160.0
77	0.0087	93963	94372.0	31321.0	159	-168.0	-176.0	-83.0	159.0
78	0.0088	93766	94160.0	31465.0	156	-197.0	-212.0	144.0	-3.0
79	0.0089	94526	94390.0	31741.0	154	760.0	230.0	276.0	-2.0
80	0.009	94938	94021.0	31677.0	153	412.0	-369.0	-64.0	-1.0
81	0.0091	94089	94357.0	31554.0	151	-849.0	336.0	-123.0	-2.0
82	0.0092	93818	94758.0	31467.0	149	-271.0	401.0	-87.0	-2.0
83	0.0093	94215	94562.0	31406.0	0	397.0	-196.0	-61.0	-149.0
84	0.0094	93992	94322.0	31336.0	149	-223.0	-240.0	-70.0	149.0
85	0.0095	93722	94104.0	12254.0	149	-270.0	-218.0	-19082.0	0.0
86	0.0096	93514	93911.0	50178.0	149	-208.0	-193.0	37924.0	0.0
87	0.0097	93327	93736.0	31351.0	146	-187.0	-175.0	-18827.0	-3.0
88	0.0098	93179	93582.0	31323.0	146	-148.0	-154.0	-28.0	0.0
89	0.0099	93016	93446.0	12249.0	146	-163.0	-136.0	-19074.0	0.0
90	0.01	92903	93330.0	31226.0	143	-113.0	-116.0	18977.0	-3.0
91	0.0101	93453	93759.0	31182.0	143	550.0	429.0	-44.0	0.0
92	0.0102	93330	93672.0	31154.0	0	-123.0	-87.0	-28.0	-143.0
93	0.0103	93189	93529.0	31115.0	143	-141.0	-143.0	-39.0	143.0
94	0.0104	93075	93412.0	31059.0	143	-114.0	-117.0	-56.0	0.0
95	0.0105	92943	93279.0	31114.0	141	-132.0	-133.0	55.0	-2.0
96	0.0106	92842	93167.0	31225.0	140	-101.0	-112.0	111.0	-1.0
97	0.0107	92752	93078.0	31194.0	140	-90.0	-89.0	-31.0	0.0
98	0.0108	92710	92999.0	31144.0	140	-42.0	-79.0	-50.0	0.0
99	0.0109	92606	92933.0	31117.0	140	-104.0	-66.0	-27.0	0.0
100	0.011	92500	92861.0	31088.0	139	-106.0	-72.0	-29.0	-1.0
101	0.0111	92442	93361.0	31038.0	139	-58.0	500.0	-50.0	0.0
102	0.0112	92390	93316.0	31001.0	139	-52.0	-45.0	-37.0	0.0
103	0.0113	92967	93225.0	30987.0	0	577.0	-91.0	-14.0	-139.0
104	0.0114	93381	93157.0	31043.0	139	414.0	-68.0	56.0	139.0
105	0.0115	93962	92929.0	50009.0	139	581.0	-228.0	18966.0	0.0
106	0.0116	93668	93432.0	31362.0	138	-294.0	503.0	-18647.0	-1.0
107	0.0117	93491	93769.0	31428.0	137	-177.0	337.0	66.0	-1.0
108	0.0118	93323	93664.0	12293.0	137	-168.0	-105.0	-19135.0	0.0
109	0.0119	93141	93519.0	31326.0	137	-182.0	-145.0	19033.0	0.0
110	0.012	93006	93379.0	31257.0	137	-135.0	-140.0	-69.0	0.0
111	0.0121	92865	93258.0	31208.0	137	-141.0	-121.0	-49.0	0.0
112	0.0122	92755	93161.0	30914.0	136	-110.0	-97.0	-294.0	-1.0
113	0.0123	90780	91238.0	30471.0	136	-1975.0	-1923.0	-443.0	0.0
114	0.0124	90666	91156.0	30444.0	136	-114.0	-82.0	-27.0	0.0
115	0.0125	90721	91227.0	30467.0	136	55.0	71.0	23.0	0.0
116	0.0126	90785	91339.0	30348.0	136	64.0	112.0	-119.0	0.0
117	0.0127	90254	90937.0	30252.0	137	-531.0	-402.0	-96.0	1.0
118	0.0128	91262	91981.0	30614.0	138	1008.0	1044.0	362.0	1.0
119	0.0129	92393	93088.0	30980.0	143	1131.0	1107.0	366.0	5.0
120	0.013	93370	94089.0	50434.0	143	977.0	1001.0	19454.0	0.0
121	0.0131	94256	94979.0	31765.0	143	886.0	890.0	-18669.0	0.0
122	0.0132	95077	96383.0	32038.0	144	821.0	1404.0	273.0	1.0
123	0.0133	95794	97105.0	32237.0	144	717.0	722.0	199.0	0.0
124	0.0134	97128	97658.0	32432.0	144	1334.0	553.0	195.0	0.0
125	0.0135	97732	98165.0	32627.0	144	604.0	507.0	195.0	0.0
126	0.0136	98215	98609.0	32795.0	145	483.0	444.0	168.0	1.0
127	0.0137	98570	99018.0	32942.0	147	355.0	409.0	147.0	2.0
128	0.0138	98931	99385.0	33048.0	148	361.0	367.0	106.0	1.0
129	0.0139	99257	99706.0	33135.0	148	326.0	321.0	87.0	0.0
130	0.014	99526	99996.0	46312.0	148	269.0	290.0	13177.0	0.0
131	0.0141	99795	100256.0	33385.0	148	269.0	260.0	-12927.0	0.0
132	0.0142	200260	100481.0	33694.0	148	100465.0	225.0	309.0	0.0
133	0.0143	100449	100674.0	33776.0	148	-99811.0	193.0	82.0	0.0
134	0.0144	100630	100857.0	33818.0	148	181.0	183.0	42.0	0.0
135	0.0145	100757	101021.0	33831.0	148	127.0	164.0	13.0	0.0
136	0.0146	100880	101172.0	33853.0	149	123.0	151.0	22.0	1.0
137	0.0147	100994	101302.0	33877.0	149	114.0	130.0	24.0	0.0
138	0.0148	101110	101418.0	33915.0	149	116.0	116.0	38.0	0.0
139	0.0149	101203	101511.0	33949.0	0	93.0	93.0	34.0	-149.0
140	0.015	101312	101600.0	33979.0	149	109.0	89.0	30.0	149.0
141	0.0151	101383	101679.0	34005.0	149	71.0	79.0	26.0	0.0
142	0.0152	101436	101747.0	34022.0	149	53.0	68.0	17.0	0.0
143	0.0153	101472	203667.0	34027.0	300	36.0	101920.0	5.0	151.0
144	0.0154	101565	101908.0	34023.0	0	93.0	-101759.0	-4.0	-300.0
145	0.0155	101580	101951.0	34020.0	151	15.0	43.0	-3.0	151.0
146	0.0156	101636	101981.0	34034.0	151	56.0	30.0	14.0	0.0
147	0.0157	102353	102577.0	34060.0	149	717.0	596.0	26.0	-2.0
148	0.0158	102408	102609.0	34085.0	149	55.0	32.0	25.0	0.0
149	0.0159	102406	102577.0	34104.0	149	-2.0	-32.0	19.0	0.0
150	0.016	102390	102543.0	34122.0	149	-16.0	-34.0	18.0	0.0
151	0.0161	102003	0.0	34097.0	149	-387.0	-102543.0	-25.0	0.0
152	0.0162	100599	102217.0	33861.0	149	-1404.0	102217.0	-236.0	0.0
153	0.0163	100559	100920.0	33578.0	149	-40.0	-1297.0	-283.0	0.0
154	0.0164	100668	100874.0	33585.0	151	109.0	-46.0	7.0	2.0
155	0.0165	100792	101017.0	33612.0	152	124.0	143.0	27.0	1.0
156	0.0166	100925	101145.0	33668.0	151	133.0	128.0	56.0	-1.0
157	0.0167	101072	101273.0	33733.0	151	147.0	128.0	65.0	0.0
158	0.0168	101178	101388.0	33999.0	150	106.0	115.0	266.0	-1.0
159	0.0169	101293	101482.0	34051.0	150	115.0	94.0	52.0	0.0
160	0.017	101342	101556.0	34063.0	150	49.0	74.0	12.0	0.0
161	0.0171	101379	203353.0	34070.0	152	37.0	101797.0	7.0	2.0
162	0.0172	101431	101786.0	34075.0	152	52.0	-101567.0	5.0	0.0
163	0.0173	101495	101842.0	34066.0	152	64.0	56.0	-9.0	0.0
164	0.0174	101558	101898.0	34056.0	152	63.0	56.0	-10.0	0.0
165	0.0175	101570	101949.0	34059.0	152	12.0	51.0	3.0	0.0
166	0.0176	101624	101991.0	34067.0	0	54.0	42.0	8.0	-152.0
167	0.0177	101647	102029.0	34077.0	152	23.0	38.0	10.0	152.0
168	0.0178	101668	102041.0	34088.0	152	21.0	12.0	11.0	0.0
169	0.0179	102347	102629.0	34103.0	299	679.0	588.0	15.0	147.0
