	time	ins	cycle	memory	branchm	ins_d	cycle_d	memory_d	branchm_d
0	0.001	48697.0	63158	12670.0	874.0	0.0	0.0	0.0	0.0
1	0.0011	56551.0	77889	24126.0	1085.0	7854.0	14731.0	11456.0	211.0
2	0.0012	70265.0	44889	17459.0	0.0	13714.0	-33000.0	-6667.0	-1085.0
3	0.0013	42183.0	102398	29283.0	0.0	-28082.0	57509.0	11824.0	0.0
4	0.0014	45935.0	57741	9932.0	926.0	3752.0	-44657.0	-19351.0	926.0
5	0.0015	89034.0	56031	21271.0	0.0	43099.0	-1710.0	11339.0	-926.0
6	0.0016	48057.0	114098	32804.0	0.0	-40977.0	58067.0	11533.0	0.0
7	0.0017	108163.0	62205	18905.0	0.0	60106.0	-51893.0	-13899.0	0.0
8	0.0018	59816.0	65233	41309.0	851.0	-48347.0	3028.0	22404.0	851.0
9	0.0019	129318.0	139887	22211.0	0.0	69502.0	74654.0	-19098.0	-851.0
10	0.002	68896.0	74049	23050.0	0.0	-60422.0	-65838.0	839.0	0.0
11	0.0021	71678.0	76701	38863.0	0.0	2782.0	2652.0	15813.0	0.0
12	0.0022	151004.0	79070	35649.0	775.0	79326.0	2369.0	-3214.0	775.0
13	0.0023	78850.0	164227	26292.0	0.0	-72154.0	85157.0	-9357.0	-775.0
14	0.0024	80844.0	83568	27022.0	0.0	1994.0	-80659.0	730.0	0.0
15	0.0025	82601.0	85027	27579.0	0.0	1757.0	1459.0	557.0	0.0
16	0.0026	84173.0	86455	27972.0	0.0	1572.0	1428.0	393.0	0.0
17	0.0027	85552.0	87742	45884.0	700.0	1379.0	1287.0	17912.0	700.0
18	0.0028	86808.0	88876	29124.0	0.0	1256.0	1134.0	-16760.0	-700.0
19	0.0029	87904.0	89889	29309.0	0.0	1096.0	1013.0	185.0	0.0
20	0.003	178114.0	90224	41460.0	0.0	90210.0	335.0	12151.0	0.0
21	0.0031	90624.0	91480	30392.0	0.0	-87490.0	1256.0	-11068.0	0.0
22	0.0032	91490.0	92247	30541.0	632.0	866.0	767.0	149.0	632.0
23	0.0033	92137.0	92898	30672.0	0.0	647.0	651.0	131.0	-632.0
24	0.0034	92115.0	93461	30770.0	0.0	-22.0	563.0	98.0	0.0
25	0.0035	92676.0	93399	30968.0	0.0	561.0	-62.0	198.0	0.0
26	0.0036	93246.0	93845	31072.0	0.0	570.0	446.0	104.0	0.0
27	0.0037	93749.0	94296	31394.0	571.0	503.0	451.0	322.0	571.0
28	0.0038	94208.0	94698	31570.0	0.0	459.0	402.0	176.0	-571.0
29	0.0039	94014.0	94507	31464.0	0.0	-194.0	-191.0	-106.0	0.0
30	0.004	94390.0	189995	31561.0	0.0	376.0	95488.0	97.0	0.0
31	0.0041	94746.0	95464	31700.0	516.0	356.0	-94531.0	139.0	516.0
32	0.0042	95090.0	0	31755.0	0.0	344.0	-95464.0	55.0	-516.0
33	0.0043	94829.0	191156	31736.0	0.0	-261.0	191156.0	-19.0	0.0
34	0.0044	95092.0	95636	31816.0	0.0	263.0	-95520.0	80.0	0.0
35	0.0045	95417.0	95885	31927.0	468.0	325.0	249.0	111.0	468.0
36	0.0046	95686.0	95564	31885.0	0.0	269.0	-321.0	-42.0	-468.0
37	0.0047	95354.0	95767	31984.0	0.0	-332.0	203.0	99.0	0.0
38	0.0048	95630.0	95994	32165.0	426.0	276.0	227.0	181.0	426.0
39	0.0049	95957.0	96201	32122.0	0.0	327.0	207.0	-43.0	-426.0
40	0.005	95570.0	95844	32120.0	0.0	-387.0	-357.0	-2.0	0.0
41	0.0051	95744.0	95981	32066.0	0.0	174.0	137.0	-54.0	0.0
42	0.0052	95986.0	96172	32134.0	389.0	242.0	191.0	68.0	389.0
43	0.0053	96233.0	95799	32114.0	0.0	247.0	-373.0	-20.0	-389.0
44	0.0054	95314.0	0	31921.0	0.0	-919.0	-95799.0	-193.0	0.0
45	0.0055	93877.0	95600	31796.0	332.0	-1437.0	95600.0	-125.0	332.0
46	0.0056	94080.0	94194	31549.0	0.0	203.0	-1406.0	-247.0	-332.0
47	0.0057	93886.0	93862	31411.0	305.0	-194.0	-332.0	-138.0	305.0
48	0.0058	94234.0	94215	31433.0	0.0	348.0	353.0	22.0	-305.0
49	0.0059	94017.0	94597	31446.0	284.0	-217.0	382.0	13.0	284.0
50	0.006	94404.0	94390	31597.0	0.0	387.0	-207.0	151.0	-284.0
51	0.0061	94239.0	94713	31587.0	0.0	-165.0	323.0	-10.0	0.0
52	0.0062	94569.0	94523	31698.0	264.0	330.0	-190.0	111.0	264.0
53	0.0063	94957.0	94825	31820.0	0.0	388.0	302.0	122.0	-264.0
54	0.0064	94686.0	94614	31705.0	247.0	-271.0	-211.0	-115.0	247.0
55	0.0065	94986.0	94920	31727.0	0.0	300.0	306.0	22.0	-247.0
56	0.0066	94708.0	94702	31705.0	233.0	-278.0	-218.0	-22.0	233.0
57	0.0067	95066.0	94999	31664.0	220.0	358.0	297.0	-41.0	-13.0
58	0.0068	94796.0	94766	31789.0	0.0	-270.0	-233.0	125.0	-220.0
59	0.0069	94481.0	95055	31917.0	209.0	-315.0	289.0	128.0	209.0
60	0.007	94822.0	94819	31694.0	0.0	341.0	-236.0	-223.0	-209.0
61	0.0071	94536.0	95089	31638.0	201.0	-286.0	270.0	-56.0	201.0
62	0.0072	94843.0	94848	31682.0	193.0	307.0	-241.0	44.0	-8.0
63	0.0073	94625.0	94589	31621.0	0.0	-218.0	-259.0	-61.0	-193.0
64	0.0074	94395.0	94884	31808.0	184.0	-230.0	295.0	187.0	184.0
65	0.0075	94766.0	94672	31800.0	177.0	371.0	-212.0	-8.0	-7.0
66	0.0076	94521.0	94404	31676.0	0.0	-245.0	-268.0	-124.0	-177.0
67	0.0077	94252.0	94733	31717.0	170.0	-269.0	329.0	41.0	170.0
68	0.0078	94661.0	94530	31638.0	166.0	409.0	-203.0	-79.0	-4.0
69	0.0079	94423.0	94296	31537.0	162.0	-238.0	-234.0	-101.0	-4.0
70	0.008	94212.0	94630	31537.0	0.0	-211.0	334.0	0.0	-162.0
71	0.0081	93954.0	94435	31586.0	158.0	-258.0	-195.0	49.0	158.0
72	0.0082	94877.0	94215	31640.0	156.0	923.0	-220.0	54.0	-2.0
73	0.0083	94654.0	94415	31722.0	155.0	-223.0	200.0	82.0	-1.0
74	0.0084	94309.0	94220	31508.0	153.0	-345.0	-195.0	-214.0	-2.0
75	0.0085	94055.0	94562	31419.0	152.0	-254.0	342.0	-89.0	-1.0
76	0.0086	93697.0	94328	31400.0	150.0	-358.0	-234.0	-19.0	-2.0
77	0.0087	93438.0	94045	31434.0	150.0	-259.0	-283.0	34.0	0.0
78	0.0088	93231.0	93807	31351.0	0.0	-207.0	-238.0	-83.0	-150.0
79	0.0089	93085.0	93638	31223.0	149.0	-146.0	-169.0	-128.0	149.0
80	0.009	92958.0	93510	31302.0	148.0	-127.0	-128.0	79.0	-1.0
81	0.0091	93497.0	93382	31342.0	147.0	539.0	-128.0	40.0	-1.0
82	0.0092	93372.0	93272	31160.0	146.0	-125.0	-110.0	-182.0	-1.0
83	0.0093	93171.0	93163	31098.0	145.0	-201.0	-109.0	-62.0	-1.0
84	0.0094	93075.0	93625	18878.0	143.0	-96.0	462.0	-12220.0	-2.0
85	0.0095	91521.0	93575	43058.0	141.0	-1554.0	-50.0	24180.0	-2.0
86	0.0096	91383.0	92060	30612.0	0.0	-138.0	-1515.0	-12446.0	-141.0
87	0.0097	91420.0	91932	30735.0	140.0	37.0	-128.0	123.0	140.0
88	0.0098	91456.0	91951	18695.0	139.0	36.0	19.0	-12040.0	-1.0
89	0.0099	91545.0	91985	30772.0	139.0	89.0	34.0	12077.0	0.0
90	0.01	92218.0	92030	42799.0	138.0	673.0	45.0	12027.0	-1.0
91	0.0101	92266.0	92075	30922.0	138.0	48.0	45.0	-11877.0	0.0
92	0.0102	92266.0	92108	30808.0	137.0	0.0	33.0	-114.0	-1.0
93	0.0103	92240.0	92692	30787.0	137.0	-26.0	584.0	-21.0	0.0
94	0.0104	92202.0	92717	30792.0	136.0	-38.0	25.0	5.0	-1.0
95	0.0105	92207.0	92685	30889.0	0.0	5.0	-32.0	97.0	-136.0
96	0.0106	92201.0	92642	31012.0	135.0	-6.0	-43.0	123.0	135.0
97	0.0107	92177.0	92610	30995.0	135.0	-24.0	-32.0	-17.0	0.0
98	0.0108	92170.0	92586	30919.0	135.0	-7.0	-24.0	-76.0	0.0
99	0.0109	92831.0	92565	31033.0	134.0	661.0	-21.0	114.0	-1.0
100	0.011	92207.0	92553	31092.0	136.0	-624.0	-12.0	59.0	2.0
101	0.0111	92729.0	92535	30950.0	136.0	522.0	-18.0	-142.0	0.0
102	0.0112	92704.0	92512	30929.0	136.0	-25.0	-23.0	-21.0	0.0
103	0.0113	92630.0	92490	30910.0	136.0	-74.0	-22.0	-19.0	0.0
104	0.0114	92520.0	92472	30876.0	136.0	-110.0	-18.0	-34.0	0.0
105	0.0115	92449.0	92450	30865.0	135.0	-71.0	-22.0	-11.0	-1.0
106	0.0116	92404.0	92978	18759.0	135.0	-45.0	528.0	-12106.0	0.0
107	0.0117	92358.0	92962	30868.0	135.0	-46.0	-16.0	12109.0	0.0
108	0.0118	92344.0	92911	42922.0	135.0	-14.0	-51.0	12054.0	0.0
109	0.0119	92303.0	92861	31083.0	134.0	-41.0	-50.0	-11839.0	-1.0
110	0.012	92291.0	92804	31079.0	134.0	-12.0	-57.0	-4.0	0.0
111	0.0121	92219.0	92755	31035.0	134.0	-72.0	-49.0	-44.0	0.0
112	0.0122	92165.0	92708	30997.0	0.0	-54.0	-47.0	-38.0	-134.0
113	0.0123	92130.0	92676	30963.0	134.0	-35.0	-32.0	-34.0	134.0
114	0.0124	92640.0	92631	31084.0	134.0	510.0	-45.0	121.0	0.0
115	0.0125	92610.0	93011	31211.0	134.0	-30.0	380.0	127.0	0.0
116	0.0126	92973.0	92980	31263.0	134.0	363.0	-31.0	52.0	0.0
117	0.0127	93560.0	93334	31207.0	134.0	587.0	354.0	-56.0	0.0
118	0.0128	93453.0	93274	31158.0	134.0	-107.0	-60.0	-49.0	0.0
119	0.0129	93300.0	93182	31102.0	134.0	-153.0	-92.0	-56.0	0.0
120	0.013	93095.0	93094	18871.0	135.0	-205.0	-88.0	-12231.0	1.0
121	0.0131	93005.0	93013	43219.0	135.0	-90.0	-81.0	24348.0	0.0
122	0.0132	92910.0	92946	31151.0	135.0	-95.0	-67.0	-12068.0	0.0
123	0.0133	92799.0	92880	18826.0	135.0	-111.0	-66.0	-12325.0	0.0
124	0.0134	0.0	93379	30972.0	135.0	-92799.0	499.0	12146.0	0.0
125	0.0135	92638.0	93254	30416.0	133.0	92638.0	-125.0	-556.0	-2.0
126	0.0136	90942.0	91222	30252.0	0.0	-1696.0	-2032.0	-164.0	-133.0
127	0.0137	90436.0	91125	30316.0	133.0	-506.0	-97.0	64.0	133.0
128	0.0138	90500.0	91228	30582.0	132.0	64.0	103.0	266.0	-1.0
129	0.0139	90639.0	91332	30609.0	132.0	139.0	104.0	27.0	0.0
130	0.014	90768.0	90456	30306.0	132.0	129.0	-876.0	-303.0	0.0
131	0.0141	181641.0	91490	42814.0	133.0	90873.0	1034.0	12508.0	1.0
132	0.0142	92503.0	92634	31057.0	134.0	-89138.0	1144.0	-11757.0	1.0
133	0.0143	93489.0	93685	31508.0	135.0	986.0	1051.0	451.0	1.0
134	0.0144	94388.0	94623	31895.0	135.0	899.0	938.0	387.0	0.0
135	0.0145	95915.0	191660	32035.0	272.0	1527.0	97037.0	140.0	137.0
136	0.0146	96637.0	96868	32245.0	138.0	722.0	-94792.0	210.0	-134.0
137	0.0147	97213.0	97466	32444.0	139.0	576.0	598.0	199.0	1.0
138	0.0148	97736.0	98000	32622.0	0.0	523.0	534.0	178.0	-139.0
139	0.0149	98243.0	98460	32727.0	139.0	507.0	460.0	105.0	139.0
140	0.015	98695.0	99453	33024.0	139.0	452.0	993.0	297.0	0.0
141	0.0151	99114.0	99828	33265.0	139.0	419.0	375.0	241.0	0.0
142	0.0152	99433.0	100095	33253.0	140.0	319.0	267.0	-12.0	1.0
143	0.0153	99700.0	100333	33324.0	141.0	267.0	238.0	71.0	1.0
144	0.0154	99982.0	100542	33419.0	141.0	282.0	209.0	95.0	0.0
145	0.0155	100229.0	100739	33511.0	141.0	247.0	197.0	92.0	0.0
146	0.0156	100442.0	100908	54309.0	141.0	213.0	169.0	20798.0	0.0
147	0.0157	100658.0	101054	13227.0	141.0	216.0	146.0	-41082.0	0.0
148	0.0158	100845.0	101184	34097.0	141.0	187.0	130.0	20870.0	0.0
149	0.0159	101016.0	101302	34011.0	141.0	171.0	118.0	-86.0	0.0
150	0.016	101135.0	101412	34010.0	141.0	119.0	110.0	-1.0	0.0
151	0.0161	101236.0	101509	34022.0	141.0	101.0	97.0	12.0	0.0
152	0.0162	101348.0	101600	34038.0	140.0	112.0	91.0	16.0	-1.0
153	0.0163	102089.0	101675	34066.0	140.0	741.0	75.0	28.0	0.0
154	0.0164	102172.0	101721	54816.0	140.0	83.0	46.0	20750.0	0.0
155	0.0165	102198.0	101777	34185.0	140.0	26.0	56.0	-20631.0	0.0
156	0.0166	102279.0	101844	34203.0	140.0	81.0	67.0	18.0	0.0
157	0.0167	102297.0	102467	34184.0	140.0	18.0	623.0	-19.0	0.0
158	0.0168	102307.0	102501	34198.0	140.0	10.0	34.0	14.0	0.0
159	0.0169	102326.0	102488	34210.0	0.0	19.0	-13.0	12.0	-140.0
160	0.017	102340.0	102468	34205.0	280.0	14.0	-20.0	-5.0	280.0
161	0.0171	102327.0	102452	34202.0	0.0	-13.0	-16.0	-3.0	-280.0
162	0.0172	102327.0	102439	34204.0	141.0	0.0	-13.0	2.0	141.0
163	0.0173	102343.0	102424	34218.0	141.0	16.0	-15.0	14.0	0.0
164	0.0174	102386.0	102414	13388.0	139.0	43.0	-10.0	-20830.0	-2.0
165	0.0175	102111.0	102097	34200.0	138.0	-275.0	-317.0	20812.0	-1.0
166	0.0176	100725.0	100759	34019.0	138.0	-1386.0	-1338.0	-181.0	0.0
167	0.0177	100728.0	100772	33906.0	138.0	3.0	13.0	-113.0	0.0
168	0.0178	100924.0	100923	33930.0	138.0	196.0	151.0	24.0	0.0
169	0.0179	101045.0	101055	33956.0	140.0	121.0	132.0	26.0	2.0
170	0.018	101121.0	101184	33977.0	140.0	76.0	129.0	21.0	0.0
171	0.0181	101229.0	101307	54653.0	283.0	108.0	123.0	20676.0	143.0
