	time	ins	cycle	memory	branchm	ins_d	cycle_d	memory_d	branchm_d
0	0.001	56383.0	71553.0	11568.0	0.0	0.0	0.0	0.0	0.0
1	0.0011	125254.0	40573.0	20794.0	1212.0	68871.0	-30980.0	9226.0	1212.0
2	0.0012	165365.0	87657.0	29157.0	0.0	40111.0	47084.0	8363.0	-1212.0
3	0.0013	211699.0	106974.0	32173.0	1128.0	46334.0	19317.0	3016.0	1128.0
4	0.0014	120716.0	59162.0	44293.0	0.0	-90983.0	-47812.0	12120.0	-1128.0
5	0.0015	270814.0	129426.0	24648.0	1052.0	150098.0	70264.0	-19645.0	1052.0
6	0.0016	147478.0	69569.0	25736.0	0.0	-123336.0	-59857.0	1088.0	-1052.0
7	0.0017	154885.0	72700.0	55457.0	988.0	7407.0	3131.0	29721.0	988.0
8	0.0018	326962.0	74871.0	29513.0	0.0	172077.0	2171.0	-25944.0	-988.0
9	0.0019	171269.0	155058.0	30110.0	939.0	-155693.0	80187.0	597.0	939.0
10	0.002	175507.0	80440.0	31117.0	894.0	4238.0	-74618.0	1007.0	-45.0
11	0.0021	178684.0	81760.0	31625.0	0.0	3177.0	1320.0	508.0	-894.0
12	0.0022	182231.0	83491.0	58088.0	856.0	3547.0	1731.0	26463.0	856.0
13	0.0023	184537.0	84510.0	33409.0	823.0	2306.0	1019.0	-24679.0	-33.0
14	0.0024	186706.0	85344.0	40948.0	0.0	2169.0	834.0	7539.0	-823.0
15	0.0025	189256.0	86656.0	34370.0	794.0	2550.0	1312.0	-6578.0	794.0
16	0.0026	383176.0	87316.0	27337.0	768.0	193920.0	660.0	-7033.0	-26.0
17	0.0027	194280.0	87860.0	42229.0	745.0	-188896.0	544.0	14892.0	-23.0
18	0.0028	195351.0	88892.0	35198.0	724.0	1071.0	1032.0	-7031.0	-21.0
19	0.0029	196362.0	89306.0	35681.0	0.0	1011.0	414.0	483.0	-724.0
20	0.003	196622.0	89643.0	35804.0	712.0	260.0	337.0	123.0	712.0
21	0.0031	198575.0	89933.0	35725.0	697.0	1953.0	290.0	-79.0	-15.0
22	0.0032	199327.0	181140.0	35928.0	683.0	752.0	91207.0	203.0	-14.0
23	0.0033	199360.0	91153.0	36088.0	674.0	33.0	-89987.0	160.0	-9.0
24	0.0034	199577.0	91281.0	36134.0	668.0	217.0	128.0	46.0	-6.0
25	0.0035	200101.0	91381.0	36277.0	659.0	524.0	100.0	143.0	-9.0
26	0.0036	200251.0	91477.0	36427.0	653.0	150.0	96.0	150.0	-6.0
27	0.0037	200130.0	91537.0	36420.0	647.0	-121.0	60.0	-7.0	-6.0
28	0.0038	200524.0	91619.0	36264.0	0.0	394.0	82.0	-156.0	-647.0
29	0.0039	200780.0	91714.0	36393.0	646.0	256.0	95.0	129.0	646.0
30	0.004	201967.0	92318.0	28922.0	636.0	1187.0	604.0	-7471.0	-10.0
31	0.0041	202073.0	92340.0	36372.0	633.0	106.0	22.0	7450.0	-3.0
32	0.0042	196543.0	0.0	35347.0	619.0	-5530.0	-92340.0	-1025.0	-14.0
33	0.0043	192258.0	90419.0	34735.0	607.0	-4285.0	90419.0	-612.0	-12.0
34	0.0044	192520.0	88578.0	34887.0	607.0	262.0	-1841.0	152.0	0.0
35	0.0045	193769.0	88748.0	42050.0	607.0	1249.0	170.0	7163.0	0.0
36	0.0046	194487.0	178530.0	27828.0	602.0	718.0	89782.0	-14222.0	-5.0
37	0.0047	194931.0	89713.0	35569.0	605.0	444.0	-88817.0	7741.0	3.0
38	0.0048	196017.0	89987.0	42759.0	606.0	1086.0	274.0	7190.0	1.0
39	0.0049	196635.0	90238.0	35711.0	604.0	618.0	251.0	-7048.0	-2.0
40	0.005	196942.0	90459.0	28473.0	606.0	307.0	221.0	-7238.0	2.0
41	0.0051	197668.0	90660.0	43121.0	607.0	726.0	201.0	14648.0	1.0
42	0.0052	198282.0	90843.0	35894.0	607.0	614.0	183.0	-7227.0	0.0
43	0.0053	198390.0	90981.0	28625.0	606.0	108.0	138.0	-7269.0	-1.0
44	0.0054	198841.0	91131.0	43379.0	610.0	451.0	150.0	14754.0	4.0
45	0.0055	199436.0	91265.0	36040.0	610.0	595.0	134.0	-7339.0	0.0
46	0.0056	199510.0	91375.0	36255.0	608.0	74.0	110.0	215.0	-2.0
47	0.0057	199713.0	91476.0	36249.0	610.0	203.0	101.0	-6.0	2.0
48	0.0058	200335.0	91563.0	36103.0	611.0	622.0	87.0	-146.0	1.0
49	0.0059	200514.0	91655.0	36280.0	611.0	179.0	92.0	177.0	0.0
50	0.006	200412.0	91728.0	28884.0	606.0	-102.0	73.0	-7396.0	-5.0
51	0.0061	200855.0	91781.0	43777.0	613.0	443.0	53.0	14893.0	7.0
52	0.0062	202509.0	91829.0	36350.0	613.0	1654.0	48.0	-7427.0	0.0
53	0.0063	201048.0	91876.0	36601.0	608.0	-1461.0	47.0	251.0	-5.0
54	0.0064	201047.0	91906.0	28845.0	612.0	-1.0	30.0	-7756.0	4.0
55	0.0065	201420.0	91966.0	43862.0	613.0	373.0	60.0	15017.0	1.0
56	0.0066	202649.0	91992.0	36497.0	613.0	1229.0	26.0	-7365.0	0.0
57	0.0067	201294.0	92005.0	28981.0	608.0	-1355.0	13.0	-7516.0	-5.0
58	0.0068	201436.0	92005.0	36537.0	614.0	142.0	0.0	7556.0	6.0
59	0.0069	202867.0	92584.0	43870.0	614.0	1431.0	579.0	7333.0	0.0
60	0.007	202613.0	92077.0	36724.0	606.0	-254.0	-507.0	-7146.0	-8.0
61	0.0071	202699.0	92055.0	28826.0	606.0	86.0	-22.0	-7898.0	0.0
62	0.0072	203010.0	92076.0	36642.0	611.0	311.0	21.0	7816.0	5.0
63	0.0073	204098.0	92646.0	36487.0	611.0	1088.0	570.0	-155.0	0.0
64	0.0074	203881.0	92657.0	36613.0	605.0	-217.0	11.0	126.0	-6.0
65	0.0075	204125.0	92126.0	36668.0	611.0	244.0	-531.0	55.0	6.0
66	0.0076	203961.0	92613.0	36570.0	613.0	-164.0	487.0	-98.0	2.0
67	0.0077	203478.0	92638.0	36564.0	611.0	-483.0	25.0	-6.0	-2.0
68	0.0078	203451.0	92595.0	36505.0	607.0	-27.0	-43.0	-59.0	-4.0
69	0.0079	203584.0	93115.0	36590.0	614.0	133.0	520.0	85.0	7.0
70	0.008	203311.0	92594.0	36557.0	615.0	-273.0	-521.0	-33.0	1.0
71	0.0081	202961.0	92504.0	36626.0	0.0	-350.0	-90.0	69.0	-615.0
72	0.0082	202896.0	92861.0	36527.0	1211.0	-65.0	357.0	-99.0	1211.0
73	0.0083	200011.0	91580.0	36434.0	0.0	-2885.0	-1281.0	-93.0	-1211.0
74	0.0084	199538.0	91001.0	35943.0	607.0	-473.0	-579.0	-491.0	607.0
75	0.0085	199884.0	91628.0	35808.0	604.0	346.0	627.0	-135.0	-3.0
76	0.0086	198262.0	90802.0	35674.0	597.0	-1622.0	-826.0	-134.0	-7.0
77	0.0087	198212.0	90848.0	35709.0	600.0	-50.0	46.0	35.0	3.0
78	0.0088	198516.0	90992.0	35767.0	601.0	304.0	144.0	58.0	1.0
79	0.0089	199183.0	91123.0	35872.0	600.0	667.0	131.0	105.0	-1.0
80	0.009	199407.0	91249.0	35956.0	603.0	224.0	126.0	84.0	3.0
81	0.0091	199441.0	91335.0	35965.0	603.0	34.0	86.0	9.0	0.0
82	0.0092	199991.0	91432.0	36199.0	603.0	550.0	97.0	234.0	0.0
83	0.0093	200199.0	91523.0	36210.0	600.0	208.0	91.0	11.0	-3.0
84	0.0094	200103.0	91592.0	36085.0	606.0	-96.0	69.0	-125.0	6.0
85	0.0095	200366.0	91646.0	36248.0	607.0	263.0	54.0	163.0	1.0
86	0.0096	200841.0	91713.0	36536.0	602.0	475.0	67.0	288.0	-5.0
87	0.0097	200842.0	91779.0	36331.0	607.0	1.0	66.0	-205.0	5.0
88	0.0098	200839.0	91807.0	36403.0	608.0	-3.0	28.0	72.0	1.0
89	0.0099	201337.0	91853.0	36456.0	608.0	498.0	46.0	53.0	0.0
90	0.01	201386.0	91888.0	36672.0	602.0	49.0	35.0	216.0	-6.0
91	0.0101	202188.0	92311.0	36791.0	614.0	802.0	423.0	119.0	12.0
92	0.0102	202417.0	92331.0	36630.0	615.0	229.0	20.0	-161.0	1.0
93	0.0103	202633.0	92335.0	36734.0	609.0	216.0	4.0	104.0	-6.0
94	0.0104	202346.0	92331.0	37012.0	609.0	-287.0	-4.0	278.0	0.0
95	0.0105	202323.0	92321.0	36820.0	613.0	-23.0	-10.0	-192.0	4.0
96	0.0106	202617.0	92313.0	36622.0	610.0	294.0	-8.0	-198.0	-3.0
97	0.0107	202561.0	92328.0	36911.0	608.0	-56.0	15.0	289.0	-2.0
98	0.0108	202211.0	92328.0	36902.0	615.0	-350.0	0.0	-9.0	7.0
99	0.0109	202445.0	92325.0	36522.0	615.0	234.0	-3.0	-380.0	0.0
100	0.011	202686.0	92331.0	36617.0	610.0	241.0	6.0	95.0	-5.0
101	0.0111	202236.0	92312.0	36937.0	610.0	-450.0	-19.0	320.0	0.0
102	0.0112	202160.0	92277.0	36707.0	611.0	-76.0	-35.0	-230.0	1.0
103	0.0113	202448.0	92280.0	36707.0	611.0	288.0	3.0	0.0	0.0
104	0.0114	202376.0	92294.0	36817.0	609.0	-72.0	14.0	110.0	-2.0
105	0.0115	202096.0	92286.0	36817.0	611.0	-280.0	-8.0	0.0	2.0
106	0.0116	202348.0	92284.0	36559.0	611.0	252.0	-2.0	-258.0	0.0
107	0.0117	202431.0	92265.0	36677.0	611.0	83.0	-19.0	118.0	0.0
108	0.0118	202175.0	92279.0	36848.0	606.0	-256.0	14.0	171.0	-5.0
109	0.0119	202189.0	92295.0	36667.0	613.0	14.0	16.0	-181.0	7.0
110	0.012	202460.0	92295.0	36578.0	613.0	271.0	0.0	-89.0	0.0
111	0.0121	202235.0	92287.0	36673.0	611.0	-225.0	-8.0	95.0	-2.0
112	0.0122	201948.0	0.0	29137.0	600.0	-287.0	-92287.0	-7536.0	-11.0
113	0.0123	196221.0	92252.0	36415.0	598.0	-5727.0	92252.0	7278.0	-2.0
114	0.0124	198305.0	180487.0	42965.0	604.0	2084.0	88235.0	6550.0	6.0
115	0.0125	200593.0	91899.0	36224.0	609.0	2288.0	-88588.0	-6741.0	5.0
116	0.0126	203242.0	93024.0	36506.0	619.0	2649.0	1125.0	282.0	10.0
117	0.0127	205674.0	94007.0	36889.0	626.0	2432.0	983.0	383.0	7.0
118	0.0128	207494.0	94917.0	67353.0	629.0	1820.0	910.0	30464.0	3.0
119	0.0129	209140.0	95708.0	37926.0	635.0	1646.0	791.0	-29427.0	6.0
120	0.013	211052.0	96407.0	38047.0	640.0	1912.0	699.0	121.0	5.0
121	0.0131	214112.0	97059.0	38539.0	644.0	3060.0	652.0	492.0	4.0
122	0.0132	213828.0	97629.0	38898.0	645.0	-284.0	570.0	359.0	1.0
123	0.0133	214823.0	98136.0	38943.0	649.0	995.0	507.0	45.0	4.0
124	0.0134	216251.0	98601.0	38961.0	653.0	1428.0	465.0	18.0	4.0
125	0.0135	218675.0	98999.0	39315.0	656.0	2424.0	398.0	354.0	3.0
126	0.0136	436340.0	99358.0	39601.0	656.0	217665.0	359.0	286.0	0.0
127	0.0137	219456.0	99662.0	39577.0	656.0	-216884.0	304.0	-24.0	0.0
128	0.0138	221579.0	99957.0	39599.0	661.0	2123.0	295.0	22.0	5.0
129	0.0139	221821.0	100226.0	39674.0	663.0	242.0	269.0	75.0	2.0
130	0.014	220740.0	100445.0	39962.0	663.0	-1081.0	219.0	288.0	0.0
131	0.0141	221158.0	100637.0	39957.0	1329.0	418.0	192.0	-5.0	666.0
132	0.0142	221729.0	100806.0	40039.0	667.0	571.0	169.0	82.0	-662.0
133	0.0143	223451.0	100961.0	39932.0	0.0	1722.0	155.0	-107.0	-667.0
134	0.0144	223427.0	101658.0	40091.0	668.0	-24.0	697.0	159.0	668.0
135	0.0145	223583.0	101772.0	40300.0	1335.0	156.0	114.0	209.0	667.0
136	0.0146	222656.0	101325.0	40294.0	671.0	-927.0	-447.0	-6.0	-664.0
137	0.0147	224310.0	101370.0	40275.0	672.0	1654.0	45.0	-19.0	1.0
138	0.0148	224400.0	101470.0	40209.0	0.0	90.0	100.0	-66.0	-672.0
139	0.0149	224259.0	102115.0	40355.0	672.0	-141.0	645.0	146.0	672.0
140	0.015	224299.0	102173.0	40433.0	1342.0	40.0	58.0	78.0	670.0
141	0.0151	224600.0	101661.0	40420.0	674.0	301.0	-512.0	-13.0	-668.0
142	0.0152	224641.0	101655.0	40408.0	675.0	41.0	-6.0	-12.0	1.0
143	0.0153	224394.0	101692.0	40348.0	0.0	-247.0	37.0	-60.0	-675.0
144	0.0154	224261.0	102302.0	40470.0	675.0	-133.0	610.0	122.0	675.0
145	0.0155	224428.0	102353.0	40448.0	674.0	167.0	51.0	-22.0	-1.0
146	0.0156	224629.0	101793.0	40496.0	1349.0	201.0	-560.0	48.0	675.0
147	0.0157	224676.0	101763.0	40437.0	0.0	47.0	-30.0	-59.0	-1349.0
148	0.0158	224388.0	102383.0	40433.0	676.0	-288.0	620.0	-4.0	676.0
149	0.0159	224271.0	102419.0	40529.0	676.0	-117.0	36.0	96.0	0.0
150	0.016	224507.0	102398.0	40449.0	675.0	236.0	-21.0	-80.0	-1.0
151	0.0161	226226.0	102382.0	40564.0	672.0	1719.0	-16.0	115.0	-3.0
152	0.0162	224489.0	101850.0	40443.0	676.0	-1737.0	-532.0	-121.0	4.0
153	0.0163	221060.0	102197.0	39886.0	669.0	-3429.0	347.0	-557.0	-7.0
154	0.0164	221005.0	100866.0	39869.0	669.0	-55.0	-1331.0	-17.0	0.0
155	0.0165	222900.0	100836.0	39902.0	664.0	1895.0	-30.0	33.0	-5.0
156	0.0166	223229.0	100887.0	40006.0	667.0	329.0	51.0	104.0	3.0
157	0.0167	221923.0	100992.0	40021.0	674.0	-1306.0	105.0	15.0	7.0
158	0.0168	221867.0	101122.0	40089.0	675.0	-56.0	130.0	68.0	1.0
159	0.0169	223727.0	101246.0	40050.0	671.0	1860.0	124.0	-39.0	-4.0
160	0.017	224147.0	101349.0	40175.0	669.0	420.0	103.0	125.0	-2.0
161	0.0171	224249.0	101413.0	40262.0	672.0	102.0	64.0	87.0	3.0
162	0.0172	224055.0	101501.0	40236.0	674.0	-194.0	88.0	-26.0	2.0
163	0.0173	223953.0	101587.0	40270.0	675.0	-102.0	86.0	34.0	1.0
164	0.0174	224167.0	101650.0	40247.0	674.0	214.0	63.0	-23.0	-1.0
165	0.0175	224466.0	101700.0	40355.0	670.0	299.0	50.0	108.0	-4.0
166	0.0176	224428.0	102331.0	40404.0	677.0	-38.0	631.0	49.0	7.0
167	0.0177	224266.0	101871.0	40362.0	677.0	-162.0	-460.0	-42.0	0.0
168	0.0178	224302.0	101856.0	40303.0	677.0	36.0	-15.0	-59.0	0.0
169	0.0179	224650.0	101890.0	40404.0	672.0	348.0	34.0	101.0	-5.0
170	0.018	224810.0	102482.0	40476.0	672.0	160.0	592.0	72.0	0.0
171	0.0181	224497.0	102511.0	40492.0	675.0	-313.0	29.0	16.0	3.0
172	0.0182	224346.0	102483.0	40456.0	675.0	-151.0	-28.0	-36.0	0.0
173	0.0183	224482.0	102461.0	40379.0	675.0	136.0	-22.0	-77.0	0.0
174	0.0184	224828.0	102439.0	40481.0	673.0	346.0	-22.0	102.0	-2.0
175	0.0185	224887.0	102412.0	40551.0	673.0	59.0	-27.0	70.0	0.0
176	0.0186	224568.0	102370.0	40560.0	674.0	-319.0	-42.0	9.0	1.0
177	0.0187	224425.0	102351.0	40468.0	674.0	-143.0	-19.0	-92.0	0.0
178	0.0188	224596.0	102325.0	40622.0	674.0	171.0	-26.0	154.0	0.0
179	0.0189	224881.0	102307.0	40549.0	673.0	285.0	-18.0	-73.0	-1.0
180	0.019	224782.0	102292.0	40597.0	674.0	-99.0	-15.0	48.0	1.0
181	0.0191	224518.0	102280.0	40572.0	675.0	-264.0	-12.0	-25.0	1.0
182	0.0192	224427.0	102266.0	40395.0	675.0	-91.0	-14.0	-177.0	0.0
183	0.0193	224705.0	102260.0	40648.0	675.0	278.0	-6.0	253.0	0.0
184	0.0194	224934.0	102261.0	40592.0	674.0	229.0	1.0	-56.0	-1.0
185	0.0195	224821.0	102257.0	40630.0	675.0	-113.0	-4.0	38.0	1.0
186	0.0196	224554.0	102250.0	40535.0	676.0	-267.0	-7.0	-95.0	1.0
187	0.0197	224477.0	102239.0	40526.0	676.0	-77.0	-11.0	-9.0	0.0
188	0.0198	224687.0	102235.0	40650.0	676.0	210.0	-4.0	124.0	0.0
189	0.0199	224889.0	102239.0	40579.0	674.0	202.0	4.0	-71.0	-2.0
190	0.02	224712.0	102226.0	40640.0	676.0	-177.0	-13.0	61.0	2.0
191	0.0201	224514.0	102226.0	32227.0	677.0	-198.0	0.0	-8413.0	1.0
192	0.0202	224419.0	102220.0	40533.0	666.0	-95.0	-6.0	8306.0	-11.0
193	0.0203	220716.0	102166.0	48011.0	665.0	-3703.0	-54.0	7478.0	-1.0
194	0.0204	220766.0	100464.0	31711.0	664.0	50.0	-1702.0	-16300.0	-1.0
195	0.0205	0.0	100449.0	39998.0	660.0	-220766.0	-15.0	8287.0	-4.0
196	0.0206	440668.0	100618.0	39666.0	667.0	440668.0	169.0	-332.0	7.0
197	0.0207	222427.0	100258.0	48238.0	675.0	-218241.0	-360.0	8572.0	8.0
198	0.0208	225279.0	101369.0	40671.0	680.0	2852.0	1111.0	-7567.0	5.0
199	0.0209	227554.0	206161.0	41190.0	680.0	2275.0	104792.0	519.0	0.0
200	0.021	229457.0	104564.0	41827.0	693.0	1903.0	-101597.0	637.0	13.0
201	0.0211	231294.0	105397.0	41734.0	699.0	1837.0	833.0	-93.0	6.0
202	0.0212	233240.0	106151.0	42008.0	703.0	1946.0	754.0	274.0	4.0
203	0.0213	234940.0	106827.0	33604.0	7744.0	1700.0	676.0	-8404.0	7041.0
