	time	ins	cycle	memory	branchm	ins_d	cycle_d	memory_d	branchm_d
0	0.001	50938.0	49789	19275.0	0.0	0.0	0.0	0.0	0.0
1	0.0011	58414.0	73734	11546.0	998.0	7476.0	23945.0	-7729.0	998.0
2	0.0012	161305.0	40470	25435.0	0.0	102891.0	-33264.0	13889.0	-998.0
3	0.0013	181703.0	93675	28138.0	961.0	20398.0	53205.0	2703.0	961.0
4	0.0014	227723.0	111572	40312.0	904.0	46020.0	17897.0	12174.0	-57.0
5	0.0015	127413.0	61853	42062.0	0.0	-100310.0	-49719.0	1750.0	-904.0
6	0.0016	282932.0	65002	25472.0	857.0	155519.0	3149.0	-16590.0	857.0
7	0.0017	152002.0	138743	32572.0	822.0	-130930.0	73741.0	7100.0	-35.0
8	0.0018	156733.0	73265	28027.0	0.0	4731.0	-65478.0	-4545.0	-822.0
9	0.0019	162960.0	75905	52250.0	789.0	6227.0	2640.0	24223.0	789.0
10	0.002	337160.0	77674	30757.0	764.0	174200.0	1769.0	-21493.0	-25.0
11	0.0021	176937.0	79206	31095.0	739.0	-160223.0	1532.0	338.0	-25.0
12	0.0022	178161.0	163643	32138.0	0.0	1224.0	84437.0	1043.0	-739.0
13	0.0023	180797.0	83481	39475.0	723.0	2636.0	-80162.0	7337.0	723.0
14	0.0024	185822.0	85017	33153.0	706.0	5025.0	1536.0	-6322.0	-17.0
15	0.0025	186374.0	85868	60336.0	694.0	552.0	851.0	27183.0	-12.0
16	0.0026	188151.0	86555	34118.0	687.0	1777.0	687.0	-26218.0	-7.0
17	0.0027	190598.0	87152	34552.0	672.0	2447.0	597.0	434.0	-15.0
18	0.0028	191793.0	87704	34722.0	660.0	1195.0	552.0	170.0	-12.0
19	0.0029	193237.0	88764	34790.0	657.0	1444.0	1060.0	68.0	-3.0
20	0.003	195203.0	89777	35067.0	651.0	1966.0	1013.0	277.0	-6.0
21	0.0031	195987.0	89585	35419.0	0.0	784.0	-192.0	352.0	-651.0
22	0.0032	196954.0	89845	35448.0	648.0	967.0	260.0	29.0	648.0
23	0.0033	197343.0	90673	35715.0	643.0	389.0	828.0	267.0	-5.0
24	0.0034	197685.0	90910	35808.0	640.0	342.0	237.0	93.0	-3.0
25	0.0035	198484.0	90557	35809.0	639.0	799.0	-353.0	1.0	-1.0
26	0.0036	397668.0	91261	35920.0	638.0	199184.0	704.0	111.0	-1.0
27	0.0037	200784.0	91417	35985.0	631.0	-196884.0	156.0	65.0	-7.0
28	0.0038	201212.0	90986	36144.0	626.0	428.0	-431.0	159.0	-5.0
29	0.0039	201021.0	91075	36078.0	626.0	-191.0	89.0	-66.0	0.0
30	0.004	201106.0	92354	36047.0	626.0	85.0	1279.0	-31.0	0.0
31	0.0041	201408.0	92449	36256.0	620.0	302.0	95.0	209.0	-6.0
32	0.0042	201428.0	92446	36263.0	624.0	20.0	-3.0	7.0	4.0
33	0.0043	201234.0	92434	36268.0	624.0	-194.0	-12.0	5.0	0.0
34	0.0044	201703.0	92412	36323.0	619.0	469.0	-22.0	55.0	-5.0
35	0.0045	201825.0	92405	28778.0	613.0	122.0	-7.0	-7545.0	-6.0
36	0.0046	201600.0	92401	44200.0	619.0	-225.0	-4.0	15422.0	6.0
37	0.0047	201814.0	92385	36657.0	619.0	214.0	-16.0	-7543.0	0.0
38	0.0048	202067.0	92387	36909.0	615.0	253.0	2.0	252.0	-4.0
39	0.0049	0.0	92377	29061.0	615.0	-202067.0	-10.0	-7848.0	0.0
40	0.005	200007.0	91760	36455.0	609.0	200007.0	-617.0	7394.0	-6.0
41	0.0051	196356.0	90138	35640.0	606.0	-3651.0	-1622.0	-815.0	-3.0
42	0.0052	196688.0	90190	35836.0	604.0	332.0	52.0	196.0	-2.0
43	0.0053	197058.0	90365	36020.0	611.0	370.0	175.0	184.0	7.0
44	0.0054	197214.0	90546	35754.0	612.0	156.0	181.0	-266.0	1.0
45	0.0055	197947.0	90730	35911.0	607.0	733.0	184.0	157.0	-5.0
46	0.0056	397109.0	90922	36228.0	607.0	199162.0	192.0	317.0	0.0
47	0.0057	199027.0	91086	36065.0	612.0	-198082.0	164.0	-163.0	5.0
48	0.0058	199648.0	91217	36044.0	609.0	621.0	131.0	-21.0	-3.0
49	0.0059	199635.0	91339	36316.0	607.0	-13.0	122.0	272.0	-2.0
50	0.006	199755.0	91442	36381.0	614.0	120.0	103.0	65.0	7.0
51	0.0061	200256.0	91536	36125.0	615.0	501.0	94.0	-256.0	1.0
52	0.0062	200403.0	91627	36269.0	610.0	147.0	91.0	144.0	-5.0
53	0.0063	200339.0	91716	36520.0	609.0	-64.0	89.0	251.0	-1.0
54	0.0064	200835.0	91792	36347.0	616.0	496.0	76.0	-173.0	7.0
55	0.0065	201071.0	91862	36273.0	614.0	236.0	70.0	-74.0	-2.0
56	0.0066	200841.0	91921	36506.0	611.0	-230.0	59.0	233.0	-3.0
57	0.0067	201031.0	91954	36480.0	617.0	190.0	33.0	-26.0	6.0
58	0.0068	201401.0	91977	36328.0	618.0	370.0	23.0	-152.0	1.0
59	0.0069	201277.0	92018	36413.0	0.0	-124.0	41.0	85.0	-618.0
60	0.007	201216.0	92067	36643.0	1226.0	-61.0	49.0	230.0	1226.0
61	0.0071	201682.0	92109	36511.0	619.0	466.0	42.0	-132.0	-607.0
62	0.0072	203094.0	92135	36338.0	0.0	1412.0	26.0	-173.0	-619.0
63	0.0073	201684.0	92165	36581.0	619.0	-1410.0	30.0	243.0	619.0
64	0.0074	201766.0	92205	36586.0	613.0	82.0	40.0	5.0	-6.0
65	0.0075	203460.0	92227	36557.0	610.0	1694.0	22.0	-29.0	-3.0
66	0.0076	204684.0	92230	36507.0	614.0	1224.0	3.0	-50.0	4.0
67	0.0077	203303.0	92238	36766.0	610.0	-1381.0	8.0	259.0	-4.0
68	0.0078	203354.0	92248	36660.0	609.0	51.0	10.0	-106.0	-1.0
69	0.0079	204568.0	92256	36485.0	616.0	1214.0	8.0	-175.0	7.0
70	0.008	204199.0	92256	36600.0	616.0	-369.0	0.0	115.0	0.0
71	0.0081	202842.0	92260	36681.0	611.0	-1357.0	4.0	81.0	-5.0
72	0.0082	204196.0	92237	36642.0	611.0	1354.0	-23.0	-39.0	0.0
73	0.0083	203897.0	92247	36516.0	616.0	-299.0	10.0	-126.0	5.0
74	0.0084	203617.0	92795	36692.0	616.0	-280.0	548.0	176.0	0.0
75	0.0085	203788.0	92286	36679.0	610.0	171.0	-509.0	-13.0	-6.0
76	0.0086	203630.0	92241	36603.0	616.0	-158.0	-45.0	-76.0	6.0
77	0.0087	203171.0	92240	36561.0	617.0	-459.0	-1.0	-42.0	1.0
78	0.0088	203190.0	92782	36551.0	616.0	19.0	542.0	-10.0	-1.0
79	0.0089	203098.0	92271	36647.0	611.0	-92.0	-511.0	96.0	-5.0
80	0.009	0.0	92214	36432.0	607.0	-203098.0	-57.0	-215.0	-4.0
81	0.0091	398981.0	91230	35978.0	607.0	398981.0	-984.0	-454.0	0.0
82	0.0092	199819.0	91222	35982.0	603.0	-199162.0	-8.0	4.0	-4.0
83	0.0093	200074.0	91878	36065.0	610.0	255.0	656.0	83.0	7.0
84	0.0094	200027.0	91569	36105.0	611.0	-47.0	-309.0	40.0	1.0
85	0.0095	200400.0	91551	36126.0	611.0	373.0	-18.0	21.0	0.0
86	0.0096	201859.0	92039	36465.0	605.0	1459.0	488.0	339.0	-6.0
87	0.0097	201708.0	92640	36407.0	612.0	-151.0	601.0	-58.0	7.0
88	0.0098	201771.0	92662	36475.0	617.0	63.0	22.0	68.0	5.0
89	0.0099	202183.0	92135	36683.0	612.0	412.0	-527.0	208.0	-5.0
90	0.01	202171.0	92658	28924.0	612.0	-12.0	523.0	-7759.0	0.0
91	0.0101	201933.0	92678	44122.0	613.0	-238.0	20.0	15198.0	1.0
92	0.0102	202236.0	92640	36573.0	613.0	303.0	-38.0	-7549.0	0.0
93	0.0103	202340.0	92618	36733.0	611.0	104.0	-22.0	160.0	-2.0
94	0.0104	202018.0	92587	28969.0	614.0	-322.0	-31.0	-7764.0	3.0
95	0.0105	202018.0	92562	44053.0	615.0	0.0	-25.0	15084.0	1.0
96	0.0106	202297.0	92544	36618.0	613.0	279.0	-18.0	-7435.0	-2.0
97	0.0107	202149.0	92507	29102.0	613.0	-148.0	-37.0	-7516.0	0.0
98	0.0108	201933.0	92472	36752.0	614.0	-216.0	-35.0	7650.0	1.0
99	0.0109	202248.0	92444	43995.0	613.0	315.0	-28.0	7243.0	-1.0
100	0.011	202289.0	92415	29021.0	607.0	41.0	-29.0	-14974.0	-6.0
101	0.0111	201956.0	92393	36934.0	613.0	-333.0	-22.0	7913.0	6.0
102	0.0112	202031.0	92364	36552.0	613.0	75.0	-29.0	-382.0	0.0
103	0.0113	202277.0	92344	44051.0	609.0	246.0	-20.0	7499.0	-4.0
104	0.0114	202182.0	92341	29272.0	604.0	-95.0	-3.0	-14779.0	-5.0
105	0.0115	202055.0	92357	37006.0	615.0	-127.0	16.0	7734.0	11.0
106	0.0116	202405.0	92358	36516.0	616.0	350.0	1.0	-490.0	1.0
107	0.0117	202475.0	92368	36566.0	610.0	70.0	10.0	50.0	-6.0
108	0.0118	202247.0	92387	36955.0	611.0	-228.0	19.0	389.0	1.0
109	0.0119	202352.0	92385	36789.0	611.0	105.0	-2.0	-166.0	0.0
110	0.012	202646.0	92377	36679.0	611.0	294.0	-8.0	-110.0	0.0
111	0.0121	202353.0	92364	36810.0	609.0	-293.0	-13.0	131.0	-2.0
112	0.0122	202102.0	92343	36902.0	613.0	-251.0	-21.0	92.0	4.0
113	0.0123	202474.0	92332	36632.0	614.0	372.0	-11.0	-270.0	1.0
114	0.0124	202490.0	92346	36617.0	612.0	16.0	14.0	-15.0	-2.0
115	0.0125	202204.0	92363	36795.0	613.0	-286.0	17.0	178.0	1.0
116	0.0126	202267.0	92360	36645.0	614.0	63.0	-3.0	-150.0	1.0
117	0.0127	202470.0	92351	36522.0	614.0	203.0	-9.0	-123.0	0.0
118	0.0128	202322.0	92360	36680.0	612.0	-148.0	9.0	158.0	-2.0
119	0.0129	0.0	92371	36790.0	615.0	-202322.0	11.0	110.0	3.0
120	0.013	202178.0	92346	36426.0	604.0	202178.0	-25.0	-364.0	-11.0
121	0.0131	198681.0	90688	35844.0	603.0	-3497.0	-1658.0	-582.0	-1.0
122	0.0132	198602.0	90686	36019.0	0.0	-79.0	-2.0	175.0	-603.0
123	0.0133	198562.0	90838	35958.0	1203.0	-40.0	152.0	-61.0	1203.0
124	0.0134	199070.0	90981	35485.0	606.0	508.0	143.0	-473.0	-597.0
125	0.0135	397628.0	90674	36089.0	610.0	198558.0	-307.0	604.0	4.0
126	0.0136	202261.0	91755	36625.0	620.0	-195367.0	1081.0	536.0	10.0
127	0.0137	204917.0	92865	36850.0	626.0	2656.0	1110.0	225.0	6.0
128	0.0138	206929.0	93899	45103.0	629.0	2012.0	1034.0	8253.0	3.0
129	0.0139	208635.0	190502	29950.0	633.0	1706.0	96603.0	-15153.0	4.0
130	0.014	210676.0	96392	45786.0	639.0	2041.0	-94110.0	15836.0	6.0
131	0.0141	213724.0	97028	38254.0	643.0	3048.0	636.0	-7532.0	4.0
132	0.0142	213502.0	97621	38667.0	644.0	-222.0	593.0	413.0	1.0
133	0.0143	214510.0	98125	38977.0	647.0	1008.0	504.0	310.0	3.0
134	0.0144	215904.0	98578	38828.0	651.0	1394.0	453.0	-149.0	4.0
135	0.0145	218450.0	98994	39027.0	654.0	2546.0	416.0	199.0	3.0
136	0.0146	218973.0	99348	39393.0	655.0	523.0	354.0	366.0	1.0
137	0.0147	218265.0	99676	39638.0	655.0	-708.0	328.0	245.0	0.0
138	0.0148	219085.0	99967	70915.0	661.0	820.0	291.0	31277.0	6.0
139	0.0149	221269.0	100236	39670.0	663.0	2184.0	269.0	-31245.0	2.0
140	0.015	221593.0	100454	39886.0	664.0	324.0	218.0	216.0	1.0
141	0.0151	221721.0	100649	40032.0	664.0	128.0	195.0	146.0	0.0
142	0.0152	220854.0	100813	40043.0	666.0	-867.0	164.0	11.0	2.0
143	0.0153	221332.0	100970	39982.0	668.0	478.0	157.0	-61.0	2.0
144	0.0154	223027.0	101106	40074.0	669.0	1695.0	136.0	92.0	1.0
145	0.0155	223100.0	101208	40230.0	669.0	73.0	102.0	156.0	0.0
146	0.0156	223124.0	101309	40156.0	669.0	24.0	101.0	-74.0	0.0
147	0.0157	223445.0	101427	40217.0	673.0	321.0	118.0	61.0	4.0
148	0.0158	223775.0	101537	40139.0	674.0	330.0	110.0	-78.0	1.0
149	0.0159	223806.0	102200	40343.0	675.0	31.0	663.0	204.0	1.0
150	0.016	223633.0	101738	40352.0	675.0	-173.0	-462.0	9.0	0.0
151	0.0161	223680.0	101733	40340.0	674.0	47.0	-5.0	-12.0	-1.0
152	0.0162	224129.0	101783	40371.0	676.0	449.0	50.0	31.0	2.0
153	0.0163	224263.0	101822	40275.0	676.0	134.0	39.0	-96.0	0.0
154	0.0164	223985.0	102425	40467.0	676.0	-278.0	603.0	192.0	0.0
155	0.0165	223876.0	101935	40382.0	675.0	-109.0	-490.0	-85.0	-1.0
156	0.0166	223980.0	101890	40447.0	675.0	104.0	-45.0	65.0	0.0
157	0.0167	224315.0	101935	40440.0	677.0	335.0	45.0	-7.0	2.0
158	0.0168	224323.0	101982	40396.0	677.0	8.0	47.0	-44.0	0.0
159	0.0169	224201.0	102588	40394.0	675.0	-122.0	606.0	-2.0	-2.0
160	0.017	223479.0	102272	31553.0	662.0	-722.0	-316.0	-8841.0	-13.0
161	0.0171	221707.0	100489	8261.0	658.0	-1772.0	-1783.0	-23292.0	-4.0
162	0.0172	219829.0	99516	71143.0	665.0	-1878.0	-973.0	62882.0	7.0
163	0.0173	218748.0	100250	39602.0	667.0	-1081.0	734.0	-31541.0	2.0
164	0.0174	218922.0	100496	16183.0	664.0	174.0	246.0	-23419.0	-3.0
165	0.0175	220909.0	100690	71287.0	664.0	1987.0	194.0	55104.0	0.0
166	0.0176	221753.0	100325	31595.0	667.0	844.0	-365.0	-39692.0	3.0
167	0.0177	222099.0	100483	40041.0	668.0	346.0	158.0	8446.0	1.0
168	0.0178	222096.0	101225	48170.0	669.0	-3.0	742.0	8129.0	1.0
169	0.0179	222264.0	101391	40070.0	669.0	168.0	166.0	-8100.0	0.0
170	0.018	222721.0	100962	31790.0	669.0	457.0	-429.0	-8280.0	0.0
171	0.0181	223197.0	101047	40279.0	672.0	476.0	85.0	8489.0	3.0
172	0.0182	223205.0	101722	40249.0	673.0	8.0	675.0	-30.0	1.0
173	0.0183	223040.0	101829	48397.0	673.0	-165.0	107.0	8148.0	0.0
174	0.0184	223141.0	101855	40228.0	672.0	101.0	26.0	-8169.0	-1.0
175	0.0185	223610.0	101873	31942.0	673.0	469.0	18.0	-8286.0	1.0
176	0.0186	223735.0	101389	40461.0	675.0	125.0	-484.0	8519.0	2.0
177	0.0187	223640.0	101980	40402.0	676.0	-95.0	591.0	-59.0	1.0
178	0.0188	223580.0	102057	40189.0	676.0	-60.0	77.0	-213.0	0.0
179	0.0189	223777.0	102067	48696.0	674.0	197.0	10.0	8507.0	-2.0
180	0.019	224102.0	102082	32058.0	676.0	325.0	15.0	-16638.0	2.0
181	0.0191	224185.0	102105	40551.0	677.0	83.0	23.0	8493.0	1.0
182	0.0192	224004.0	102119	40468.0	677.0	-181.0	14.0	-83.0	0.0
183	0.0193	223940.0	102125	40283.0	677.0	-64.0	6.0	-185.0	0.0
184	0.0194	224218.0	102123	40381.0	676.0	278.0	-2.0	98.0	-1.0
185	0.0195	224394.0	102132	40520.0	679.0	176.0	9.0	139.0	3.0
186	0.0196	224350.0	102150	40588.0	680.0	-44.0	18.0	68.0	1.0
187	0.0197	224099.0	102161	40397.0	680.0	-251.0	11.0	-191.0	0.0
188	0.0198	224142.0	102166	40306.0	678.0	43.0	5.0	-91.0	-2.0
189	0.0199	224331.0	102139	40431.0	673.0	189.0	-27.0	125.0	-5.0
190	0.02	224512.0	102712	40560.0	680.0	181.0	573.0	129.0	7.0
191	0.0201	224354.0	102196	40617.0	682.0	-158.0	-516.0	57.0	2.0
192	0.0202	224169.0	102147	40450.0	682.0	-185.0	-49.0	-167.0	0.0
193	0.0203	224236.0	102136	40393.0	677.0	67.0	-11.0	-57.0	-5.0
194	0.0204	224583.0	102725	40515.0	675.0	347.0	589.0	122.0	-2.0
195	0.0205	224677.0	102734	40637.0	679.0	94.0	9.0	122.0	4.0
196	0.0206	224391.0	102673	40638.0	679.0	-286.0	-61.0	1.0	0.0
197	0.0207	224284.0	102621	40486.0	679.0	-107.0	-52.0	-152.0	0.0
198	0.0208	224485.0	102574	40467.0	678.0	201.0	-47.0	-19.0	-1.0
199	0.0209	224764.0	102547	40542.0	678.0	279.0	-27.0	75.0	0.0
200	0.021	224568.0	102396	40069.0	672.0	-196.0	-151.0	-473.0	-6.0
201	0.0211	221316.0	101042	40057.0	672.0	-3252.0	-1354.0	-12.0	0.0
202	0.0212	221208.0	101024	39975.0	673.0	-108.0	-18.0	-82.0	1.0
203	0.0213	221810.0	101126	40109.0	672.0	602.0	102.0	134.0	-1.0
204	0.0214	222121.0	101223	40146.0	672.0	311.0	97.0	37.0	0.0
205	0.0215	222206.0	101317	0.0	5326.0	85.0	94.0	-40146.0	4654.0
206	0.0216	0.0	101411	31886.0	6079.0	-222206.0	94.0	31886.0	753.0
