	time	ins	cycle	memory	branchm	ins_d	cycle_d	memory_d	branchm_d
0	0.001	55368.0	33760	13997.0	0.0	0.0	0.0	0.0	0.0
1	0.0011	112097.0	81739	20449.0	1296.0	56729.0	47979.0	6452.0	1296.0
2	0.0012	157680.0	96190	30314.0	0.0	45583.0	14451.0	9865.0	-1296.0
3	0.0013	228405.0	116541	39519.0	1208.0	70725.0	20351.0	9205.0	1208.0
4	0.0014	273770.0	65651	42017.0	0.0	45365.0	-50890.0	2498.0	-1208.0
5	0.0015	150466.0	70366	48502.0	1130.0	-123304.0	4715.0	6485.0	1130.0
6	0.0016	159557.0	150654	36442.0	0.0	9091.0	80288.0	-12060.0	-1130.0
7	0.0017	341846.0	79500	31333.0	1070.0	182289.0	-71154.0	-5109.0	1070.0
8	0.0018	180333.0	82606	32545.0	0.0	-161513.0	3106.0	1212.0	-1070.0
9	0.0019	185334.0	85468	60630.0	1012.0	5001.0	2862.0	28085.0	1012.0
10	0.002	190649.0	176963	35276.0	964.0	5315.0	91495.0	-25354.0	-48.0
11	0.0021	194352.0	91076	35662.0	927.0	3703.0	-85887.0	386.0	-37.0
12	0.0022	401403.0	92291	44009.0	0.0	207051.0	1215.0	8347.0	-927.0
13	0.0023	204163.0	93970	29417.0	892.0	-197240.0	1679.0	-14592.0	892.0
14	0.0024	208098.0	94926	45064.0	866.0	3935.0	956.0	15647.0	-26.0
15	0.0025	211418.0	95722	37768.0	840.0	3320.0	796.0	-7296.0	-26.0
16	0.0026	211333.0	97008	38502.0	0.0	-85.0	1286.0	734.0	-840.0
17	0.0027	214092.0	97628	30523.0	761.0	2759.0	620.0	-7979.0	761.0
18	0.0028	200219.0	92003	38190.0	729.0	-13873.0	-5625.0	7667.0	-32.0
19	0.0029	195547.0	89589	43636.0	717.0	-4672.0	-2414.0	5446.0	-12.0
20	0.003	196100.0	91068	35894.0	705.0	553.0	1479.0	-7742.0	-12.0
21	0.0031	200715.0	92284	35928.0	702.0	4615.0	1216.0	34.0	-3.0
22	0.0032	204784.0	93351	36442.0	0.0	4069.0	1067.0	514.0	-702.0
23	0.0033	206724.0	94308	36944.0	702.0	1940.0	957.0	502.0	702.0
24	0.0034	204122.0	95160	29463.0	689.0	-2602.0	852.0	-7481.0	-13.0
25	0.0035	203877.0	94025	44365.0	679.0	-245.0	-1135.0	14902.0	-10.0
26	0.0036	204771.0	93732	36873.0	667.0	894.0	-293.0	-7492.0	-12.0
27	0.0037	204375.0	94096	36995.0	659.0	-396.0	364.0	122.0	-8.0
28	0.0038	204399.0	93939	29128.0	658.0	24.0	-157.0	-7867.0	-1.0
29	0.0039	204226.0	93763	36768.0	651.0	-173.0	-176.0	7640.0	-7.0
30	0.004	204990.0	93586	44325.0	647.0	764.0	-177.0	7557.0	-4.0
31	0.0041	204806.0	93433	29221.0	638.0	-184.0	-153.0	-15104.0	-9.0
32	0.0042	204819.0	93295	36756.0	637.0	13.0	-138.0	7535.0	-1.0
33	0.0043	204458.0	93179	44262.0	637.0	-361.0	-116.0	7506.0	0.0
34	0.0044	204010.0	93094	36809.0	0.0	-448.0	-85.0	-7453.0	-637.0
35	0.0045	204054.0	93021	29008.0	635.0	44.0	-73.0	-7801.0	635.0
36	0.0046	203983.0	92920	36697.0	631.0	-71.0	-101.0	7689.0	-4.0
37	0.0047	203491.0	92848	36611.0	630.0	-492.0	-72.0	-86.0	-1.0
38	0.0048	203318.0	92789	36736.0	630.0	-173.0	-59.0	125.0	0.0
39	0.0049	203432.0	92723	36638.0	628.0	114.0	-66.0	-98.0	-2.0
40	0.005	203219.0	92670	36604.0	621.0	-213.0	-53.0	-34.0	-7.0
41	0.0051	202778.0	92618	36790.0	622.0	-441.0	-52.0	186.0	1.0
42	0.0052	202881.0	92596	36716.0	622.0	103.0	-22.0	-74.0	0.0
43	0.0053	202943.0	92548	36765.0	621.0	62.0	-48.0	49.0	-1.0
44	0.0054	202522.0	92508	36700.0	619.0	-421.0	-40.0	-65.0	-2.0
45	0.0055	202254.0	92475	36728.0	622.0	-268.0	-33.0	28.0	3.0
46	0.0056	202406.0	92430	36623.0	622.0	152.0	-45.0	-105.0	0.0
47	0.0057	202266.0	92405	36630.0	619.0	-140.0	-25.0	7.0	-3.0
48	0.0058	203071.0	92808	36599.0	617.0	805.0	403.0	-31.0	-2.0
49	0.0059	203306.0	93315	36680.0	617.0	235.0	507.0	81.0	0.0
50	0.006	203274.0	93238	36752.0	617.0	-32.0	-77.0	72.0	0.0
51	0.0061	202823.0	93112	36723.0	614.0	-451.0	-126.0	-29.0	-3.0
52	0.0062	202713.0	93015	36723.0	615.0	-110.0	-97.0	0.0	1.0
53	0.0063	202840.0	92926	36628.0	615.0	127.0	-89.0	-95.0	0.0
54	0.0064	202697.0	92838	36674.0	615.0	-143.0	-88.0	46.0	0.0
55	0.0065	202379.0	92759	36554.0	612.0	-318.0	-79.0	-120.0	-3.0
56	0.0066	202534.0	92702	36733.0	614.0	155.0	-57.0	179.0	2.0
57	0.0067	202554.0	92638	36641.0	614.0	20.0	-64.0	-92.0	0.0
58	0.0068	202210.0	92570	36601.0	603.0	-344.0	-68.0	-40.0	-11.0
59	0.0069	198942.0	91112	36007.0	603.0	-3268.0	-1458.0	-594.0	0.0
60	0.007	199121.0	91038	35924.0	605.0	179.0	-74.0	-83.0	2.0
61	0.0071	199174.0	91106	36035.0	605.0	53.0	68.0	111.0	0.0
62	0.0072	199214.0	91211	35974.0	604.0	40.0	105.0	-61.0	-1.0
63	0.0073	199730.0	91297	36152.0	607.0	516.0	86.0	178.0	3.0
64	0.0074	200053.0	91398	36373.0	608.0	323.0	101.0	221.0	1.0
65	0.0075	199988.0	91507	36217.0	604.0	-65.0	109.0	-156.0	-4.0
66	0.0076	201766.0	91590	36307.0	605.0	1778.0	83.0	90.0	1.0
67	0.0077	202190.0	91659	36428.0	611.0	424.0	69.0	121.0	6.0
68	0.0078	200685.0	91729	36353.0	611.0	-1505.0	70.0	-75.0	0.0
69	0.0079	200636.0	91773	36213.0	606.0	-49.0	44.0	-140.0	-5.0
70	0.008	202425.0	92372	36407.0	609.0	1789.0	599.0	194.0	3.0
71	0.0081	202439.0	91908	36536.0	609.0	14.0	-464.0	129.0	0.0
72	0.0082	202184.0	91893	36577.0	608.0	-255.0	-15.0	41.0	-1.0
73	0.0083	202364.0	91921	36333.0	608.0	180.0	28.0	-244.0	0.0
74	0.0084	202637.0	92505	36516.0	609.0	273.0	584.0	183.0	1.0
75	0.0085	202294.0	92032	36655.0	609.0	-343.0	-473.0	139.0	0.0
76	0.0086	202210.0	91994	36536.0	607.0	-84.0	-38.0	-119.0	-2.0
77	0.0087	202463.0	92527	36428.0	610.0	253.0	533.0	-108.0	3.0
78	0.0088	202298.0	92551	36610.0	611.0	-165.0	24.0	182.0	1.0
79	0.0089	202021.0	92016	36668.0	611.0	-277.0	-535.0	58.0	0.0
80	0.009	202221.0	91984	36366.0	611.0	200.0	-32.0	-302.0	0.0
81	0.0091	202333.0	92544	36469.0	611.0	112.0	560.0	103.0	0.0
82	0.0092	201959.0	92540	36660.0	611.0	-374.0	-4.0	191.0	0.0
83	0.0093	201900.0	91995	36569.0	609.0	-59.0	-545.0	-91.0	-2.0
84	0.0094	202228.0	92517	36411.0	610.0	328.0	522.0	-158.0	1.0
85	0.0095	202130.0	92538	36531.0	610.0	-98.0	21.0	120.0	0.0
86	0.0096	201896.0	92517	36630.0	0.0	-234.0	-21.0	99.0	-610.0
87	0.0097	202177.0	92463	36309.0	1219.0	281.0	-54.0	-321.0	1219.0
88	0.0098	203598.0	92445	36492.0	611.0	1421.0	-18.0	183.0	-608.0
89	0.0099	202129.0	92442	36661.0	0.0	-1469.0	-3.0	169.0	-611.0
90	0.01	202020.0	92434	36593.0	611.0	-109.0	-8.0	-68.0	611.0
91	0.0101	202256.0	92420	36380.0	609.0	236.0	-14.0	-213.0	-2.0
92	0.0102	203458.0	92393	36570.0	610.0	1202.0	-27.0	190.0	1.0
93	0.0103	202061.0	92392	29042.0	610.0	-1397.0	-1.0	-7528.0	0.0
94	0.0104	202279.0	92382	44023.0	610.0	218.0	-10.0	14981.0	0.0
95	0.0105	203631.0	92363	36532.0	608.0	1352.0	-19.0	-7491.0	-2.0
96	0.0106	202064.0	92350	36697.0	611.0	-1567.0	-13.0	165.0	3.0
97	0.0107	202027.0	92349	28972.0	611.0	-37.0	-1.0	-7725.0	0.0
98	0.0108	202143.0	92275	36508.0	609.0	116.0	-74.0	7536.0	-2.0
99	0.0109	199617.0	90794	35842.0	601.0	-2526.0	-1481.0	-666.0	-8.0
100	0.011	199282.0	90794	35962.0	603.0	-335.0	0.0	120.0	2.0
101	0.0111	198623.0	90940	35978.0	603.0	-659.0	146.0	16.0	0.0
102	0.0112	200187.0	91073	35913.0	602.0	1564.0	133.0	-65.0	-1.0
103	0.0113	200211.0	91214	36090.0	606.0	24.0	141.0	177.0	4.0
104	0.0114	200603.0	91340	36096.0	607.0	392.0	126.0	6.0	1.0
105	0.0115	200984.0	91441	36133.0	606.0	381.0	101.0	37.0	-1.0
106	0.0116	200820.0	91539	36151.0	607.0	-164.0	98.0	18.0	1.0
107	0.0117	200873.0	91630	36345.0	608.0	53.0	91.0	194.0	1.0
108	0.0118	201350.0	91702	36267.0	608.0	477.0	72.0	-78.0	0.0
109	0.0119	201384.0	91763	36219.0	606.0	34.0	61.0	-48.0	-2.0
110	0.012	201233.0	91821	36363.0	609.0	-151.0	58.0	144.0	3.0
111	0.0121	201582.0	91885	36336.0	610.0	349.0	64.0	-27.0	1.0
112	0.0122	201856.0	91953	36372.0	605.0	274.0	68.0	36.0	-5.0
113	0.0123	201687.0	92006	36589.0	605.0	-169.0	53.0	217.0	0.0
114	0.0124	201760.0	92043	36654.0	611.0	73.0	37.0	65.0	6.0
115	0.0125	202040.0	92071	36454.0	611.0	280.0	28.0	-200.0	0.0
116	0.0126	201868.0	92082	36389.0	606.0	-172.0	11.0	-65.0	-5.0
117	0.0127	201689.0	92095	36693.0	613.0	-179.0	13.0	304.0	7.0
118	0.0128	202018.0	92111	36461.0	614.0	329.0	16.0	-232.0	1.0
119	0.0129	202083.0	92144	36482.0	608.0	65.0	33.0	21.0	-6.0
120	0.013	201803.0	92151	36661.0	608.0	-280.0	7.0	179.0	0.0
121	0.0131	201973.0	92154	36676.0	609.0	170.0	3.0	15.0	1.0
122	0.0132	202210.0	92167	36685.0	609.0	237.0	13.0	9.0	0.0
123	0.0133	202043.0	92185	36644.0	608.0	-167.0	18.0	-41.0	-1.0
124	0.0134	201865.0	92202	36685.0	610.0	-178.0	17.0	41.0	2.0
125	0.0135	202258.0	92213	36602.0	610.0	393.0	11.0	-83.0	0.0
126	0.0136	202145.0	92217	36644.0	609.0	-113.0	4.0	42.0	-1.0
127	0.0137	201865.0	92207	36575.0	606.0	-280.0	-10.0	-69.0	-3.0
128	0.0138	201967.0	92755	36579.0	611.0	102.0	548.0	4.0	5.0
129	0.0139	202335.0	92271	36598.0	612.0	368.0	-484.0	19.0	1.0
130	0.014	201988.0	92217	36571.0	606.0	-347.0	-54.0	-27.0	-6.0
131	0.0141	201907.0	92758	36596.0	607.0	-81.0	541.0	25.0	1.0
132	0.0142	202243.0	92783	36534.0	608.0	336.0	25.0	-62.0	1.0
133	0.0143	202263.0	92746	36606.0	608.0	20.0	-37.0	72.0	0.0
134	0.0144	202026.0	92708	36550.0	608.0	-237.0	-38.0	-56.0	0.0
135	0.0145	202195.0	92669	36544.0	610.0	169.0	-39.0	-6.0	2.0
136	0.0146	202439.0	92619	36581.0	610.0	244.0	-50.0	37.0	0.0
137	0.0147	202080.0	92594	36565.0	608.0	-359.0	-25.0	-16.0	-2.0
138	0.0148	201953.0	92518	36402.0	599.0	-127.0	-76.0	-163.0	-9.0
139	0.0149	197845.0	90625	35757.0	600.0	-4108.0	-1893.0	-645.0	1.0
140	0.015	195198.0	90581	35744.0	596.0	-2647.0	-44.0	-13.0	-4.0
141	0.0151	197418.0	90205	35521.0	602.0	2220.0	-376.0	-223.0	6.0
142	0.0152	200576.0	91332	36198.0	611.0	3158.0	1127.0	677.0	9.0
143	0.0153	203144.0	92488	36595.0	618.0	2568.0	1156.0	397.0	7.0
144	0.0154	205108.0	93549	37009.0	621.0	1964.0	1061.0	414.0	3.0
145	0.0155	207182.0	94495	37364.0	629.0	2074.0	946.0	355.0	8.0
146	0.0156	209366.0	95329	37646.0	634.0	2184.0	834.0	282.0	5.0
147	0.0157	210750.0	96074	38023.0	638.0	1384.0	745.0	377.0	4.0
148	0.0158	211948.0	96733	38232.0	639.0	1198.0	659.0	209.0	1.0
149	0.0159	213592.0	97345	46597.0	646.0	1644.0	612.0	8365.0	7.0
150	0.016	214947.0	97886	61640.0	650.0	1355.0	541.0	15043.0	4.0
151	0.0161	215669.0	98352	39184.0	652.0	722.0	466.0	-22456.0	2.0
152	0.0162	216432.0	197944	39277.0	652.0	763.0	99592.0	93.0	0.0
153	0.0163	217612.0	100101	47475.0	656.0	1180.0	-97843.0	8198.0	4.0
154	0.0164	218596.0	99871	39786.0	658.0	984.0	-230.0	-7689.0	2.0
155	0.0165	219087.0	100082	31456.0	660.0	491.0	211.0	-8330.0	2.0
156	0.0166	219554.0	100320	39817.0	660.0	467.0	238.0	8361.0	0.0
157	0.0167	220249.0	101101	48015.0	658.0	695.0	781.0	8198.0	-2.0
158	0.0168	222380.0	100757	40106.0	666.0	2131.0	-344.0	-7909.0	8.0
159	0.0169	221549.0	100893	40255.0	668.0	-831.0	136.0	149.0	2.0
160	0.017	443301.0	101025	31975.0	668.0	221752.0	132.0	-8280.0	0.0
161	0.0171	223795.0	101152	40146.0	664.0	-219506.0	127.0	8171.0	-4.0
162	0.0172	0.0	101821	48324.0	666.0	-223795.0	669.0	8178.0	2.0
163	0.0173	224179.0	101930	40351.0	672.0	224179.0	109.0	-7973.0	6.0
164	0.0174	445388.0	101463	32071.0	673.0	221209.0	-467.0	-8280.0	1.0
165	0.0175	224399.0	101500	40547.0	669.0	-220989.0	37.0	8476.0	-4.0
166	0.0176	224843.0	102145	40244.0	668.0	444.0	645.0	-303.0	-1.0
167	0.0177	224879.0	102203	48565.0	671.0	36.0	58.0	8321.0	3.0
168	0.0178	224569.0	102203	40533.0	672.0	-310.0	0.0	-8032.0	1.0
169	0.0179	224461.0	101697	32159.0	672.0	-108.0	-506.0	-8374.0	0.0
170	0.018	224631.0	101690	40552.0	671.0	170.0	-7.0	8393.0	-1.0
171	0.0181	224825.0	102317	40314.0	671.0	194.0	627.0	-238.0	0.0
172	0.0182	224756.0	102366	48689.0	675.0	-69.0	49.0	8375.0	4.0
173	0.0183	224543.0	102366	40617.0	675.0	-213.0	0.0	-8072.0	0.0
174	0.0184	225565.0	102240	32223.0	678.0	1022.0	-126.0	-8394.0	3.0
175	0.0185	225895.0	102205	40710.0	677.0	330.0	-35.0	8487.0	-1.0
176	0.0186	225877.0	102776	40555.0	677.0	-18.0	571.0	-155.0	0.0
177	0.0187	225659.0	102775	40595.0	679.0	-218.0	-1.0	40.0	2.0
178	0.0188	0.0	102413	40594.0	677.0	-225659.0	-362.0	-1.0	-2.0
179	0.0189	224632.0	101166	40166.0	669.0	224632.0	-1247.0	-428.0	-8.0
180	0.019	443824.0	101118	39980.0	668.0	219192.0	-48.0	-186.0	-1.0
181	0.0191	0.0	101211	39863.0	669.0	-443824.0	93.0	-117.0	1.0
182	0.0192	223769.0	101322	40079.0	671.0	223769.0	111.0	216.0	2.0
183	0.0193	222539.0	101416	40276.0	672.0	-1230.0	94.0	197.0	1.0
184	0.0194	445149.0	101509	40275.0	672.0	222610.0	93.0	-1.0	0.0
185	0.0195	223163.0	101591	40174.0	671.0	-221986.0	82.0	-101.0	-1.0
186	0.0196	224668.0	101660	40100.0	673.0	1505.0	69.0	-74.0	2.0
187	0.0197	223416.0	101744	40344.0	674.0	-1252.0	84.0	244.0	1.0
188	0.0198	223348.0	101807	40505.0	674.0	-68.0	63.0	161.0	0.0
189	0.0199	223548.0	101802	40355.0	674.0	200.0	-5.0	-150.0	0.0
190	0.02	223875.0	101836	40322.0	673.0	327.0	34.0	-33.0	-1.0
191	0.0201	225245.0	101878	40253.0	676.0	1370.0	42.0	-69.0	3.0
192	0.0202	223823.0	101925	40489.0	677.0	-1422.0	47.0	236.0	1.0
193	0.0203	223767.0	101959	40620.0	677.0	-56.0	34.0	131.0	0.0
194	0.0204	224187.0	102001	40465.0	677.0	420.0	42.0	-155.0	0.0
195	0.0205	225836.0	102025	40379.0	675.0	1649.0	24.0	-86.0	-2.0
196	0.0206	225639.0	102056	40377.0	677.0	-197.0	31.0	-2.0	2.0
197	0.0207	224243.0	102090	40603.0	677.0	-1396.0	34.0	226.0	0.0
198	0.0208	224305.0	102129	40670.0	677.0	62.0	39.0	67.0	0.0
199	0.0209	224637.0	102154	40579.0	677.0	332.0	25.0	-91.0	0.0
200	0.021	226072.0	102176	40465.0	676.0	1435.0	22.0	-114.0	-1.0
201	0.0211	225856.0	102202	40465.0	678.0	-216.0	26.0	0.0	2.0
202	0.0212	225653.0	102226	40605.0	678.0	-203.0	24.0	140.0	0.0
203	0.0213	224378.0	102247	40649.0	678.0	-1275.0	21.0	44.0	0.0
204	0.0214	224495.0	102241	32134.0	4447.0	117.0	-6.0	-8515.0	3769.0
