	time	ins	cycle	memory	branchm	ins_d	cycle_d	memory_d	branchm_d
0	0.001	46336.0	57493.0	10557.0	1043.0	0.0	0.0	0.0	0.0
1	0.0011	24701.0	33877.0	13713.0	1269.0	-21635.0	-23616.0	3156.0	226.0
2	0.0012	164088.0	80595.0	20071.0	0.0	139387.0	46718.0	6358.0	-1269.0
3	0.0013	163278.0	92173.0	28979.0	0.0	-810.0	11578.0	8908.0	0.0
4	0.0014	218284.0	52652.0	31705.0	1200.0	55006.0	-39521.0	2726.0	1200.0
5	0.0015	125478.0	117414.0	38726.0	0.0	-92806.0	64762.0	7021.0	-1200.0
6	0.0016	276668.0	63443.0	30302.0	1114.0	151190.0	-53971.0	-8424.0	1114.0
7	0.0017	151034.0	66973.0	47788.0	0.0	-125634.0	3530.0	17486.0	-1114.0
8	0.0018	154704.0	143015.0	28305.0	1042.0	3670.0	76042.0	-19483.0	1042.0
9	0.0019	329513.0	75395.0	29503.0	985.0	174809.0	-67620.0	1198.0	-57.0
10	0.002	172230.0	77234.0	30441.0	0.0	-157283.0	1839.0	938.0	-985.0
11	0.0021	174949.0	79437.0	56076.0	936.0	2719.0	2203.0	25635.0	936.0
12	0.0022	179494.0	81474.0	32639.0	0.0	4545.0	2037.0	-23437.0	-936.0
13	0.0023	181834.0	166997.0	39839.0	891.0	2340.0	85523.0	7200.0	891.0
14	0.0024	185084.0	85809.0	26485.0	850.0	3250.0	-81188.0	-13354.0	-41.0
15	0.0025	185970.0	86040.0	33759.0	0.0	886.0	231.0	7274.0	-850.0
16	0.0026	175026.0	81082.0	38058.0	753.0	-10944.0	-4958.0	4299.0	753.0
17	0.0027	171029.0	79554.0	24510.0	716.0	-3997.0	-1528.0	-13548.0	-37.0
18	0.0028	173731.0	80057.0	38325.0	701.0	2702.0	503.0	13815.0	-15.0
19	0.0029	357703.0	81856.0	32140.0	687.0	183972.0	1799.0	-6185.0	-14.0
20	0.003	183899.0	84134.0	33342.0	0.0	-173804.0	2278.0	1202.0	-687.0
21	0.0031	185660.0	85128.0	33408.0	675.0	1761.0	994.0	66.0	675.0
22	0.0032	189192.0	85919.0	61109.0	661.0	3532.0	791.0	27701.0	-14.0
23	0.0033	190607.0	86624.0	34607.0	658.0	1415.0	705.0	-26502.0	-3.0
24	0.0034	191681.0	87238.0	34713.0	650.0	1074.0	614.0	106.0	-8.0
25	0.0035	192942.0	88348.0	35058.0	646.0	1261.0	1110.0	345.0	-4.0
26	0.0036	193721.0	88848.0	35187.0	637.0	779.0	500.0	129.0	-9.0
27	0.0037	194399.0	89233.0	35255.0	635.0	678.0	385.0	68.0	-2.0
28	0.0038	195557.0	89569.0	35509.0	635.0	1158.0	336.0	254.0	0.0
29	0.0039	196125.0	89856.0	35558.0	634.0	568.0	287.0	49.0	-1.0
30	0.004	196396.0	90133.0	35633.0	624.0	271.0	277.0	75.0	-10.0
31	0.0041	198670.0	180976.0	35944.0	624.0	2274.0	90843.0	311.0	0.0
32	0.0042	199227.0	90776.0	35973.0	624.0	557.0	-90200.0	29.0	0.0
33	0.0043	199220.0	90936.0	36102.0	623.0	-7.0	160.0	129.0	-1.0
34	0.0044	199486.0	91081.0	36064.0	620.0	266.0	145.0	-38.0	-3.0
35	0.0045	200018.0	91220.0	36165.0	621.0	532.0	139.0	101.0	1.0
36	0.0046	200006.0	91353.0	36215.0	621.0	-12.0	133.0	50.0	0.0
37	0.0047	200228.0	91463.0	36247.0	615.0	222.0	110.0	32.0	-6.0
38	0.0048	200626.0	92108.0	36275.0	614.0	398.0	645.0	28.0	-1.0
39	0.0049	200687.0	92185.0	36246.0	616.0	61.0	77.0	-29.0	2.0
40	0.005	200580.0	92200.0	36346.0	616.0	-107.0	15.0	100.0	0.0
41	0.0051	201062.0	92224.0	36279.0	614.0	482.0	24.0	-67.0	-2.0
42	0.0052	202671.0	92242.0	36318.0	614.0	1609.0	18.0	39.0	0.0
43	0.0053	201250.0	92217.0	36436.0	615.0	-1421.0	-25.0	118.0	1.0
44	0.0054	201271.0	92217.0	36463.0	0.0	21.0	0.0	27.0	-615.0
45	0.0055	201629.0	92231.0	36395.0	1228.0	358.0	14.0	-68.0	1228.0
46	0.0056	202867.0	92257.0	36643.0	616.0	1238.0	26.0	248.0	-612.0
47	0.0057	201560.0	92261.0	36567.0	0.0	-1307.0	4.0	-76.0	-616.0
48	0.0058	201852.0	92279.0	36453.0	617.0	292.0	18.0	-114.0	617.0
49	0.0059	203191.0	92267.0	36513.0	615.0	1339.0	-12.0	60.0	-2.0
50	0.006	202954.0	92275.0	36784.0	615.0	-237.0	8.0	271.0	0.0
51	0.0061	201741.0	92282.0	36608.0	616.0	-1213.0	7.0	-176.0	1.0
52	0.0062	203234.0	92307.0	36475.0	616.0	1493.0	25.0	-133.0	0.0
53	0.0063	202879.0	92292.0	36555.0	613.0	-355.0	-15.0	80.0	-3.0
54	0.0064	202634.0	92279.0	36651.0	614.0	-245.0	-13.0	96.0	1.0
55	0.0065	202971.0	0.0	29116.0	613.0	337.0	-92279.0	-7535.0	-1.0
56	0.0066	202544.0	92212.0	43813.0	600.0	-427.0	92212.0	14697.0	-13.0
57	0.0067	197856.0	90309.0	35739.0	600.0	-4688.0	-1903.0	-8074.0	0.0
58	0.0068	197801.0	90278.0	28386.0	602.0	-55.0	-31.0	-7353.0	2.0
59	0.0069	198451.0	90428.0	35879.0	603.0	650.0	150.0	7493.0	1.0
60	0.007	198439.0	181384.0	43134.0	602.0	-12.0	90956.0	7255.0	-1.0
61	0.0071	198749.0	90952.0	28503.0	604.0	310.0	-90432.0	-14631.0	2.0
62	0.0072	199462.0	91090.0	36138.0	605.0	713.0	138.0	7635.0	1.0
63	0.0073	199660.0	91224.0	43374.0	604.0	198.0	134.0	7236.0	-1.0
64	0.0074	199694.0	91347.0	36142.0	604.0	34.0	123.0	-7232.0	0.0
65	0.0075	200274.0	91457.0	28756.0	606.0	580.0	110.0	-7386.0	2.0
66	0.0076	200488.0	91547.0	43509.0	607.0	214.0	90.0	14753.0	1.0
67	0.0077	200305.0	92174.0	36209.0	605.0	-183.0	627.0	-7300.0	-2.0
68	0.0078	200545.0	91727.0	28797.0	608.0	240.0	-447.0	-7412.0	3.0
69	0.0079	200953.0	91740.0	36425.0	609.0	408.0	13.0	7628.0	1.0
70	0.008	200763.0	92359.0	43608.0	608.0	-190.0	619.0	7183.0	-1.0
71	0.0081	200724.0	92413.0	36397.0	609.0	-39.0	54.0	-7211.0	1.0
72	0.0082	201089.0	91881.0	28878.0	610.0	365.0	-532.0	-7519.0	1.0
73	0.0083	201102.0	91870.0	36321.0	610.0	13.0	-11.0	7443.0	0.0
74	0.0084	200935.0	92465.0	43749.0	608.0	-167.0	595.0	7428.0	-2.0
75	0.0085	201267.0	92504.0	28908.0	610.0	332.0	39.0	-14841.0	2.0
76	0.0086	201593.0	91998.0	36519.0	611.0	326.0	-506.0	7611.0	1.0
77	0.0087	201273.0	92516.0	36308.0	610.0	-320.0	518.0	-211.0	-1.0
78	0.0088	201334.0	92538.0	36381.0	610.0	61.0	22.0	73.0	0.0
79	0.0089	201661.0	92024.0	36617.0	610.0	327.0	-514.0	236.0	0.0
80	0.009	201690.0	92000.0	36496.0	610.0	29.0	-24.0	-121.0	0.0
81	0.0091	201540.0	92572.0	36366.0	605.0	-150.0	572.0	-130.0	-5.0
82	0.0092	203341.0	92602.0	36540.0	608.0	1801.0	30.0	174.0	3.0
83	0.0093	203378.0	92572.0	36478.0	612.0	37.0	-30.0	-62.0	4.0
84	0.0094	201855.0	92540.0	36441.0	608.0	-1523.0	-32.0	-37.0	-4.0
85	0.0095	203185.0	92531.0	36482.0	604.0	1330.0	-9.0	41.0	-4.0
86	0.0096	203520.0	92500.0	36846.0	611.0	335.0	-31.0	364.0	7.0
87	0.0097	203218.0	92461.0	36562.0	611.0	-302.0	-39.0	-284.0	0.0
88	0.0098	202896.0	92415.0	36421.0	605.0	-322.0	-46.0	-141.0	-6.0
89	0.0099	203189.0	92401.0	36818.0	612.0	293.0	-14.0	397.0	7.0
90	0.01	203116.0	92414.0	36582.0	613.0	-73.0	13.0	-236.0	1.0
91	0.0101	202734.0	92398.0	36531.0	608.0	-382.0	-16.0	-51.0	-5.0
92	0.0102	202819.0	92393.0	36745.0	606.0	85.0	-5.0	214.0	-2.0
93	0.0103	203105.0	92391.0	36913.0	608.0	286.0	-2.0	168.0	2.0
94	0.0104	202903.0	92392.0	36791.0	609.0	-202.0	1.0	-122.0	1.0
95	0.0105	202726.0	0.0	36673.0	608.0	-177.0	-92392.0	-118.0	-1.0
96	0.0106	202778.0	92317.0	36617.0	605.0	52.0	92317.0	-56.0	-3.0
97	0.0107	199877.0	91143.0	36028.0	606.0	-2901.0	-1174.0	-589.0	1.0
98	0.0108	199428.0	182195.0	35993.0	603.0	-449.0	91052.0	-35.0	-3.0
99	0.0109	199678.0	91271.0	36221.0	603.0	250.0	-90924.0	228.0	0.0
100	0.011	200190.0	91394.0	36423.0	611.0	512.0	123.0	202.0	8.0
101	0.0111	200140.0	91494.0	36187.0	609.0	-50.0	100.0	-236.0	-2.0
102	0.0112	200278.0	91573.0	36294.0	608.0	138.0	79.0	107.0	-1.0
103	0.0113	200721.0	91638.0	36467.0	610.0	443.0	65.0	173.0	2.0
104	0.0114	200842.0	91727.0	36428.0	611.0	121.0	89.0	-39.0	1.0
105	0.0115	200628.0	91781.0	36408.0	611.0	-214.0	54.0	-20.0	0.0
106	0.0116	200931.0	91839.0	36406.0	611.0	303.0	58.0	-2.0	0.0
107	0.0117	201183.0	91893.0	36491.0	614.0	252.0	54.0	85.0	3.0
108	0.0118	200837.0	91946.0	36429.0	614.0	-346.0	53.0	-62.0	0.0
109	0.0119	200968.0	91995.0	36357.0	612.0	131.0	49.0	-72.0	-2.0
110	0.012	201478.0	92038.0	36519.0	614.0	510.0	43.0	162.0	2.0
111	0.0121	201390.0	92065.0	36455.0	614.0	-88.0	27.0	-64.0	0.0
112	0.0122	201146.0	92080.0	36428.0	613.0	-244.0	15.0	-27.0	-1.0
113	0.0123	201534.0	92109.0	36445.0	612.0	388.0	29.0	17.0	-1.0
114	0.0124	201672.0	92133.0	36497.0	614.0	138.0	24.0	52.0	2.0
115	0.0125	201486.0	92143.0	36481.0	614.0	-186.0	10.0	-16.0	0.0
116	0.0126	201617.0	92157.0	36415.0	612.0	131.0	14.0	-66.0	-2.0
117	0.0127	201840.0	92159.0	36538.0	613.0	223.0	2.0	123.0	1.0
118	0.0128	201669.0	92172.0	36481.0	613.0	-171.0	13.0	-57.0	0.0
119	0.0129	201604.0	92187.0	36490.0	610.0	-65.0	15.0	9.0	-3.0
120	0.013	201989.0	92756.0	36475.0	608.0	385.0	569.0	-15.0	-2.0
121	0.0131	202034.0	92783.0	36499.0	611.0	45.0	27.0	24.0	3.0
122	0.0132	201734.0	92740.0	36517.0	612.0	-300.0	-43.0	18.0	1.0
123	0.0133	201931.0	92711.0	36474.0	610.0	197.0	-29.0	-43.0	-2.0
124	0.0134	202255.0	92682.0	36571.0	610.0	324.0	-29.0	97.0	0.0
125	0.0135	201999.0	92650.0	36522.0	610.0	-256.0	-32.0	-49.0	0.0
126	0.0136	202028.0	92628.0	36563.0	610.0	29.0	-22.0	41.0	0.0
127	0.0137	202410.0	92618.0	36496.0	608.0	382.0	-10.0	-67.0	-2.0
128	0.0138	203683.0	92582.0	36502.0	611.0	1273.0	-36.0	6.0	3.0
129	0.0139	202142.0	92546.0	36581.0	612.0	-1541.0	-36.0	79.0	1.0
130	0.014	202211.0	92527.0	36523.0	610.0	69.0	-19.0	-58.0	-2.0
131	0.0141	203800.0	92500.0	36572.0	610.0	1589.0	-27.0	49.0	0.0
132	0.0142	203514.0	92477.0	36562.0	611.0	-286.0	-23.0	-10.0	1.0
133	0.0143	202081.0	92465.0	36611.0	0.0	-1433.0	-12.0	49.0	-611.0
134	0.0144	202296.0	92448.0	36532.0	611.0	215.0	-17.0	-79.0	611.0
135	0.0145	203642.0	0.0	36460.0	609.0	1346.0	-92448.0	-72.0	-2.0
136	0.0146	203153.0	92403.0	36440.0	601.0	-489.0	92403.0	-20.0	-8.0
137	0.0147	198669.0	90846.0	35878.0	601.0	-4484.0	-1557.0	-562.0	0.0
138	0.0148	200017.0	90787.0	35880.0	601.0	1348.0	-59.0	2.0	0.0
139	0.0149	200064.0	90889.0	35951.0	601.0	47.0	102.0	71.0	0.0
140	0.015	199070.0	91034.0	28540.0	604.0	-994.0	145.0	-7411.0	3.0
141	0.0151	199538.0	91174.0	43535.0	599.0	468.0	140.0	14995.0	-5.0
142	0.0152	199221.0	182273.0	36107.0	603.0	-317.0	91099.0	-7428.0	4.0
143	0.0153	201319.0	92033.0	36452.0	1233.0	2098.0	-90240.0	345.0	630.0
144	0.0154	204146.0	93140.0	36890.0	624.0	2827.0	1107.0	438.0	-609.0
145	0.0155	206288.0	94156.0	37134.0	629.0	2142.0	1016.0	244.0	5.0
146	0.0156	207914.0	95020.0	37762.0	636.0	1626.0	864.0	628.0	7.0
147	0.0157	209789.0	95814.0	37998.0	641.0	1875.0	794.0	236.0	5.0
148	0.0158	424509.0	96524.0	38174.0	642.0	214720.0	710.0	176.0	1.0
149	0.0159	213902.0	97154.0	38453.0	645.0	-210607.0	630.0	279.0	3.0
150	0.016	215269.0	97714.0	38805.0	650.0	1367.0	560.0	352.0	5.0
151	0.0161	216609.0	98227.0	39115.0	653.0	1340.0	513.0	310.0	3.0
152	0.0162	217363.0	98690.0	39265.0	653.0	754.0	463.0	150.0	0.0
153	0.0163	217910.0	99075.0	39198.0	653.0	547.0	385.0	-67.0	0.0
154	0.0164	218815.0	99434.0	39435.0	658.0	905.0	359.0	237.0	5.0
155	0.0165	219726.0	99745.0	39681.0	660.0	911.0	311.0	246.0	2.0
156	0.0166	220305.0	100034.0	39812.0	661.0	579.0	289.0	131.0	1.0
157	0.0167	220471.0	100273.0	39666.0	661.0	166.0	239.0	-146.0	0.0
158	0.0168	220801.0	101059.0	39820.0	664.0	330.0	786.0	154.0	3.0
159	0.0169	221511.0	100721.0	40000.0	667.0	710.0	-338.0	180.0	3.0
160	0.017	221892.0	100822.0	40156.0	668.0	381.0	101.0	156.0	1.0
161	0.0171	221869.0	100958.0	40159.0	667.0	-23.0	136.0	3.0	-1.0
162	0.0172	221974.0	101099.0	39926.0	666.0	105.0	141.0	-233.0	-1.0
163	0.0173	222431.0	101780.0	40124.0	670.0	457.0	681.0	198.0	4.0
164	0.0174	222873.0	101385.0	40308.0	671.0	442.0	-395.0	184.0	1.0
165	0.0175	223091.0	101436.0	40397.0	671.0	218.0	51.0	89.0	0.0
166	0.0176	223005.0	101538.0	40210.0	670.0	-86.0	102.0	-187.0	-1.0
167	0.0177	223117.0	102169.0	72142.0	671.0	112.0	631.0	31932.0	1.0
168	0.0178	223555.0	102234.0	40446.0	673.0	438.0	65.0	-31696.0	2.0
169	0.0179	223945.0	101733.0	8428.0	673.0	390.0	-501.0	-32018.0	0.0
170	0.018	223787.0	101738.0	72570.0	673.0	-158.0	5.0	64142.0	0.0
171	0.0181	223706.0	101784.0	40272.0	672.0	-81.0	46.0	-32298.0	-1.0
172	0.0182	223832.0	102391.0	40368.0	673.0	126.0	607.0	96.0	1.0
173	0.0183	224214.0	102433.0	40535.0	674.0	382.0	42.0	167.0	1.0
174	0.0184	224346.0	102427.0	40675.0	674.0	132.0	-6.0	140.0	0.0
175	0.0185	224109.0	101875.0	8385.0	673.0	-237.0	-552.0	-32290.0	-1.0
176	0.0186	223384.0	101585.0	40107.0	663.0	-725.0	-290.0	31722.0	-10.0
177	0.0187	220614.0	100791.0	39787.0	665.0	-2770.0	-794.0	-320.0	2.0
178	0.0188	220937.0	100854.0	39932.0	668.0	323.0	63.0	145.0	3.0
179	0.0189	221275.0	101004.0	40103.0	670.0	338.0	150.0	171.0	2.0
180	0.019	221337.0	101134.0	40030.0	669.0	62.0	130.0	-73.0	-1.0
181	0.0191	221657.0	101266.0	39913.0	668.0	320.0	132.0	-117.0	-1.0
182	0.0192	222317.0	101371.0	72005.0	671.0	660.0	105.0	32092.0	3.0
183	0.0193	222745.0	101466.0	8356.0	672.0	428.0	95.0	-63649.0	1.0
184	0.0194	222805.0	101563.0	40397.0	672.0	60.0	97.0	32041.0	0.0
185	0.0195	222810.0	101621.0	72107.0	667.0	5.0	58.0	31710.0	-5.0
186	0.0196	224598.0	101679.0	40253.0	667.0	1788.0	58.0	-31854.0	0.0
187	0.0197	225073.0	101743.0	40419.0	675.0	475.0	64.0	166.0	8.0
188	0.0198	223717.0	101793.0	8391.0	676.0	-1356.0	50.0	-32028.0	1.0
189	0.0199	223423.0	101845.0	72515.0	676.0	-294.0	52.0	64124.0	0.0
190	0.02	223455.0	101872.0	40316.0	671.0	32.0	27.0	-32199.0	-5.0
191	0.0201	225219.0	101914.0	40371.0	671.0	1764.0	42.0	55.0	0.0
192	0.0202	225540.0	101949.0	40520.0	673.0	321.0	35.0	149.0	2.0
193	0.0203	225449.0	101989.0	40486.0	674.0	-91.0	40.0	-34.0	1.0
194	0.0204	225067.0	102016.0	40462.0	674.0	-382.0	27.0	-24.0	0.0
195	0.0205	225017.0	102048.0	40368.0	673.0	-50.0	32.0	-94.0	-1.0
196	0.0206	225225.0	102055.0	40461.0	674.0	208.0	7.0	93.0	1.0
197	0.0207	225218.0	102064.0	40578.0	675.0	-7.0	9.0	117.0	1.0
198	0.0208	224994.0	102084.0	40466.0	675.0	-224.0	20.0	-112.0	0.0
199	0.0209	224671.0	102090.0	40465.0	675.0	-323.0	6.0	-1.0	0.0
200	0.021	224678.0	102108.0	40371.0	674.0	7.0	18.0	-94.0	-1.0
201	0.0211	225070.0	102132.0	40535.0	676.0	392.0	24.0	164.0	2.0
202	0.0212	225090.0	102169.0	40625.0	677.0	20.0	37.0	90.0	1.0
203	0.0213	224833.0	102173.0	40503.0	677.0	-257.0	4.0	-122.0	0.0
204	0.0214	224634.0	102173.0	40488.0	676.0	-199.0	0.0	-15.0	-1.0
205	0.0215	224732.0	102178.0	40421.0	675.0	98.0	5.0	-67.0	-1.0
206	0.0216	224958.0	102185.0	40564.0	676.0	226.0	7.0	143.0	1.0
207	0.0217	224952.0	102211.0	32201.0	4830.0	-6.0	26.0	-8363.0	4154.0
