	time	ins	cycle	memory	branchm	ins_d	cycle_d	memory_d	branchm_d
0	0.001	30421	29425.0	19563.0	1215.0	0.0	0.0	0.0	0.0
1	0.0011	115589	72493.0	24415.0	0.0	85168.0	43068.0	4852.0	-1215.0
2	0.0012	224972	84685.0	25990.0	1176.0	109383.0	12192.0	1575.0	1176.0
3	0.0013	107740	102331.0	37325.0	0.0	-117232.0	17646.0	11335.0	-1176.0
4	0.0014	245083	58020.0	21259.0	1093.0	137343.0	-44311.0	-16066.0	1093.0
5	0.0015	136266	62234.0	49257.0	0.0	-108817.0	4214.0	27998.0	-1093.0
6	0.0016	143828	133450.0	26858.0	1024.0	7562.0	71216.0	-22399.0	1024.0
7	0.0017	306027	71267.0	27856.0	0.0	162199.0	-62183.0	998.0	-1024.0
8	0.0018	160920	74963.0	52337.0	968.0	-145107.0	3696.0	24481.0	968.0
9	0.0019	165912	155614.0	30287.0	0.0	4992.0	80651.0	-22050.0	-968.0
10	0.002	169887	80779.0	31158.0	919.0	3975.0	-74835.0	871.0	919.0
11	0.0021	351530	82610.0	38534.0	875.0	181643.0	1831.0	7376.0	-44.0
12	0.0022	181498	83709.0	32615.0	0.0	-170032.0	1099.0	-5919.0	-875.0
13	0.0023	183421	84621.0	26247.0	766.0	1923.0	912.0	-6368.0	766.0
14	0.0024	0	79500.0	36993.0	730.0	-183421.0	-5121.0	10746.0	-36.0
15	0.0025	338650	77522.0	30224.0	703.0	338650.0	-1978.0	-6769.0	-27.0
16	0.0026	169476	79262.0	30695.0	0.0	-169174.0	1740.0	471.0	-703.0
17	0.0027	174488	80667.0	56687.0	691.0	5012.0	1405.0	25992.0	691.0
18	0.0028	177069	81889.0	32517.0	680.0	2581.0	1222.0	-24170.0	-11.0
19	0.0029	179796	82984.0	32911.0	670.0	2727.0	1095.0	394.0	-10.0
20	0.003	182035	169956.0	33428.0	661.0	2239.0	86972.0	517.0	-9.0
21	0.0031	183686	86165.0	33635.0	652.0	1651.0	-83791.0	207.0	-9.0
22	0.0032	187303	86821.0	33960.0	645.0	3617.0	656.0	325.0	-7.0
23	0.0033	188874	87403.0	34387.0	644.0	1571.0	582.0	427.0	-1.0
24	0.0034	381768	87928.0	34618.0	642.0	192894.0	525.0	231.0	-2.0
25	0.0035	193954	88398.0	34809.0	635.0	-187814.0	470.0	191.0	-7.0
26	0.0036	193544	89415.0	35012.0	630.0	-410.0	1017.0	203.0	-5.0
27	0.0037	194545	89795.0	35250.0	0.0	1001.0	380.0	238.0	-630.0
28	0.0038	196540	90052.0	35286.0	634.0	1995.0	257.0	36.0	634.0
29	0.0039	197024	90298.0	35587.0	626.0	484.0	246.0	301.0	-8.0
30	0.004	197803	90503.0	35677.0	623.0	779.0	205.0	90.0	-3.0
31	0.0041	199645	90690.0	35648.0	623.0	1842.0	187.0	-29.0	0.0
32	0.0042	199698	90827.0	35867.0	623.0	53.0	137.0	219.0	0.0
33	0.0043	198754	90950.0	35923.0	619.0	-944.0	123.0	56.0	-4.0
34	0.0044	200538	91084.0	36128.0	617.0	1784.0	134.0	205.0	-2.0
35	0.0045	200443	91203.0	36187.0	619.0	-95.0	119.0	59.0	2.0
36	0.0046	200622	91321.0	36160.0	619.0	179.0	118.0	-27.0	0.0
37	0.0047	201058	91420.0	36276.0	618.0	436.0	99.0	116.0	-1.0
38	0.0048	201098	91518.0	36242.0	616.0	40.0	98.0	-34.0	-2.0
39	0.0049	201015	91605.0	36251.0	618.0	-83.0	87.0	9.0	2.0
40	0.005	201485	91684.0	36356.0	618.0	470.0	79.0	105.0	0.0
41	0.0051	201556	91750.0	36390.0	616.0	71.0	66.0	34.0	-2.0
42	0.0052	201338	91800.0	36408.0	616.0	-218.0	50.0	18.0	0.0
43	0.0053	201415	91821.0	36349.0	616.0	77.0	21.0	-59.0	0.0
44	0.0054	201649	91873.0	36430.0	616.0	234.0	52.0	81.0	0.0
45	0.0055	201338	91915.0	36340.0	614.0	-311.0	42.0	-90.0	-2.0
46	0.0056	201243	91935.0	36489.0	616.0	-95.0	20.0	149.0	2.0
47	0.0057	201608	91975.0	36443.0	617.0	365.0	40.0	-46.0	1.0
48	0.0058	201547	91996.0	36460.0	615.0	-61.0	21.0	17.0	-2.0
49	0.0059	201332	92029.0	36388.0	612.0	-215.0	33.0	-72.0	-3.0
50	0.006	201575	92614.0	36575.0	617.0	243.0	585.0	187.0	5.0
51	0.0061	203006	92546.0	36553.0	620.0	1431.0	-68.0	-22.0	3.0
52	0.0062	202791	92498.0	36627.0	614.0	-215.0	-48.0	74.0	-6.0
53	0.0063	202663	93029.0	36678.0	614.0	-128.0	531.0	51.0	0.0
54	0.0064	202444	92791.0	36530.0	602.0	-219.0	-238.0	-148.0	-12.0
55	0.0065	198119	90882.0	35977.0	602.0	-4325.0	-1909.0	-553.0	0.0
56	0.0066	197733	90807.0	35808.0	601.0	-386.0	-75.0	-169.0	-1.0
57	0.0067	198259	90929.0	35838.0	604.0	526.0	122.0	30.0	3.0
58	0.0068	198701	91028.0	35994.0	606.0	442.0	99.0	156.0	2.0
59	0.0069	198641	91142.0	35994.0	605.0	-60.0	114.0	0.0	-1.0
60	0.007	198971	91239.0	35930.0	608.0	330.0	97.0	-64.0	3.0
61	0.0071	199594	91334.0	36105.0	609.0	623.0	95.0	175.0	1.0
62	0.0072	199508	91412.0	36175.0	608.0	-86.0	78.0	70.0	-1.0
63	0.0073	199625	91475.0	35995.0	608.0	117.0	63.0	-180.0	0.0
64	0.0074	200166	91550.0	36145.0	610.0	541.0	75.0	150.0	2.0
65	0.0075	200287	91604.0	36304.0	610.0	121.0	54.0	159.0	0.0
66	0.0076	200181	91661.0	36238.0	608.0	-106.0	57.0	-66.0	-2.0
67	0.0077	200546	91724.0	36204.0	611.0	365.0	63.0	-34.0	3.0
68	0.0078	200852	91784.0	36341.0	612.0	306.0	60.0	137.0	1.0
69	0.0079	200578	91824.0	36377.0	611.0	-274.0	40.0	36.0	-1.0
70	0.008	200688	91861.0	36175.0	607.0	110.0	37.0	-202.0	-4.0
71	0.0081	202511	91894.0	36311.0	609.0	1823.0	33.0	136.0	2.0
72	0.0082	202372	91917.0	36467.0	613.0	-139.0	23.0	156.0	4.0
73	0.0083	200898	91910.0	36270.0	608.0	-1474.0	-7.0	-197.0	-5.0
74	0.0084	202630	91951.0	36306.0	609.0	1732.0	41.0	36.0	1.0
75	0.0085	202706	91986.0	36451.0	610.0	76.0	35.0	145.0	1.0
76	0.0086	202303	92000.0	36471.0	609.0	-403.0	14.0	20.0	-1.0
77	0.0087	202307	92014.0	36257.0	608.0	4.0	14.0	-214.0	-1.0
78	0.0088	202612	92037.0	36383.0	610.0	305.0	23.0	126.0	2.0
79	0.0089	202275	92064.0	36539.0	610.0	-337.0	27.0	156.0	0.0
80	0.009	202044	92081.0	36219.0	608.0	-231.0	17.0	-320.0	-2.0
81	0.0091	202288	92636.0	36380.0	610.0	244.0	555.0	161.0	2.0
82	0.0092	202206	92115.0	36544.0	610.0	-82.0	-521.0	164.0	0.0
83	0.0093	201922	92076.0	36561.0	0.0	-284.0	-39.0	17.0	-610.0
84	0.0094	201929	92069.0	36284.0	1219.0	7.0	-7.0	-277.0	1219.0
85	0.0095	202132	92627.0	36461.0	611.0	203.0	558.0	177.0	-608.0
86	0.0096	201900	92125.0	36606.0	0.0	-232.0	-502.0	145.0	-611.0
87	0.0097	201787	92067.0	36300.0	611.0	-113.0	-58.0	-306.0	611.0
88	0.0098	202073	92631.0	36361.0	610.0	286.0	564.0	61.0	-1.0
89	0.0099	202034	92648.0	36606.0	610.0	-39.0	17.0	245.0	0.0
90	0.01	201790	92113.0	36648.0	611.0	-244.0	-535.0	42.0	1.0
91	0.0101	201929	92069.0	36340.0	611.0	139.0	-44.0	-308.0	0.0
92	0.0102	202174	92629.0	36455.0	605.0	245.0	560.0	115.0	-6.0
93	0.0103	201797	92627.0	29197.0	612.0	-377.0	-2.0	-7258.0	7.0
94	0.0104	201621	92036.0	36493.0	606.0	-176.0	-591.0	7296.0	-6.0
95	0.0105	199172	91282.0	43324.0	601.0	-2449.0	-754.0	6831.0	-5.0
96	0.0106	199044	91272.0	36274.0	601.0	-128.0	-10.0	-7050.0	0.0
97	0.0107	199045	91371.0	28770.0	607.0	1.0	99.0	-7504.0	6.0
98	0.0108	199610	91468.0	36076.0	604.0	565.0	97.0	7306.0	-3.0
99	0.0109	199956	91558.0	43700.0	603.0	346.0	90.0	7624.0	-1.0
100	0.011	199867	91629.0	28951.0	611.0	-89.0	71.0	-14749.0	8.0
101	0.0111	200137	91705.0	36191.0	608.0	270.0	76.0	7240.0	-3.0
102	0.0112	200562	91732.0	43783.0	607.0	425.0	27.0	7592.0	-1.0
103	0.0113	200502	91784.0	36537.0	607.0	-60.0	52.0	-7246.0	0.0
104	0.0114	200507	91834.0	28888.0	608.0	5.0	50.0	-7649.0	1.0
105	0.0115	200843	91850.0	36430.0	608.0	336.0	16.0	7542.0	0.0
106	0.0116	202278	91874.0	43854.0	606.0	1435.0	24.0	7424.0	-2.0
107	0.0117	200852	91906.0	29026.0	609.0	-1426.0	32.0	-14828.0	3.0
108	0.0118	200980	91934.0	36462.0	609.0	128.0	28.0	7436.0	0.0
109	0.0119	202717	91961.0	43814.0	608.0	1737.0	27.0	7352.0	-1.0
110	0.012	202505	91999.0	36613.0	608.0	-212.0	38.0	-7201.0	0.0
111	0.0121	201158	92009.0	28862.0	610.0	-1347.0	10.0	-7751.0	2.0
112	0.0122	201376	92027.0	36505.0	610.0	218.0	18.0	7643.0	0.0
113	0.0123	202727	92036.0	36422.0	608.0	1351.0	9.0	-83.0	-2.0
114	0.0124	202527	92044.0	36546.0	610.0	-200.0	8.0	124.0	2.0
115	0.0125	201509	92068.0	36519.0	611.0	-1018.0	24.0	-27.0	1.0
116	0.0126	202857	92066.0	36434.0	610.0	1348.0	-2.0	-85.0	-1.0
117	0.0127	202598	92067.0	36478.0	609.0	-259.0	1.0	44.0	-1.0
118	0.0128	201291	92078.0	36495.0	611.0	-1307.0	11.0	17.0	2.0
119	0.0129	201487	92088.0	36552.0	611.0	196.0	10.0	57.0	0.0
120	0.013	202736	92086.0	36448.0	609.0	1249.0	-2.0	-104.0	-2.0
121	0.0131	202495	92081.0	36557.0	611.0	-241.0	-5.0	109.0	2.0
122	0.0132	202736	92096.0	36482.0	612.0	241.0	15.0	-75.0	1.0
123	0.0133	202794	92107.0	36465.0	611.0	58.0	11.0	-17.0	-1.0
124	0.0134	202331	92108.0	36479.0	606.0	-463.0	1.0	14.0	-5.0
125	0.0135	202362	92661.0	36420.0	612.0	31.0	553.0	-59.0	6.0
126	0.0136	202579	92167.0	36507.0	612.0	217.0	-494.0	87.0	0.0
127	0.0137	202483	92124.0	36471.0	607.0	-96.0	-43.0	-36.0	-5.0
128	0.0138	202158	92697.0	36477.0	607.0	-325.0	573.0	6.0	0.0
129	0.0139	202410	92693.0	36504.0	609.0	252.0	-4.0	27.0	2.0
130	0.014	202375	92654.0	36512.0	609.0	-35.0	-39.0	8.0	0.0
131	0.0141	201938	92585.0	36477.0	607.0	-437.0	-69.0	-35.0	-2.0
132	0.0142	201950	92534.0	36399.0	609.0	12.0	-51.0	-78.0	2.0
133	0.0143	202260	92486.0	36468.0	610.0	310.0	-48.0	69.0	1.0
134	0.0144	201855	92386.0	36302.0	597.0	-405.0	-100.0	-166.0	-13.0
135	0.0145	197535	90540.0	35686.0	598.0	-4320.0	-1846.0	-616.0	1.0
136	0.0146	197795	90515.0	35717.0	601.0	260.0	-25.0	31.0	3.0
137	0.0147	198098	90683.0	35808.0	601.0	303.0	168.0	91.0	0.0
138	0.0148	198204	90840.0	35819.0	592.0	106.0	157.0	11.0	-9.0
139	0.0149	196381	90995.0	35970.0	603.0	-1823.0	155.0	151.0	11.0
140	0.015	198951	90712.0	35779.0	612.0	2570.0	-283.0	-191.0	9.0
141	0.0151	201186	91772.0	36082.0	615.0	2235.0	1060.0	303.0	3.0
142	0.0152	203644	92866.0	36743.0	623.0	2458.0	1094.0	661.0	8.0
143	0.0153	206106	93866.0	37084.0	629.0	2462.0	1000.0	341.0	6.0
144	0.0154	207895	94790.0	67330.0	634.0	1789.0	924.0	30246.0	5.0
145	0.0155	209394	95605.0	37988.0	637.0	1499.0	815.0	-29342.0	3.0
146	0.0156	211201	96316.0	38364.0	644.0	1807.0	711.0	376.0	7.0
147	0.0157	212714	96966.0	38609.0	648.0	1513.0	650.0	245.0	4.0
148	0.0158	213663	97555.0	38779.0	650.0	949.0	589.0	170.0	2.0
149	0.0159	214660	98075.0	46914.0	651.0	997.0	520.0	8135.0	1.0
150	0.016	215890	98505.0	39305.0	656.0	1230.0	430.0	-7609.0	5.0
151	0.0161	216953	198192.0	31107.0	658.0	1063.0	99687.0	-8198.0	2.0
152	0.0162	217546	99607.0	39501.0	659.0	593.0	-98585.0	8394.0	1.0
153	0.0163	218059	99874.0	47569.0	659.0	513.0	267.0	8068.0	0.0
154	0.0164	218940	100143.0	39726.0	664.0	881.0	269.0	-7843.0	5.0
155	0.0165	219683	100370.0	31642.0	666.0	743.0	227.0	-8084.0	2.0
156	0.0166	220065	100556.0	40017.0	667.0	382.0	186.0	8375.0	1.0
157	0.0167	220251	100713.0	47966.0	663.0	186.0	157.0	7949.0	-4.0
158	0.0168	222299	100858.0	39954.0	663.0	2048.0	145.0	-8012.0	0.0
159	0.0169	222919	100984.0	40119.0	667.0	620.0	126.0	165.0	4.0
160	0.017	223057	101092.0	31901.0	672.0	138.0	108.0	-8218.0	5.0
161	0.0171	221660	101200.0	48288.0	669.0	-1397.0	108.0	16387.0	-3.0
162	0.0172	223139	101320.0	40080.0	669.0	1479.0	120.0	-8208.0	0.0
163	0.0173	223720	101423.0	40222.0	670.0	581.0	103.0	142.0	1.0
164	0.0174	223910	101499.0	40363.0	671.0	190.0	76.0	141.0	1.0
165	0.0175	223823	101559.0	32058.0	672.0	-87.0	60.0	-8305.0	1.0
166	0.0176	223497	101622.0	48397.0	672.0	-326.0	63.0	16339.0	0.0
167	0.0177	223618	101648.0	40208.0	671.0	121.0	26.0	-8189.0	-1.0
168	0.0178	223956	101709.0	40355.0	674.0	338.0	61.0	147.0	3.0
169	0.0179	224022	101757.0	40451.0	675.0	66.0	48.0	96.0	1.0
170	0.018	223764	101794.0	32044.0	675.0	-258.0	37.0	-8407.0	0.0
171	0.0181	223562	101830.0	48430.0	674.0	-202.0	36.0	16386.0	-1.0
172	0.0182	223797	102422.0	40312.0	673.0	235.0	592.0	-8118.0	-1.0
173	0.0183	224017	101923.0	32056.0	674.0	220.0	-499.0	-8256.0	1.0
174	0.0184	223257	101607.0	40374.0	666.0	-760.0	-316.0	8318.0	-8.0
175	0.0185	220008	100263.0	39699.0	666.0	-3249.0	-1344.0	-675.0	0.0
176	0.0186	219893	100846.0	39558.0	666.0	-115.0	583.0	-141.0	0.0
177	0.0187	220546	101046.0	39664.0	667.0	653.0	200.0	106.0	1.0
178	0.0188	221100	100641.0	39958.0	669.0	554.0	-405.0	294.0	2.0
179	0.0189	221189	100751.0	40109.0	669.0	89.0	110.0	151.0	0.0
180	0.019	221299	100866.0	39950.0	669.0	110.0	115.0	-159.0	0.0
181	0.0191	221618	101587.0	39860.0	668.0	319.0	721.0	-90.0	-1.0
182	0.0192	222139	101717.0	40028.0	671.0	521.0	130.0	168.0	3.0
183	0.0193	222301	101240.0	40269.0	673.0	162.0	-477.0	241.0	2.0
184	0.0194	222268	101275.0	40174.0	674.0	-33.0	35.0	-95.0	1.0
185	0.0195	222298	101922.0	40089.0	673.0	30.0	647.0	-85.0	-1.0
186	0.0196	222789	102023.0	40090.0	673.0	491.0	101.0	1.0	0.0
187	0.0197	223023	102032.0	40272.0	676.0	234.0	9.0	182.0	3.0
188	0.0198	223095	101535.0	40479.0	678.0	72.0	-497.0	207.0	2.0
189	0.0199	222934	101502.0	40309.0	678.0	-161.0	-33.0	-170.0	0.0
190	0.02	222900	102136.0	40173.0	677.0	-34.0	634.0	-136.0	-1.0
191	0.0201	223358	102204.0	40225.0	677.0	458.0	68.0	52.0	0.0
192	0.0202	223584	102215.0	40402.0	678.0	226.0	11.0	177.0	1.0
193	0.0203	223432	101688.0	40478.0	678.0	-152.0	-527.0	76.0	0.0
194	0.0204	223366	101672.0	40416.0	678.0	-66.0	-16.0	-62.0	0.0
195	0.0205	223719	102309.0	40301.0	677.0	353.0	637.0	-115.0	-1.0
196	0.0206	223988	102339.0	40381.0	677.0	269.0	30.0	80.0	0.0
197	0.0207	223997	102323.0	40510.0	679.0	9.0	-16.0	129.0	2.0
198	0.0208	223782	102297.0	40412.0	679.0	-215.0	-26.0	-98.0	0.0
199	0.0209	447883	102272.0	40430.0	679.0	224101.0	-25.0	18.0	0.0
200	0.021	0	102256.0	40331.0	678.0	-447883.0	-16.0	-99.0	-1.0
201	0.0211	224183	102217.0	40442.0	679.0	224183.0	-39.0	111.0	1.0
202	0.0212	223951	102207.0	40538.0	680.0	-232.0	-10.0	96.0	1.0
203	0.0213	223719	102188.0	40419.0	680.0	-232.0	-19.0	-119.0	0.0
204	0.0214	447555	102096.0	40368.0	679.0	223836.0	-92.0	-51.0	-1.0
205	0.0215	0	102084.0	40248.0	673.0	-447555.0	-12.0	-120.0	-6.0
206	0.0216	225410	102077.0	40669.0	1351.0	225410.0	-7.0	421.0	678.0
207	0.0217	223931	102074.0	32361.0	6703.0	-1479.0	-3.0	-8308.0	5352.0
