	time	ins	cycle	memory	branchm	ins_d	cycle_d	memory_d	branchm_d
0	0.001	108942.0	42182	31151.0	1258.0	0.0	0.0	0.0	0.0
1	0.0011	244649.0	92170	34100.0	0.0	135707.0	49988.0	2949.0	-1258.0
2	0.0012	246563.0	110855	38106.0	1193.0	1914.0	18685.0	4006.0	1193.0
3	0.0013	140471.0	63604	24808.0	0.0	-106092.0	-47251.0	-13298.0	-1193.0
4	0.0014	149325.0	140630	54559.0	1116.0	8854.0	77026.0	29751.0	1116.0
5	0.0015	325033.0	76053	29632.0	0.0	175708.0	-64577.0	-24927.0	-1116.0
6	0.0016	172689.0	78950	30631.0	1054.0	-152344.0	2897.0	999.0	1054.0
7	0.0017	179711.0	167434	32223.0	1004.0	7022.0	88484.0	1592.0	-50.0
8	0.0018	184692.0	87061	67222.0	0.0	4981.0	-80373.0	34999.0	-1004.0
9	0.0019	384043.0	88789	34817.0	958.0	199351.0	1728.0	-32405.0	958.0
10	0.002	198749.0	90899	35753.0	916.0	-185294.0	2110.0	936.0	-42.0
11	0.0021	201268.0	92223	36190.0	0.0	2519.0	1324.0	437.0	-916.0
12	0.0022	204052.0	94580	36707.0	887.0	2784.0	2357.0	517.0	887.0
13	0.0023	207704.0	95000	37449.0	855.0	3652.0	420.0	742.0	-32.0
14	0.0024	209392.0	95741	37907.0	827.0	1688.0	741.0	458.0	-28.0
15	0.0025	211094.0	96441	38546.0	811.0	1702.0	700.0	639.0	-16.0
16	0.0026	212760.0	98336	38783.0	0.0	1666.0	1895.0	237.0	-811.0
17	0.0027	215458.0	98904	70114.0	794.0	2698.0	568.0	31331.0	794.0
18	0.0028	216424.0	196896	39623.0	782.0	966.0	97992.0	-30491.0	-12.0
19	0.0029	217409.0	100885	39538.0	766.0	985.0	-96011.0	-85.0	-16.0
20	0.003	218458.0	101250	39799.0	713.0	1049.0	365.0	261.0	-53.0
21	0.0031	206046.0	0	7821.0	687.0	-12412.0	-101250.0	-31978.0	-26.0
22	0.0032	201121.0	95450	37702.0	0.0	-4925.0	95450.0	29881.0	-687.0
23	0.0033	202534.0	92495	36803.0	686.0	1413.0	-2955.0	-899.0	686.0
24	0.0034	205005.0	94338	36557.0	675.0	2471.0	1843.0	-246.0	-11.0
25	0.0035	202396.0	93594	36410.0	666.0	-2609.0	-744.0	-147.0	-9.0
26	0.0036	202924.0	93256	36687.0	665.0	528.0	-338.0	277.0	-1.0
27	0.0037	203219.0	93131	36698.0	662.0	295.0	-125.0	11.0	-3.0
28	0.0038	204594.0	93602	36559.0	651.0	1375.0	471.0	-139.0	-11.0
29	0.0039	203023.0	93518	37132.0	642.0	-1571.0	-84.0	573.0	-9.0
30	0.004	202856.0	93394	37144.0	635.0	-167.0	-124.0	12.0	-7.0
31	0.0041	204442.0	93279	36846.0	634.0	1586.0	-115.0	-298.0	-1.0
32	0.0042	205661.0	93176	36989.0	633.0	1219.0	-103.0	143.0	-1.0
33	0.0043	204038.0	93075	37076.0	630.0	-1623.0	-101.0	87.0	-3.0
34	0.0044	204030.0	92987	36909.0	627.0	-8.0	-88.0	-167.0	-3.0
35	0.0045	205410.0	92910	36764.0	628.0	1380.0	-77.0	-145.0	1.0
36	0.0046	204920.0	92848	36925.0	627.0	-490.0	-62.0	161.0	-1.0
37	0.0047	203499.0	92798	36993.0	625.0	-1421.0	-50.0	68.0	-2.0
38	0.0048	203521.0	93303	36513.0	626.0	22.0	505.0	-480.0	1.0
39	0.0049	205747.0	93130	36781.0	626.0	2226.0	-173.0	268.0	0.0
40	0.005	205394.0	93010	37124.0	0.0	-353.0	-120.0	343.0	-626.0
41	0.0051	204007.0	92936	29446.0	625.0	-1387.0	-74.0	-7678.0	625.0
42	0.0052	205302.0	92857	44408.0	622.0	1295.0	-79.0	14962.0	-3.0
43	0.0053	204793.0	92804	36866.0	622.0	-509.0	-53.0	-7542.0	0.0
44	0.0054	204476.0	92756	29309.0	623.0	-317.0	-48.0	-7557.0	1.0
45	0.0055	204266.0	93138	44540.0	625.0	-210.0	382.0	15231.0	2.0
46	0.0056	205318.0	93614	36711.0	621.0	1052.0	476.0	-7829.0	-4.0
47	0.0057	204889.0	93042	37037.0	623.0	-429.0	-572.0	326.0	2.0
48	0.0058	204709.0	92934	29408.0	623.0	-180.0	-108.0	-7629.0	0.0
49	0.0059	204757.0	93417	36748.0	622.0	48.0	483.0	7340.0	-1.0
50	0.006	205283.0	93246	44472.0	621.0	526.0	-171.0	7724.0	-1.0
51	0.0061	204952.0	93126	29515.0	623.0	-331.0	-120.0	-14957.0	2.0
52	0.0062	205038.0	93047	37125.0	623.0	86.0	-79.0	7610.0	0.0
53	0.0063	204848.0	93550	36795.0	621.0	-190.0	503.0	-330.0	-2.0
54	0.0064	204391.0	92976	44557.0	619.0	-457.0	-574.0	7762.0	-2.0
55	0.0065	204202.0	92871	29444.0	619.0	-189.0	-105.0	-15113.0	0.0
56	0.0066	204218.0	93376	36756.0	619.0	16.0	505.0	7312.0	0.0
57	0.0067	203831.0	93308	36618.0	617.0	-387.0	-68.0	-138.0	-2.0
58	0.0068	203370.0	92691	36908.0	617.0	-461.0	-617.0	290.0	0.0
59	0.0069	203507.0	92592	36989.0	617.0	137.0	-99.0	81.0	0.0
60	0.007	203478.0	93103	36658.0	617.0	-29.0	511.0	-331.0	0.0
61	0.0071	203132.0	93034	36556.0	602.0	-346.0	-69.0	-102.0	-15.0
62	0.0072	200099.0	91668	36471.0	613.0	-3033.0	-1366.0	-85.0	11.0
63	0.0073	200175.0	91597	36049.0	615.0	76.0	-71.0	-422.0	2.0
64	0.0074	200182.0	91644	36004.0	606.0	7.0	47.0	-45.0	-9.0
65	0.0075	200262.0	91707	36572.0	606.0	80.0	63.0	568.0	0.0
66	0.0076	200827.0	91773	36691.0	607.0	565.0	66.0	119.0	1.0
67	0.0077	201020.0	92385	36449.0	607.0	193.0	612.0	-242.0	0.0
68	0.0078	200889.0	92445	36362.0	605.0	-131.0	60.0	-87.0	-2.0
69	0.0079	201128.0	91924	36746.0	607.0	239.0	-521.0	384.0	2.0
70	0.008	201603.0	92464	36510.0	608.0	475.0	540.0	-236.0	1.0
71	0.0081	201335.0	92508	36418.0	608.0	-268.0	44.0	-92.0	0.0
72	0.0082	201216.0	92485	36498.0	608.0	-119.0	-23.0	80.0	0.0
73	0.0083	201601.0	92479	36533.0	609.0	385.0	-6.0	35.0	1.0
74	0.0084	201651.0	92449	36477.0	609.0	50.0	-30.0	-56.0	0.0
75	0.0085	201404.0	92419	36408.0	607.0	-247.0	-30.0	-69.0	-2.0
76	0.0086	201690.0	91892	36773.0	610.0	286.0	-527.0	365.0	3.0
77	0.0087	201922.0	92431	36522.0	610.0	232.0	539.0	-251.0	0.0
78	0.0088	201646.0	92475	36451.0	609.0	-276.0	44.0	-71.0	-1.0
79	0.0089	201680.0	92445	36533.0	609.0	34.0	-30.0	82.0	0.0
80	0.009	202038.0	92432	36576.0	611.0	358.0	-13.0	43.0	2.0
81	0.0091	201942.0	92429	36532.0	611.0	-96.0	-3.0	-44.0	0.0
82	0.0092	201771.0	92392	36448.0	608.0	-171.0	-37.0	-84.0	-3.0
83	0.0093	204723.0	92280	36862.0	610.0	2952.0	-112.0	414.0	2.0
84	0.0094	204852.0	92795	36741.0	614.0	129.0	515.0	-121.0	4.0
85	0.0095	203106.0	92785	36675.0	610.0	-1746.0	-10.0	-66.0	-4.0
86	0.0096	204265.0	92740	36718.0	609.0	1159.0	-45.0	43.0	-1.0
87	0.0097	204503.0	92704	36738.0	611.0	238.0	-36.0	20.0	2.0
88	0.0098	204106.0	92642	36680.0	616.0	-397.0	-62.0	-58.0	5.0
89	0.0099	202400.0	92594	36553.0	611.0	-1706.0	-48.0	-127.0	-5.0
90	0.01	203856.0	92534	36698.0	612.0	1456.0	-60.0	145.0	1.0
91	0.0101	203998.0	92523	36620.0	612.0	142.0	-11.0	-78.0	0.0
92	0.0102	203575.0	92512	36595.0	612.0	-423.0	-11.0	-25.0	0.0
93	0.0103	203410.0	92500	36604.0	611.0	-165.0	-12.0	9.0	-1.0
94	0.0104	203550.0	92490	36634.0	613.0	140.0	-10.0	30.0	2.0
95	0.0105	203402.0	92471	36611.0	613.0	-148.0	-19.0	-23.0	0.0
96	0.0106	203019.0	92447	36532.0	612.0	-383.0	-24.0	-79.0	-1.0
97	0.0107	203083.0	92418	36635.0	613.0	64.0	-29.0	103.0	1.0
98	0.0108	203155.0	92418	36564.0	614.0	72.0	0.0	-71.0	1.0
99	0.0109	202722.0	92419	36568.0	614.0	-433.0	1.0	4.0	0.0
100	0.011	202576.0	92409	36529.0	0.0	-146.0	-10.0	-39.0	-614.0
101	0.0111	202651.0	92361	36425.0	612.0	75.0	-48.0	-104.0	612.0
102	0.0112	199795.0	91181	35938.0	601.0	-2856.0	-1180.0	-487.0	-11.0
103	0.0113	197308.0	90146	35571.0	601.0	-2487.0	-1035.0	-367.0	0.0
104	0.0114	197760.0	90238	35712.0	601.0	452.0	92.0	141.0	0.0
105	0.0115	198316.0	90437	35749.0	602.0	556.0	199.0	37.0	1.0
106	0.0116	198394.0	90647	35810.0	604.0	78.0	210.0	61.0	2.0
107	0.0117	198896.0	90841	35882.0	604.0	502.0	194.0	72.0	0.0
108	0.0118	199499.0	90997	35918.0	602.0	603.0	156.0	36.0	-2.0
109	0.0119	199620.0	91152	36073.0	605.0	121.0	155.0	155.0	3.0
110	0.012	199886.0	91280	36072.0	606.0	266.0	128.0	-1.0	1.0
111	0.0121	201477.0	91827	36358.0	607.0	1591.0	547.0	286.0	1.0
112	0.0122	201651.0	91903	36410.0	607.0	174.0	76.0	52.0	0.0
113	0.0123	201502.0	91954	36438.0	608.0	-149.0	51.0	28.0	1.0
114	0.0124	201810.0	92005	36463.0	608.0	308.0	51.0	25.0	0.0
115	0.0125	201981.0	92022	36404.0	606.0	171.0	17.0	-59.0	-2.0
116	0.0126	201662.0	92045	36475.0	609.0	-319.0	23.0	71.0	3.0
117	0.0127	201657.0	92061	36381.0	610.0	-5.0	16.0	-94.0	1.0
118	0.0128	202056.0	92647	36423.0	609.0	399.0	586.0	42.0	-1.0
119	0.0129	201971.0	92179	36536.0	610.0	-85.0	-468.0	113.0	1.0
120	0.013	201813.0	92155	36554.0	612.0	-158.0	-24.0	18.0	2.0
121	0.0131	202086.0	92167	36497.0	612.0	273.0	12.0	-57.0	0.0
122	0.0132	203234.0	92733	36733.0	612.0	1148.0	566.0	236.0	0.0
123	0.0133	202976.0	92612	36789.0	614.0	-258.0	-121.0	56.0	2.0
124	0.0134	202977.0	92568	36671.0	614.0	1.0	-44.0	-118.0	0.0
125	0.0135	203173.0	93087	36711.0	613.0	196.0	519.0	40.0	-1.0
126	0.0136	202968.0	93057	36949.0	612.0	-205.0	-30.0	238.0	-1.0
127	0.0137	202663.0	92470	29077.0	614.0	-305.0	-587.0	-7872.0	2.0
128	0.0138	202937.0	92400	44365.0	614.0	274.0	-70.0	15288.0	0.0
129	0.0139	204247.0	92943	36763.0	612.0	1310.0	543.0	-7602.0	-2.0
130	0.014	202684.0	92918	36911.0	613.0	-1563.0	-25.0	148.0	1.0
131	0.0141	202571.0	92859	29056.0	613.0	-113.0	-59.0	-7855.0	0.0
132	0.0142	202713.0	92779	44198.0	613.0	142.0	-80.0	15142.0	0.0
133	0.0143	203882.0	92716	36757.0	610.0	1169.0	-63.0	-7441.0	-3.0
134	0.0144	202521.0	92665	29169.0	612.0	-1361.0	-51.0	-7588.0	2.0
135	0.0145	203762.0	92542	37180.0	616.0	1241.0	-123.0	8011.0	4.0
136	0.0146	205104.0	93025	44379.0	614.0	1342.0	483.0	7199.0	-2.0
137	0.0147	204653.0	92988	36941.0	614.0	-451.0	-37.0	-7438.0	0.0
138	0.0148	203246.0	92914	29281.0	615.0	-1407.0	-74.0	-7660.0	1.0
139	0.0149	203223.0	92849	36878.0	615.0	-23.0	-65.0	7597.0	0.0
140	0.015	204295.0	92785	36660.0	612.0	1072.0	-64.0	-218.0	-3.0
141	0.0151	203724.0	92643	36717.0	603.0	-571.0	-142.0	57.0	-9.0
142	0.0152	198387.0	90158	35787.0	600.0	-5337.0	-2485.0	-930.0	-3.0
143	0.0153	200365.0	91105	35912.0	605.0	1978.0	947.0	125.0	5.0
144	0.0154	202467.0	92265	43985.0	611.0	2102.0	1160.0	8073.0	6.0
145	0.0155	204825.0	93347	29340.0	620.0	2358.0	1082.0	-14645.0	9.0
146	0.0156	207163.0	94335	44925.0	626.0	2338.0	988.0	15585.0	6.0
147	0.0157	208869.0	95172	37622.0	628.0	1706.0	837.0	-7303.0	2.0
148	0.0158	210325.0	95938	38103.0	633.0	1456.0	766.0	481.0	5.0
149	0.0159	212103.0	193868	38428.0	639.0	1778.0	97930.0	325.0	6.0
150	0.016	213531.0	97769	38347.0	1286.0	1428.0	-96099.0	-81.0	647.0
151	0.0161	214367.0	98267	69556.0	648.0	836.0	498.0	31209.0	-638.0
152	0.0162	215323.0	98695	39232.0	652.0	956.0	428.0	-30324.0	4.0
153	0.0163	434296.0	99070	39226.0	655.0	218973.0	375.0	-6.0	3.0
154	0.0164	218166.0	99411	39251.0	655.0	-216130.0	341.0	25.0	0.0
155	0.0165	218609.0	99722	39469.0	658.0	443.0	311.0	218.0	3.0
156	0.0166	219424.0	100001	39721.0	662.0	815.0	279.0	252.0	4.0
157	0.0167	220157.0	100260	39681.0	664.0	733.0	259.0	-40.0	2.0
158	0.0168	220463.0	100473	39722.0	664.0	306.0	213.0	41.0	0.0
159	0.0169	220624.0	100647	39756.0	664.0	161.0	174.0	34.0	0.0
160	0.017	220986.0	100815	39964.0	668.0	362.0	168.0	208.0	4.0
161	0.0171	221643.0	100958	40050.0	670.0	657.0	143.0	86.0	2.0
162	0.0172	221905.0	101081	40020.0	670.0	262.0	123.0	-30.0	0.0
163	0.0173	221888.0	101199	39971.0	669.0	-17.0	118.0	-49.0	-1.0
164	0.0174	222082.0	101304	40099.0	670.0	194.0	105.0	128.0	1.0
165	0.0175	222596.0	101393	40266.0	672.0	514.0	89.0	167.0	2.0
166	0.0176	223049.0	101485	40198.0	672.0	453.0	92.0	-68.0	0.0
167	0.0177	223078.0	101559	40220.0	672.0	29.0	74.0	22.0	0.0
168	0.0178	223022.0	101625	40167.0	667.0	-56.0	66.0	-53.0	-5.0
169	0.0179	223241.0	102233	40349.0	673.0	219.0	608.0	182.0	6.0
170	0.018	224840.0	102189	40688.0	678.0	1599.0	-44.0	339.0	5.0
171	0.0181	224998.0	102154	40566.0	678.0	158.0	-35.0	-122.0	0.0
172	0.0182	224734.0	102157	40533.0	674.0	-264.0	3.0	-33.0	-4.0
173	0.0183	224519.0	102719	40480.0	668.0	-215.0	562.0	-53.0	-6.0
174	0.0184	224657.0	102732	40828.0	675.0	138.0	13.0	348.0	7.0
175	0.0185	224876.0	102671	40639.0	681.0	219.0	-61.0	-189.0	6.0
176	0.0186	224858.0	102068	40561.0	682.0	-18.0	-603.0	-78.0	1.0
177	0.0187	224626.0	102031	40521.0	673.0	-232.0	-37.0	-40.0	-9.0
178	0.0188	224581.0	102608	40706.0	671.0	-45.0	577.0	185.0	-2.0
179	0.0189	224775.0	102638	40839.0	673.0	194.0	30.0	133.0	2.0
180	0.019	224932.0	102580	40728.0	678.0	157.0	-58.0	-111.0	5.0
181	0.0191	224400.0	102307	40350.0	0.0	-532.0	-273.0	-378.0	-678.0
182	0.0192	220909.0	100894	39829.0	670.0	-3491.0	-1413.0	-521.0	670.0
183	0.0193	220919.0	100877	40029.0	665.0	10.0	-17.0	200.0	-5.0
184	0.0194	221563.0	100985	40228.0	664.0	644.0	108.0	199.0	-1.0
185	0.0195	222097.0	101117	40189.0	668.0	534.0	132.0	-39.0	4.0
186	0.0196	222136.0	101233	40240.0	669.0	39.0	116.0	51.0	1.0
187	0.0197	222243.0	101341	40193.0	670.0	107.0	108.0	-47.0	1.0
188	0.0198	222628.0	101434	40318.0	669.0	385.0	93.0	125.0	-1.0
189	0.0199	224511.0	101521	40456.0	665.0	1883.0	87.0	138.0	-4.0
190	0.02	223385.0	101560	40354.0	672.0	-1126.0	39.0	-102.0	7.0
191	0.0201	223198.0	101647	40376.0	674.0	-187.0	87.0	22.0	2.0
192	0.0202	223314.0	101704	40321.0	674.0	116.0	57.0	-55.0	0.0
193	0.0203	225102.0	101751	40473.0	669.0	1788.0	47.0	152.0	-5.0
194	0.0204	225477.0	101806	40505.0	670.0	375.0	55.0	32.0	1.0
195	0.0205	225244.0	101841	40453.0	672.0	-233.0	35.0	-52.0	2.0
196	0.0206	224938.0	101862	40432.0	672.0	-306.0	21.0	-21.0	0.0
197	0.0207	224853.0	101878	40412.0	672.0	-85.0	16.0	-20.0	0.0
198	0.0208	225097.0	101919	40538.0	671.0	244.0	41.0	126.0	-1.0
199	0.0209	225188.0	101944	40446.0	673.0	91.0	25.0	-92.0	2.0
200	0.021	224951.0	101976	40499.0	674.0	-237.0	32.0	53.0	1.0
201	0.0211	224705.0	102000	40476.0	674.0	-246.0	24.0	-23.0	0.0
202	0.0212	224665.0	101992	40461.0	674.0	-40.0	-8.0	-15.0	0.0
203	0.0213	225027.0	102015	32270.0	4339.0	362.0	23.0	-8191.0	3665.0
