	time	ins	cycle	memory	branchm	ins_d	cycle_d	memory_d	branchm_d
0	0.001	23023.0	30082	7319.0	2208.0	0.0	0.0	0.0	0.0
1	0.0011	47444.0	62398	16907.0	0.0	24421.0	32316.0	9588.0	-2208.0
2	0.0012	29896.0	37050	13887.0	0.0	-17548.0	-25348.0	-3020.0	0.0
3	0.0013	201963.0	80652	25265.0	1206.0	172067.0	43602.0	11378.0	1206.0
4	0.0014	191228.0	93220	27195.0	0.0	-10735.0	12568.0	1930.0	-1206.0
5	0.0015	111969.0	53126	39893.0	1124.0	-79259.0	-40094.0	12698.0	1124.0
6	0.0016	254662.0	118189	22711.0	0.0	142693.0	65063.0	-17182.0	-1124.0
7	0.0017	139145.0	64389	44118.0	1048.0	-115517.0	-53800.0	21407.0	1048.0
8	0.0018	146989.0	138322	32587.0	986.0	7844.0	73933.0	-11531.0	-62.0
9	0.0019	310957.0	73367	28029.0	0.0	163968.0	-64955.0	-4558.0	-986.0
10	0.002	162934.0	76089	28937.0	934.0	-148023.0	2722.0	908.0	934.0
11	0.0021	168560.0	77884	54156.0	0.0	5626.0	1795.0	25219.0	-934.0
12	0.0022	171732.0	80024	31140.0	890.0	3172.0	2140.0	-23016.0	890.0
13	0.0023	176738.0	81387	32233.0	852.0	5006.0	1363.0	1093.0	-38.0
14	0.0024	362382.0	166771	39368.0	818.0	185644.0	85384.0	7135.0	-34.0
15	0.0025	185478.0	85159	33414.0	0.0	-176904.0	-81612.0	-5954.0	-818.0
16	0.0026	186858.0	86532	33752.0	790.0	1380.0	1373.0	338.0	790.0
17	0.0027	190193.0	87218	33929.0	765.0	3335.0	686.0	177.0	-25.0
18	0.0028	191623.0	87783	34632.0	745.0	1430.0	565.0	703.0	-20.0
19	0.0029	192362.0	88272	34732.0	0.0	739.0	489.0	100.0	-745.0
20	0.003	195048.0	89279	62671.0	724.0	2686.0	1007.0	27939.0	724.0
21	0.0031	196019.0	89683	35544.0	709.0	971.0	404.0	-27127.0	-15.0
22	0.0032	196411.0	89986	35515.0	701.0	392.0	303.0	-29.0	-8.0
23	0.0033	197142.0	90257	35649.0	689.0	731.0	271.0	134.0	-12.0
24	0.0034	197984.0	90476	35928.0	678.0	842.0	219.0	279.0	-11.0
25	0.0035	198138.0	91253	35901.0	0.0	154.0	777.0	-27.0	-678.0
26	0.0036	189758.0	91449	34093.0	640.0	-8380.0	196.0	-1808.0	640.0
27	0.0037	186580.0	88205	33763.0	621.0	-3178.0	-3244.0	-330.0	-19.0
28	0.0038	187231.0	86260	33890.0	620.0	651.0	-1945.0	127.0	-1.0
29	0.0039	186749.0	86638	33698.0	615.0	-482.0	378.0	-192.0	-5.0
30	0.004	188401.0	86869	34183.0	615.0	1652.0	231.0	485.0	0.0
31	0.0041	189398.0	86874	34417.0	610.0	997.0	5.0	234.0	-5.0
32	0.0042	190724.0	87402	34479.0	616.0	1326.0	528.0	62.0	6.0
33	0.0043	192179.0	88489	34972.0	614.0	1455.0	1087.0	493.0	-2.0
34	0.0044	192833.0	88430	35081.0	609.0	654.0	-59.0	109.0	-5.0
35	0.0045	193782.0	89359	35191.0	608.0	949.0	929.0	110.0	-1.0
36	0.0046	197663.0	90146	35542.0	609.0	3881.0	787.0	351.0	1.0
37	0.0047	198183.0	90991	35683.0	609.0	520.0	845.0	141.0	0.0
38	0.0048	198530.0	90671	35808.0	604.0	347.0	-320.0	125.0	-5.0
39	0.0049	199098.0	90783	35981.0	610.0	568.0	112.0	173.0	6.0
40	0.005	200675.0	91506	35886.0	610.0	1577.0	723.0	-95.0	0.0
41	0.0051	199511.0	91651	36090.0	606.0	-1164.0	145.0	204.0	-4.0
42	0.0052	199960.0	91192	36251.0	605.0	449.0	-459.0	161.0	-1.0
43	0.0053	201621.0	91799	36363.0	608.0	1661.0	607.0	112.0	3.0
44	0.0054	201473.0	91906	36374.0	608.0	-148.0	107.0	11.0	0.0
45	0.0055	200381.0	91936	36445.0	606.0	-1092.0	30.0	71.0	-2.0
46	0.0056	200780.0	91972	36388.0	607.0	399.0	36.0	-57.0	1.0
47	0.0057	404020.0	91996	36328.0	607.0	203240.0	24.0	-60.0	0.0
48	0.0058	202275.0	92024	36424.0	607.0	-201745.0	28.0	96.0	0.0
49	0.0059	0.0	92032	36429.0	606.0	-202275.0	8.0	5.0	-1.0
50	0.006	202205.0	92039	36359.0	609.0	202205.0	7.0	-70.0	3.0
51	0.0061	403799.0	92061	36386.0	609.0	201594.0	22.0	27.0	0.0
52	0.0062	0.0	92075	36469.0	607.0	-403799.0	14.0	83.0	-2.0
53	0.0063	202223.0	92089	36368.0	608.0	202223.0	14.0	-101.0	1.0
54	0.0064	201819.0	92094	36541.0	608.0	-404.0	5.0	173.0	0.0
55	0.0065	201768.0	92105	36490.0	607.0	-51.0	11.0	-51.0	-1.0
56	0.0066	202154.0	92117	36464.0	605.0	386.0	12.0	-26.0	-2.0
57	0.0067	202091.0	92108	36518.0	607.0	-63.0	-9.0	54.0	2.0
58	0.0068	403799.0	92124	36647.0	607.0	201708.0	16.0	129.0	0.0
59	0.0069	0.0	92133	36547.0	606.0	-403799.0	9.0	-100.0	-1.0
60	0.007	202228.0	92145	36422.0	606.0	202228.0	12.0	-125.0	0.0
61	0.0071	201887.0	92147	36540.0	606.0	-341.0	2.0	118.0	0.0
62	0.0072	201855.0	92152	36710.0	606.0	-32.0	5.0	170.0	0.0
63	0.0073	202160.0	92156	36503.0	604.0	305.0	4.0	-207.0	-2.0
64	0.0074	202078.0	92168	36471.0	607.0	-82.0	12.0	-32.0	3.0
65	0.0075	403869.0	92190	36578.0	608.0	201791.0	22.0	107.0	1.0
66	0.0076	0.0	92206	29073.0	597.0	-403869.0	16.0	-7505.0	-11.0
67	0.0077	201958.0	92115	36673.0	598.0	201958.0	-91.0	7600.0	1.0
68	0.0078	198135.0	90546	43191.0	600.0	-3823.0	-1569.0	6518.0	2.0
69	0.0079	197990.0	90523	35949.0	601.0	-145.0	-23.0	-7242.0	1.0
70	0.008	198531.0	90639	28583.0	601.0	541.0	116.0	-7366.0	0.0
71	0.0081	198626.0	90802	43243.0	609.0	95.0	163.0	14660.0	8.0
72	0.0082	198724.0	90941	36042.0	607.0	98.0	139.0	-7201.0	-2.0
73	0.0083	199462.0	91099	28679.0	605.0	738.0	158.0	-7363.0	-2.0
74	0.0084	199725.0	91233	43620.0	610.0	263.0	134.0	14941.0	5.0
75	0.0085	199618.0	91344	36164.0	608.0	-107.0	111.0	-7456.0	-2.0
76	0.0086	200042.0	91455	36331.0	608.0	424.0	111.0	167.0	0.0
77	0.0087	200450.0	91535	28831.0	608.0	408.0	80.0	-7500.0	0.0
78	0.0088	200295.0	91621	43673.0	615.0	-155.0	86.0	14842.0	7.0
79	0.0089	200390.0	91705	36332.0	612.0	95.0	84.0	-7341.0	-3.0
80	0.009	200836.0	91781	28860.0	610.0	446.0	76.0	-7472.0	-2.0
81	0.0091	200882.0	91847	36375.0	616.0	46.0	66.0	7515.0	6.0
82	0.0092	200767.0	91904	43810.0	613.0	-115.0	57.0	7435.0	-3.0
83	0.0093	201241.0	91960	28887.0	613.0	474.0	56.0	-14923.0	0.0
84	0.0094	201401.0	92003	36632.0	610.0	160.0	43.0	7745.0	-3.0
85	0.0095	201222.0	92043	36445.0	617.0	-179.0	40.0	-187.0	7.0
86	0.0096	201337.0	92055	36341.0	0.0	115.0	12.0	-104.0	-617.0
87	0.0097	201701.0	92090	36577.0	614.0	364.0	35.0	236.0	614.0
88	0.0098	201559.0	92119	36506.0	612.0	-142.0	29.0	-71.0	-2.0
89	0.0099	201549.0	92147	36438.0	612.0	-10.0	28.0	-68.0	0.0
90	0.01	201903.0	92151	36533.0	613.0	354.0	4.0	95.0	1.0
91	0.0101	201955.0	92153	36663.0	613.0	52.0	2.0	130.0	0.0
92	0.0102	201645.0	92143	36531.0	607.0	-310.0	-10.0	-132.0	-6.0
93	0.0103	201851.0	92715	36389.0	618.0	206.0	572.0	-142.0	11.0
94	0.0104	202175.0	92222	36625.0	616.0	324.0	-493.0	236.0	-2.0
95	0.0105	201829.0	92176	36551.0	611.0	-346.0	-46.0	-74.0	-5.0
96	0.0106	201743.0	92724	36513.0	610.0	-86.0	548.0	-38.0	-1.0
97	0.0107	202072.0	92728	36536.0	612.0	329.0	4.0	23.0	2.0
98	0.0108	404093.0	92669	36605.0	612.0	202021.0	-59.0	69.0	0.0
99	0.0109	203540.0	185265	36565.0	607.0	-200553.0	92596.0	-40.0	-5.0
100	0.011	0.0	0	36383.0	613.0	-203540.0	-185265.0	-182.0	6.0
101	0.0111	407589.0	93122	36715.0	614.0	407589.0	93122.0	332.0	1.0
102	0.0112	203530.0	92584	36676.0	610.0	-204059.0	-538.0	-39.0	-4.0
103	0.0113	203793.0	92516	36676.0	608.0	263.0	-68.0	0.0	-2.0
104	0.0114	0.0	92486	36540.0	615.0	-203793.0	-30.0	-136.0	7.0
105	0.0115	204947.0	93025	36681.0	612.0	204947.0	539.0	141.0	-3.0
106	0.0116	203366.0	93012	36684.0	610.0	-1581.0	-13.0	3.0	-2.0
107	0.0117	203061.0	92373	36455.0	600.0	-305.0	-639.0	-229.0	-10.0
108	0.0118	200302.0	91107	35862.0	604.0	-2759.0	-1266.0	-593.0	4.0
109	0.0119	199878.0	91046	35940.0	601.0	-424.0	-61.0	78.0	-3.0
110	0.012	198799.0	91144	35978.0	593.0	-1079.0	98.0	38.0	-8.0
111	0.0121	196797.0	90192	35654.0	608.0	-2002.0	-952.0	-324.0	15.0
112	0.0122	403148.0	91231	36012.0	615.0	206351.0	1039.0	358.0	7.0
113	0.0123	205405.0	185853	36664.0	616.0	-197743.0	94622.0	652.0	1.0
114	0.0124	207482.0	94403	37109.0	617.0	2077.0	-91450.0	445.0	1.0
115	0.0125	208917.0	95236	37579.0	634.0	1435.0	833.0	470.0	17.0
116	0.0126	210557.0	95984	37965.0	635.0	1640.0	748.0	386.0	1.0
117	0.0127	212318.0	96655	38141.0	634.0	1761.0	671.0	176.0	-1.0
118	0.0128	213587.0	97265	38533.0	649.0	1269.0	610.0	392.0	15.0
119	0.0129	214468.0	97826	38595.0	654.0	881.0	561.0	62.0	5.0
120	0.013	215622.0	98303	69841.0	656.0	1154.0	477.0	31246.0	2.0
121	0.0131	216927.0	98739	39486.0	1302.0	1305.0	436.0	-30355.0	646.0
122	0.0132	217689.0	99121	39661.0	660.0	762.0	382.0	175.0	-642.0
123	0.0133	218123.0	99460	39550.0	0.0	434.0	339.0	-111.0	-660.0
124	0.0134	218845.0	99762	39756.0	662.0	722.0	302.0	206.0	662.0
125	0.0135	219830.0	100042	40063.0	1318.0	985.0	280.0	307.0	656.0
126	0.0136	220360.0	100292	40205.0	667.0	530.0	250.0	142.0	-651.0
127	0.0137	220579.0	100507	39926.0	668.0	219.0	215.0	-279.0	1.0
128	0.0138	220943.0	100691	39979.0	0.0	364.0	184.0	53.0	-668.0
129	0.0139	221576.0	100858	40149.0	1333.0	633.0	167.0	170.0	1333.0
130	0.014	222075.0	100993	40353.0	665.0	499.0	135.0	204.0	-668.0
131	0.0141	222069.0	101125	40322.0	671.0	-6.0	132.0	-31.0	6.0
132	0.0142	222107.0	101243	40100.0	672.0	38.0	118.0	-222.0	1.0
133	0.0143	222456.0	101345	40203.0	0.0	349.0	102.0	103.0	-672.0
134	0.0144	222913.0	101438	40367.0	1339.0	457.0	93.0	164.0	1339.0
135	0.0145	223100.0	101512	40535.0	674.0	187.0	74.0	168.0	-665.0
136	0.0146	222927.0	101576	40287.0	676.0	-173.0	64.0	-248.0	2.0
137	0.0147	222907.0	101638	40196.0	676.0	-20.0	62.0	-91.0	0.0
138	0.0148	223303.0	101707	40327.0	0.0	396.0	69.0	131.0	-676.0
139	0.0149	223591.0	101764	40492.0	1347.0	288.0	57.0	165.0	1347.0
140	0.015	223656.0	101816	40624.0	676.0	65.0	52.0	132.0	-671.0
141	0.0151	223466.0	101859	40363.0	678.0	-190.0	43.0	-261.0	2.0
142	0.0152	223584.0	101907	40297.0	0.0	118.0	48.0	-66.0	-678.0
143	0.0153	224037.0	101962	40442.0	678.0	453.0	55.0	145.0	678.0
144	0.0154	224207.0	101979	40630.0	674.0	170.0	17.0	188.0	-4.0
145	0.0155	224009.0	102005	40603.0	672.0	-198.0	26.0	-27.0	-2.0
146	0.0156	223878.0	102025	40315.0	677.0	-131.0	20.0	-288.0	5.0
147	0.0157	223503.0	101825	39715.0	669.0	-375.0	-200.0	-600.0	-8.0
148	0.0158	220622.0	100456	39857.0	669.0	-2881.0	-1369.0	142.0	0.0
149	0.0159	220665.0	100476	40102.0	665.0	43.0	20.0	245.0	-4.0
150	0.016	220867.0	100664	40038.0	665.0	202.0	188.0	-64.0	0.0
151	0.0161	221125.0	100843	39967.0	673.0	258.0	179.0	-71.0	8.0
152	0.0162	221692.0	100986	40003.0	674.0	567.0	143.0	36.0	1.0
153	0.0163	222191.0	101135	40202.0	675.0	499.0	149.0	199.0	1.0
154	0.0164	222239.0	101248	40329.0	671.0	48.0	113.0	127.0	-4.0
155	0.0165	222209.0	101369	40251.0	670.0	-30.0	121.0	-78.0	-1.0
156	0.0166	222537.0	101467	40148.0	678.0	328.0	98.0	-103.0	8.0
157	0.0167	222919.0	101565	40214.0	679.0	382.0	98.0	66.0	1.0
158	0.0168	223104.0	101639	40367.0	679.0	185.0	74.0	153.0	0.0
159	0.0169	222995.0	101687	40334.0	674.0	-109.0	48.0	-33.0	-5.0
160	0.017	222977.0	101728	40382.0	675.0	-18.0	41.0	48.0	1.0
161	0.0171	223254.0	101788	40256.0	680.0	277.0	60.0	-126.0	5.0
162	0.0172	223610.0	101841	40387.0	681.0	356.0	53.0	131.0	1.0
163	0.0173	223634.0	101880	40497.0	681.0	24.0	39.0	110.0	0.0
164	0.0174	223429.0	101906	40444.0	675.0	-205.0	26.0	-53.0	-6.0
165	0.0175	223555.0	101950	40455.0	675.0	126.0	44.0	11.0	0.0
166	0.0176	223853.0	101988	40285.0	680.0	298.0	38.0	-170.0	5.0
167	0.0177	224055.0	102551	40496.0	680.0	202.0	563.0	211.0	0.0
168	0.0178	223959.0	102051	40594.0	676.0	-96.0	-500.0	98.0	-4.0
169	0.0179	223750.0	102016	40533.0	675.0	-209.0	-35.0	-61.0	-1.0
170	0.018	223803.0	102027	40519.0	676.0	53.0	11.0	-14.0	1.0
171	0.0181	224177.0	102036	40338.0	682.0	374.0	9.0	-181.0	6.0
172	0.0182	225684.0	102621	40518.0	683.0	1507.0	585.0	180.0	1.0
173	0.0183	224087.0	102618	40519.0	682.0	-1597.0	-3.0	1.0	-1.0
174	0.0184	223923.0	102032	40609.0	673.0	-164.0	-586.0	90.0	-9.0
175	0.0185	224107.0	102550	40613.0	673.0	184.0	518.0	4.0	0.0
176	0.0186	224339.0	102556	40443.0	683.0	232.0	6.0	-170.0	10.0
177	0.0187	225784.0	102512	40541.0	684.0	1445.0	-44.0	98.0	1.0
178	0.0188	225546.0	102496	40505.0	680.0	-238.0	-16.0	-36.0	-4.0
179	0.0189	224129.0	103026	40709.0	671.0	-1417.0	530.0	204.0	-9.0
180	0.019	225730.0	102484	40679.0	672.0	1601.0	-542.0	-30.0	1.0
181	0.0191	225928.0	102965	40563.0	677.0	198.0	481.0	-116.0	5.0
182	0.0192	227209.0	102957	40619.0	681.0	1281.0	-8.0	56.0	4.0
183	0.0193	225653.0	102888	40518.0	677.0	-1556.0	-69.0	-101.0	-4.0
184	0.0194	226759.0	102803	40652.0	673.0	1106.0	-85.0	134.0	-4.0
185	0.0195	226944.0	102745	32212.0	673.0	185.0	-58.0	-8440.0	0.0
186	0.0196	226880.0	102692	40720.0	677.0	-64.0	-53.0	8508.0	4.0
187	0.0197	226278.0	102553	48202.0	670.0	-602.0	-139.0	7482.0	-7.0
188	0.0198	222839.0	101204	39980.0	670.0	-3439.0	-1349.0	-8222.0	0.0
189	0.0199	222671.0	101141	40173.0	666.0	-168.0	-63.0	193.0	-4.0
190	0.02	223160.0	101231	31868.0	673.0	489.0	90.0	-8305.0	7.0
191	0.0201	223435.0	101337	40303.0	676.0	275.0	106.0	8435.0	3.0
192	0.0202	223314.0	101434	48487.0	676.0	-121.0	97.0	8184.0	0.0
193	0.0203	223289.0	101522	40269.0	675.0	-25.0	88.0	-8218.0	-1.0
194	0.0204	223581.0	101600	40408.0	670.0	292.0	78.0	139.0	-5.0
195	0.0205	223887.0	101665	32035.0	677.0	306.0	65.0	-8373.0	7.0
196	0.0206	223936.0	101704	40440.0	677.0	49.0	39.0	8405.0	0.0
197	0.0207	223724.0	101759	48628.0	677.0	-212.0	55.0	8188.0	0.0
198	0.0208	223723.0	101797	40594.0	676.0	-1.0	38.0	-8034.0	-1.0
199	0.0209	224035.0	101835	32042.0	671.0	312.0	38.0	-8552.0	-5.0
200	0.021	224280.0	101869	40600.0	678.0	245.0	34.0	8558.0	7.0
201	0.0211	224267.0	101918	40588.0	678.0	-13.0	49.0	-12.0	0.0
202	0.0212	224117.0	101966	48760.0	678.0	-150.0	48.0	8172.0	0.0
203	0.0213	224090.0	101965	40658.0	677.0	-27.0	-1.0	-8102.0	-1.0
204	0.0214	224320.0	101984	32071.0	1351.0	230.0	19.0	-8587.0	674.0
205	0.0215	224532.0	102014	0.0	5041.0	212.0	30.0	-32071.0	3690.0
206	0.0216	0.0	102040	32323.0	6166.0	-224532.0	26.0	32323.0	1125.0
