	time	ins	cycle	memory	branchm	ins_d	cycle_d	memory_d	branchm_d
0	0.001	0.0	0	7235.0	1600.0	0.0	0.0	0.0	0.0
1	0.0011	47267.0	91953	10164.0	1007.0	47267.0	91953.0	2929.0	-593.0
2	0.0012	54388.0	39420	20851.0	0.0	7121.0	-52533.0	10687.0	-1007.0
3	0.0013	145724.0	83357	21241.0	1184.0	91336.0	43937.0	390.0	1184.0
4	0.0014	177459.0	47997	32315.0	0.0	31735.0	-35360.0	11074.0	-1184.0
5	0.0015	224269.0	108960	34991.0	1101.0	46810.0	60963.0	2676.0	1101.0
6	0.0016	126674.0	60367	22091.0	0.0	-97595.0	-48593.0	-12900.0	-1101.0
7	0.0017	119722.0	58219	26255.0	919.0	-6952.0	-2148.0	4164.0	919.0
8	0.0018	249959.0	120431	40479.0	0.0	130237.0	62212.0	14224.0	-919.0
9	0.0019	135636.0	65043	24923.0	858.0	-114323.0	-55388.0	-15556.0	858.0
10	0.002	294810.0	68502	53411.0	817.0	159174.0	3459.0	28488.0	-41.0
11	0.0021	157966.0	145039	28315.0	0.0	-136844.0	76537.0	-25096.0	-817.0
12	0.0022	162294.0	75221	29395.0	790.0	4328.0	-69818.0	1080.0	790.0
13	0.0023	167882.0	77615	30121.0	763.0	5588.0	2394.0	726.0	-27.0
14	0.0024	171057.0	79236	30686.0	738.0	3175.0	1621.0	565.0	-25.0
15	0.0025	176093.0	81249	57122.0	0.0	5036.0	2013.0	26436.0	-738.0
16	0.0026	359616.0	82489	39510.0	722.0	183523.0	1240.0	-17612.0	722.0
17	0.0027	183312.0	83520	33211.0	709.0	-176304.0	1031.0	-6299.0	-13.0
18	0.0028	186313.0	170325	33593.0	693.0	3001.0	86805.0	382.0	-16.0
19	0.0029	188353.0	86624	33777.0	686.0	2040.0	-83701.0	184.0	-7.0
20	0.003	189675.0	87215	34406.0	671.0	1322.0	591.0	629.0	-15.0
21	0.0031	190577.0	87736	34643.0	0.0	902.0	521.0	237.0	-671.0
22	0.0032	193503.0	88216	34872.0	659.0	2926.0	480.0	229.0	659.0
23	0.0033	194423.0	89212	35133.0	653.0	920.0	996.0	261.0	-6.0
24	0.0034	194943.0	89588	35344.0	649.0	520.0	376.0	211.0	-4.0
25	0.0035	195974.0	89884	35333.0	646.0	1031.0	296.0	-11.0	-3.0
26	0.0036	196550.0	90114	35473.0	640.0	576.0	230.0	140.0	-6.0
27	0.0037	196762.0	90305	35686.0	634.0	212.0	191.0	213.0	-6.0
28	0.0038	197469.0	90524	35886.0	633.0	707.0	219.0	200.0	-1.0
29	0.0039	198126.0	90692	35922.0	631.0	657.0	168.0	36.0	-2.0
30	0.004	198191.0	90848	36131.0	624.0	65.0	156.0	209.0	-7.0
31	0.0041	198589.0	90984	36177.0	623.0	398.0	136.0	46.0	-1.0
32	0.0042	199137.0	91104	36048.0	620.0	548.0	120.0	-129.0	-3.0
33	0.0043	200601.0	91218	36207.0	620.0	1464.0	114.0	159.0	0.0
34	0.0044	200686.0	91311	36330.0	614.0	85.0	93.0	123.0	-6.0
35	0.0045	201117.0	91952	36121.0	620.0	431.0	641.0	-209.0	6.0
36	0.0046	202462.0	91522	36228.0	617.0	1345.0	-430.0	107.0	-3.0
37	0.0047	201081.0	92101	36381.0	616.0	-1381.0	579.0	153.0	-1.0
38	0.0048	201152.0	92163	36347.0	613.0	71.0	62.0	-34.0	-3.0
39	0.0049	202906.0	92171	36196.0	616.0	1754.0	8.0	-151.0	3.0
40	0.005	202639.0	92170	36398.0	616.0	-267.0	-1.0	202.0	0.0
41	0.0051	201181.0	92132	36516.0	614.0	-1458.0	-38.0	118.0	-2.0
42	0.0052	201278.0	92086	36178.0	614.0	97.0	-46.0	-338.0	0.0
43	0.0053	202587.0	92054	36351.0	614.0	1309.0	-32.0	173.0	0.0
44	0.0054	201195.0	92067	36522.0	614.0	-1392.0	13.0	171.0	0.0
45	0.0055	201315.0	92066	36468.0	612.0	120.0	-1.0	-54.0	-2.0
46	0.0056	202996.0	92086	36215.0	0.0	1681.0	20.0	-253.0	-612.0
47	0.0057	202122.0	92382	36219.0	613.0	-874.0	296.0	4.0	613.0
48	0.0058	197606.0	90471	28368.0	604.0	-4516.0	-1911.0	-7851.0	-9.0
49	0.0059	197761.0	90459	42954.0	603.0	155.0	-12.0	14586.0	-1.0
50	0.006	199393.0	91184	35734.0	1211.0	1632.0	725.0	-7220.0	608.0
51	0.0061	199565.0	91236	36021.0	0.0	172.0	52.0	287.0	-1211.0
52	0.0062	201262.0	91321	36013.0	608.0	1697.0	85.0	-8.0	608.0
53	0.0063	201487.0	91975	36045.0	606.0	225.0	654.0	32.0	-2.0
54	0.0064	201306.0	92069	36315.0	609.0	-181.0	94.0	270.0	3.0
55	0.0065	201490.0	91589	36412.0	610.0	184.0	-480.0	97.0	1.0
56	0.0066	201783.0	91586	36125.0	610.0	293.0	-3.0	-287.0	0.0
57	0.0067	201476.0	92197	36248.0	610.0	-307.0	611.0	123.0	0.0
58	0.0068	201438.0	92241	36465.0	611.0	-38.0	44.0	217.0	1.0
59	0.0069	201760.0	91743	36225.0	611.0	322.0	-498.0	-240.0	0.0
60	0.007	201768.0	92307	36260.0	609.0	8.0	564.0	35.0	-2.0
61	0.0071	201495.0	92366	36440.0	612.0	-273.0	59.0	180.0	3.0
62	0.0072	201697.0	92357	28855.0	612.0	202.0	-9.0	-7585.0	0.0
63	0.0073	201906.0	92339	43805.0	612.0	209.0	-18.0	14950.0	0.0
64	0.0074	201629.0	92319	36384.0	612.0	-277.0	-20.0	-7421.0	0.0
65	0.0075	201584.0	92316	36540.0	613.0	-45.0	-3.0	156.0	1.0
66	0.0076	201936.0	92316	28807.0	613.0	352.0	0.0	-7733.0	0.0
67	0.0077	201843.0	92323	43851.0	611.0	-93.0	7.0	15044.0	-2.0
68	0.0078	201622.0	92302	36514.0	612.0	-221.0	-21.0	-7337.0	1.0
69	0.0079	201904.0	92276	28882.0	612.0	282.0	-26.0	-7632.0	0.0
70	0.008	202104.0	92277	36459.0	609.0	200.0	1.0	7577.0	-3.0
71	0.0081	201786.0	92265	44100.0	606.0	-318.0	-12.0	7641.0	-3.0
72	0.0082	201879.0	92265	29221.0	609.0	93.0	0.0	-14879.0	3.0
73	0.0083	202171.0	92260	36659.0	610.0	292.0	-5.0	7438.0	1.0
74	0.0084	202022.0	92260	36617.0	608.0	-149.0	0.0	-42.0	-2.0
75	0.0085	201827.0	92260	44198.0	608.0	-195.0	0.0	7581.0	0.0
76	0.0086	202182.0	92260	29033.0	609.0	355.0	0.0	-15165.0	1.0
77	0.0087	202231.0	92257	36630.0	609.0	49.0	-3.0	7597.0	0.0
78	0.0088	201913.0	92255	36546.0	608.0	-318.0	-2.0	-84.0	-1.0
79	0.0089	201913.0	92255	36664.0	610.0	0.0	0.0	118.0	2.0
80	0.009	202214.0	92261	36590.0	610.0	301.0	6.0	-74.0	0.0
81	0.0091	202100.0	92269	36578.0	609.0	-114.0	8.0	-12.0	-1.0
82	0.0092	201937.0	92273	36575.0	609.0	-163.0	4.0	-3.0	0.0
83	0.0093	202239.0	92266	36521.0	611.0	302.0	-7.0	-54.0	2.0
84	0.0094	202187.0	92258	36575.0	611.0	-52.0	-8.0	54.0	0.0
85	0.0095	201917.0	92236	36520.0	609.0	-270.0	-22.0	-55.0	-2.0
86	0.0096	201973.0	92236	36606.0	611.0	56.0	0.0	86.0	2.0
87	0.0097	202088.0	92218	36516.0	603.0	115.0	-18.0	-90.0	-8.0
88	0.0098	198739.0	90818	35940.0	600.0	-3349.0	-1400.0	-576.0	-3.0
89	0.0099	197792.0	90444	35772.0	600.0	-947.0	-374.0	-168.0	0.0
90	0.01	198356.0	90569	35767.0	602.0	564.0	125.0	-5.0	2.0
91	0.0101	198651.0	90710	35913.0	602.0	295.0	141.0	146.0	0.0
92	0.0102	198698.0	90866	35936.0	601.0	47.0	156.0	23.0	-1.0
93	0.0103	199211.0	91019	36027.0	604.0	513.0	153.0	91.0	3.0
94	0.0104	199659.0	91167	36072.0	605.0	448.0	148.0	45.0	1.0
95	0.0105	199680.0	91296	36135.0	605.0	21.0	129.0	63.0	0.0
96	0.0106	199998.0	91413	36175.0	607.0	318.0	117.0	40.0	2.0
97	0.0107	200510.0	91510	36152.0	608.0	512.0	97.0	-23.0	1.0
98	0.0108	200474.0	91584	36266.0	604.0	-36.0	74.0	114.0	-4.0
99	0.0109	201858.0	91660	36219.0	602.0	1384.0	76.0	-47.0	-2.0
100	0.011	202379.0	91709	36418.0	605.0	521.0	49.0	199.0	3.0
101	0.0111	202378.0	91770	36385.0	611.0	-1.0	61.0	-33.0	6.0
102	0.0112	200900.0	91831	36409.0	607.0	-1478.0	61.0	24.0	-4.0
103	0.0113	202376.0	91869	36377.0	607.0	1476.0	38.0	-32.0	0.0
104	0.0114	202809.0	91904	36578.0	609.0	433.0	35.0	201.0	2.0
105	0.0115	202449.0	91934	36493.0	609.0	-360.0	30.0	-85.0	0.0
106	0.0116	202276.0	91971	36388.0	604.0	-173.0	37.0	-105.0	-5.0
107	0.0117	202630.0	92543	36496.0	611.0	354.0	572.0	108.0	7.0
108	0.0118	202620.0	92078	36707.0	612.0	-10.0	-465.0	211.0	1.0
109	0.0119	202304.0	92048	36563.0	608.0	-316.0	-30.0	-144.0	-4.0
110	0.012	202409.0	92610	36456.0	608.0	105.0	562.0	-107.0	0.0
111	0.0121	202622.0	92635	36572.0	609.0	213.0	25.0	116.0	1.0
112	0.0122	202341.0	92588	36741.0	609.0	-281.0	-47.0	169.0	0.0
113	0.0123	202242.0	92549	36487.0	607.0	-99.0	-39.0	-254.0	-2.0
114	0.0124	202539.0	92504	36509.0	608.0	297.0	-45.0	22.0	1.0
115	0.0125	202348.0	92443	36625.0	608.0	-191.0	-61.0	116.0	0.0
116	0.0126	202056.0	92413	36714.0	608.0	-292.0	-30.0	89.0	0.0
117	0.0127	202329.0	92395	36574.0	607.0	273.0	-18.0	-140.0	-1.0
118	0.0128	202478.0	92376	36540.0	609.0	149.0	-19.0	-34.0	2.0
119	0.0129	202180.0	92360	36646.0	609.0	-298.0	-16.0	106.0	0.0
120	0.013	202090.0	92340	36650.0	607.0	-90.0	-20.0	4.0	-2.0
121	0.0131	202289.0	92313	36428.0	608.0	199.0	-27.0	-222.0	1.0
122	0.0132	202173.0	92314	36537.0	609.0	-116.0	1.0	109.0	1.0
123	0.0133	201876.0	92299	36650.0	609.0	-297.0	-15.0	113.0	0.0
124	0.0134	202126.0	92287	36434.0	607.0	250.0	-12.0	-216.0	-2.0
125	0.0135	203547.0	92264	36487.0	609.0	1421.0	-23.0	53.0	2.0
126	0.0136	202034.0	92263	36584.0	0.0	-1513.0	-1.0	97.0	-609.0
127	0.0137	201798.0	92192	36443.0	609.0	-236.0	-71.0	-141.0	609.0
128	0.0138	198202.0	90537	35689.0	597.0	-3596.0	-1655.0	-754.0	-12.0
129	0.0139	199432.0	90536	35876.0	597.0	1230.0	-1.0	187.0	0.0
130	0.014	198315.0	90700	28542.0	599.0	-1117.0	164.0	-7334.0	2.0
131	0.0141	198786.0	90829	43369.0	600.0	471.0	129.0	14827.0	1.0
132	0.0142	200380.0	91518	35893.0	1200.0	1594.0	689.0	-7476.0	600.0
133	0.0143	198609.0	90752	35915.0	608.0	-1771.0	-766.0	22.0	-592.0
134	0.0144	199596.0	91762	36288.0	612.0	987.0	1010.0	373.0	4.0
135	0.0145	203861.0	92899	36456.0	620.0	4265.0	1137.0	168.0	8.0
136	0.0146	205914.0	94526	66747.0	627.0	2053.0	1627.0	30291.0	7.0
137	0.0147	207800.0	94879	37754.0	631.0	1886.0	353.0	-28993.0	4.0
138	0.0148	419985.0	95612	37873.0	634.0	212185.0	733.0	119.0	3.0
139	0.0149	212780.0	96925	38260.0	640.0	-207205.0	1313.0	387.0	6.0
140	0.015	214148.0	97583	38727.0	645.0	1368.0	658.0	467.0	5.0
141	0.0151	215410.0	97555	38784.0	647.0	1262.0	-28.0	57.0	2.0
142	0.0152	216285.0	98005	38836.0	650.0	875.0	450.0	52.0	3.0
143	0.0153	216924.0	99047	39066.0	655.0	639.0	1042.0	230.0	5.0
144	0.0154	217789.0	199167	39355.0	658.0	865.0	100120.0	289.0	3.0
145	0.0155	218671.0	100017	39348.0	660.0	882.0	-99150.0	-7.0	2.0
146	0.0156	219306.0	100275	39433.0	660.0	635.0	258.0	85.0	0.0
147	0.0157	219564.0	100475	39522.0	664.0	258.0	200.0	89.0	4.0
148	0.0158	220065.0	100665	39767.0	666.0	501.0	190.0	245.0	2.0
149	0.0159	220851.0	100817	39770.0	667.0	786.0	152.0	3.0	1.0
150	0.016	221231.0	100957	39860.0	666.0	380.0	140.0	90.0	-1.0
151	0.0161	221338.0	101087	39846.0	666.0	107.0	130.0	-14.0	0.0
152	0.0162	221536.0	101215	40006.0	668.0	198.0	128.0	160.0	2.0
153	0.0163	222003.0	101311	40169.0	669.0	467.0	96.0	163.0	1.0
154	0.0164	222521.0	101410	40107.0	669.0	518.0	99.0	-62.0	0.0
155	0.0165	222706.0	101487	40138.0	668.0	185.0	77.0	31.0	-1.0
156	0.0166	222631.0	101567	40107.0	670.0	-75.0	80.0	-31.0	2.0
157	0.0167	222754.0	101623	40269.0	672.0	123.0	56.0	162.0	2.0
158	0.0168	223236.0	101678	40213.0	673.0	482.0	55.0	-56.0	1.0
159	0.0169	223471.0	101740	40278.0	673.0	235.0	62.0	65.0	0.0
160	0.017	223321.0	101791	40265.0	672.0	-150.0	51.0	-13.0	-1.0
161	0.0171	223181.0	101837	40281.0	675.0	-140.0	46.0	16.0	3.0
162	0.0172	223485.0	101879	40423.0	675.0	304.0	42.0	142.0	0.0
163	0.0173	223915.0	101914	40351.0	675.0	430.0	35.0	-72.0	0.0
164	0.0174	224013.0	101950	40406.0	675.0	98.0	36.0	55.0	0.0
165	0.0175	223884.0	101985	40387.0	674.0	-129.0	35.0	-19.0	-1.0
166	0.0176	223750.0	101722	40389.0	675.0	-134.0	-263.0	2.0	1.0
167	0.0177	223357.0	100431	40212.0	669.0	-393.0	-1291.0	-177.0	-6.0
168	0.0178	220415.0	100448	39751.0	670.0	-2942.0	17.0	-461.0	1.0
169	0.0179	220455.0	100616	39803.0	669.0	40.0	168.0	52.0	-1.0
170	0.018	220593.0	100790	39806.0	671.0	138.0	174.0	3.0	2.0
171	0.0181	220850.0	100934	39937.0	674.0	257.0	144.0	131.0	3.0
172	0.0182	221435.0	101058	39888.0	675.0	585.0	124.0	-49.0	1.0
173	0.0183	221698.0	101142	39984.0	675.0	263.0	84.0	96.0	0.0
174	0.0184	221711.0	101245	40028.0	673.0	13.0	103.0	44.0	-2.0
175	0.0185	221848.0	101362	40069.0	674.0	137.0	117.0	41.0	1.0
176	0.0186	222290.0	101441	40208.0	676.0	442.0	79.0	139.0	2.0
177	0.0187	222692.0	101514	40162.0	677.0	402.0	73.0	-46.0	1.0
178	0.0188	222831.0	101589	40232.0	676.0	139.0	75.0	70.0	-1.0
179	0.0189	222753.0	101655	40228.0	671.0	-78.0	66.0	-4.0	-5.0
180	0.019	222932.0	101709	40462.0	677.0	179.0	54.0	234.0	6.0
181	0.0191	223371.0	101766	40262.0	678.0	439.0	57.0	-200.0	1.0
182	0.0192	223571.0	101805	40330.0	678.0	200.0	39.0	68.0	0.0
183	0.0193	223404.0	101829	40370.0	673.0	-167.0	24.0	40.0	-5.0
184	0.0194	223372.0	101874	40556.0	672.0	-32.0	45.0	186.0	-1.0
185	0.0195	223567.0	101890	40611.0	675.0	195.0	16.0	55.0	3.0
186	0.0196	223908.0	101925	40507.0	676.0	341.0	35.0	-104.0	1.0
187	0.0197	224056.0	101963	40587.0	677.0	148.0	38.0	80.0	1.0
188	0.0198	223850.0	101989	40612.0	676.0	-206.0	26.0	25.0	-1.0
189	0.0199	223845.0	102020	40555.0	675.0	-5.0	31.0	-57.0	-1.0
190	0.02	224077.0	102024	40624.0	677.0	232.0	4.0	69.0	2.0
191	0.0201	224419.0	102054	40540.0	677.0	342.0	30.0	-84.0	0.0
192	0.0202	224420.0	102069	40590.0	677.0	1.0	15.0	50.0	0.0
193	0.0203	224169.0	102080	40598.0	675.0	-251.0	11.0	8.0	-2.0
194	0.0204	224174.0	102088	40535.0	675.0	5.0	8.0	-63.0	0.0
195	0.0205	224368.0	102094	40574.0	678.0	194.0	6.0	39.0	3.0
196	0.0206	224587.0	102113	40518.0	678.0	219.0	19.0	-56.0	0.0
197	0.0207	224285.0	102117	40558.0	678.0	-302.0	4.0	40.0	0.0
198	0.0208	224161.0	102135	40554.0	677.0	-124.0	18.0	-4.0	-1.0
199	0.0209	224291.0	102143	40517.0	676.0	130.0	8.0	-37.0	-1.0
200	0.021	224636.0	102144	40533.0	677.0	345.0	1.0	16.0	1.0
201	0.0211	224736.0	102136	40534.0	677.0	100.0	-8.0	1.0	0.0
202	0.0212	224359.0	102090	40570.0	677.0	-377.0	-46.0	36.0	0.0
203	0.0213	224209.0	102087	40560.0	676.0	-150.0	-3.0	-10.0	-1.0
204	0.0214	224348.0	102088	40511.0	672.0	139.0	1.0	-49.0	-4.0
205	0.0215	226008.0	102085	40421.0	674.0	1660.0	-3.0	-90.0	2.0
206	0.0216	226014.0	102061	40506.0	679.0	6.0	-24.0	85.0	5.0
207	0.0217	224297.0	100798	32147.0	2563.0	-1717.0	-1263.0	-8359.0	1884.0
208	0.0218	0.0	100792	0.0	4531.0	-224297.0	-6.0	-32147.0	1968.0
209	0.0219	221168.0	101273	8276.0	6556.0	221168.0	481.0	8276.0	2025.0
