	time	ins	cycle	memory	branchm	ins_d	cycle_d	memory_d	branchm_d
0	0.001	58306.0	77962	17762.0	0.0	0.0	0.0	0.0	0.0
1	0.0011	33632.0	34288	15995.0	1210.0	-24674.0	-43674.0	-1767.0	1210.0
2	0.0012	138592.0	77605	23172.0	0.0	104960.0	43317.0	7177.0	-1210.0
3	0.0013	168656.0	92906	33324.0	1163.0	30064.0	15301.0	10152.0	1163.0
4	0.0014	229834.0	52656	41983.0	0.0	61178.0	-40250.0	8659.0	-1163.0
5	0.0015	128381.0	118084	23593.0	1083.0	-101453.0	65428.0	-18390.0	1083.0
6	0.0016	282562.0	64714	45872.0	0.0	154181.0	-53370.0	22279.0	-1083.0
7	0.0017	151306.0	139282	27393.0	1016.0	-131256.0	74568.0	-18479.0	1016.0
8	0.0018	157048.0	74550	28324.0	0.0	5742.0	-64732.0	931.0	-1016.0
9	0.0019	327979.0	76004	35999.0	963.0	170931.0	1454.0	7675.0	963.0
10	0.002	171520.0	79010	30433.0	914.0	-156459.0	3006.0	-5566.0	-49.0
11	0.0021	175899.0	80580	56163.0	0.0	4379.0	1570.0	25730.0	-914.0
12	0.0022	178536.0	82449	32223.0	872.0	2637.0	1869.0	-23940.0	872.0
13	0.0023	182839.0	168079	33044.0	834.0	4303.0	85630.0	821.0	-38.0
14	0.0024	184628.0	85939	33280.0	0.0	1789.0	-82140.0	236.0	-834.0
15	0.0025	186658.0	86681	34222.0	804.0	2030.0	742.0	942.0	804.0
16	0.0026	189725.0	87856	34325.0	777.0	3067.0	1175.0	103.0	-27.0
17	0.0027	190781.0	88394	34462.0	753.0	1056.0	538.0	137.0	-24.0
18	0.0028	192400.0	88841	35292.0	738.0	1619.0	447.0	830.0	-15.0
19	0.0029	390355.0	89218	35244.0	0.0	197955.0	377.0	-48.0	-738.0
20	0.003	196457.0	90147	35382.0	721.0	-193898.0	929.0	138.0	721.0
21	0.0031	197253.0	90461	35561.0	711.0	796.0	314.0	179.0	-10.0
22	0.0032	198839.0	90678	35621.0	695.0	1586.0	217.0	60.0	-16.0
23	0.0033	199401.0	90859	35965.0	687.0	562.0	181.0	344.0	-8.0
24	0.0034	199996.0	91006	43449.0	675.0	595.0	147.0	7484.0	-12.0
25	0.0035	199988.0	91701	28720.0	663.0	-8.0	695.0	-14729.0	-12.0
26	0.0036	200125.0	91832	36218.0	663.0	137.0	131.0	7498.0	0.0
27	0.0037	200529.0	91875	43650.0	0.0	404.0	43.0	7432.0	-663.0
28	0.0038	200561.0	91841	36419.0	655.0	32.0	-34.0	-7231.0	655.0
29	0.0039	201869.0	91883	57441.0	647.0	1308.0	42.0	21022.0	-8.0
30	0.004	202381.0	91947	36674.0	639.0	512.0	64.0	-20767.0	-8.0
31	0.0041	202474.0	91982	36467.0	635.0	93.0	35.0	-207.0	-4.0
32	0.0042	0.0	92001	7349.0	624.0	-202474.0	19.0	-29118.0	-11.0
33	0.0043	387753.0	89941	35411.0	610.0	387753.0	-2060.0	28062.0	-14.0
34	0.0044	192313.0	87943	34691.0	608.0	-195440.0	-1998.0	-720.0	-2.0
35	0.0045	193104.0	88164	34902.0	609.0	791.0	221.0	211.0	1.0
36	0.0046	193962.0	88585	34995.0	610.0	858.0	421.0	93.0	1.0
37	0.0047	195073.0	88966	35134.0	610.0	1111.0	381.0	139.0	0.0
38	0.0048	195622.0	89314	35329.0	604.0	549.0	348.0	195.0	-6.0
39	0.0049	196111.0	90192	63548.0	606.0	489.0	878.0	28219.0	2.0
40	0.005	197028.0	90484	7365.0	607.0	917.0	292.0	-56183.0	1.0
41	0.0051	197489.0	90668	63868.0	606.0	461.0	184.0	56503.0	-1.0
42	0.0052	197804.0	90857	35784.0	606.0	315.0	189.0	-28084.0	0.0
43	0.0053	198533.0	91021	36007.0	608.0	729.0	164.0	223.0	2.0
44	0.0054	200371.0	91140	43241.0	608.0	1838.0	119.0	7234.0	0.0
45	0.0055	199180.0	91256	28528.0	603.0	-1191.0	116.0	-14713.0	-5.0
46	0.0056	199421.0	91358	36261.0	609.0	241.0	102.0	7733.0	6.0
47	0.0057	199925.0	91448	36238.0	610.0	504.0	90.0	-23.0	1.0
48	0.0058	201298.0	91535	43614.0	609.0	1373.0	87.0	7376.0	-1.0
49	0.0059	200263.0	91614	28716.0	606.0	-1035.0	79.0	-14898.0	-3.0
50	0.006	200652.0	91704	36482.0	612.0	389.0	90.0	7766.0	6.0
51	0.0061	202130.0	91749	43856.0	612.0	1478.0	45.0	7374.0	0.0
52	0.0062	201975.0	91798	28769.0	603.0	-155.0	49.0	-15087.0	-9.0
53	0.0063	202290.0	91847	36634.0	613.0	315.0	49.0	7865.0	10.0
54	0.0064	202522.0	91900	36462.0	614.0	232.0	53.0	-172.0	1.0
55	0.0065	202160.0	91945	36473.0	0.0	-362.0	45.0	11.0	-614.0
56	0.0066	203505.0	91968	36633.0	1212.0	1345.0	23.0	160.0	1212.0
57	0.0067	203903.0	91991	36887.0	614.0	398.0	23.0	254.0	-598.0
58	0.0068	203630.0	92003	36518.0	619.0	-273.0	12.0	-369.0	5.0
59	0.0069	202015.0	92028	36580.0	610.0	-1615.0	25.0	62.0	-9.0
60	0.007	203608.0	92057	36963.0	610.0	1593.0	29.0	383.0	0.0
61	0.0071	203761.0	92068	36892.0	0.0	153.0	11.0	-71.0	-610.0
62	0.0072	203313.0	92068	36498.0	615.0	-448.0	0.0	-394.0	615.0
63	0.0073	203226.0	92084	36821.0	611.0	-87.0	16.0	323.0	-4.0
64	0.0074	203440.0	92111	37007.0	605.0	214.0	27.0	186.0	-6.0
65	0.0075	203160.0	92126	36703.0	612.0	-280.0	15.0	-304.0	7.0
66	0.0076	202816.0	92128	36660.0	613.0	-344.0	2.0	-43.0	1.0
67	0.0077	203001.0	92138	36817.0	612.0	185.0	10.0	157.0	-1.0
68	0.0078	203057.0	92157	36782.0	612.0	56.0	19.0	-35.0	0.0
69	0.0079	202717.0	92157	36555.0	612.0	-340.0	0.0	-227.0	0.0
70	0.008	202668.0	92174	36686.0	612.0	-49.0	17.0	131.0	0.0
71	0.0081	202979.0	92184	36839.0	609.0	311.0	10.0	153.0	-3.0
72	0.0082	202615.0	92198	36574.0	611.0	-364.0	14.0	-265.0	2.0
73	0.0083	199524.0	92122	36001.0	604.0	-3091.0	-76.0	-573.0	-7.0
74	0.0084	199630.0	90898	36156.0	604.0	106.0	-1224.0	155.0	0.0
75	0.0085	199981.0	90897	36198.0	604.0	351.0	-1.0	42.0	0.0
76	0.0086	199866.0	91028	36033.0	607.0	-115.0	131.0	-165.0	3.0
77	0.0087	201179.0	91566	36384.0	611.0	1313.0	538.0	351.0	4.0
78	0.0088	201594.0	91682	36581.0	609.0	415.0	116.0	197.0	-2.0
79	0.0089	201551.0	91757	36402.0	611.0	-43.0	75.0	-179.0	2.0
80	0.009	201427.0	91819	36315.0	611.0	-124.0	62.0	-87.0	0.0
81	0.0091	201808.0	92425	36556.0	611.0	381.0	606.0	241.0	0.0
82	0.0092	201835.0	91959	36524.0	606.0	27.0	-466.0	-32.0	-5.0
83	0.0093	201474.0	91939	36356.0	613.0	-361.0	-20.0	-168.0	7.0
84	0.0094	201636.0	92512	36465.0	614.0	162.0	573.0	109.0	1.0
85	0.0095	202051.0	92554	36709.0	612.0	415.0	42.0	244.0	-2.0
86	0.0096	201902.0	92043	36556.0	612.0	-149.0	-511.0	-153.0	0.0
87	0.0097	201783.0	92003	36415.0	613.0	-119.0	-40.0	-141.0	1.0
88	0.0098	202063.0	92552	36582.0	613.0	280.0	549.0	167.0	0.0
89	0.0099	202021.0	92568	36548.0	611.0	-42.0	16.0	-34.0	-2.0
90	0.01	201825.0	92056	36476.0	613.0	-196.0	-512.0	-72.0	2.0
91	0.0101	202047.0	92570	36525.0	613.0	222.0	514.0	49.0	0.0
92	0.0102	202345.0	92603	36675.0	608.0	298.0	33.0	150.0	-5.0
93	0.0103	202032.0	93124	36604.0	608.0	-313.0	521.0	-71.0	0.0
94	0.0104	203033.0	93077	36635.0	617.0	1001.0	-47.0	31.0	9.0
95	0.0105	203416.0	92874	36809.0	617.0	383.0	-203.0	174.0	0.0
96	0.0106	203361.0	92815	36748.0	611.0	-55.0	-59.0	-61.0	-6.0
97	0.0107	203048.0	93331	36706.0	618.0	-313.0	516.0	-42.0	7.0
98	0.0108	203068.0	92758	36678.0	618.0	20.0	-573.0	-28.0	0.0
99	0.0109	203165.0	92643	36793.0	613.0	97.0	-115.0	115.0	-5.0
100	0.011	202823.0	93146	36745.0	608.0	-342.0	503.0	-48.0	-5.0
101	0.0111	202785.0	93124	36630.0	615.0	-38.0	-22.0	-115.0	7.0
102	0.0112	202982.0	93064	36686.0	616.0	197.0	-60.0	56.0	1.0
103	0.0113	202829.0	92965	36624.0	614.0	-153.0	-99.0	-62.0	-2.0
104	0.0114	202484.0	92900	29020.0	614.0	-345.0	-65.0	-7604.0	0.0
105	0.0115	202689.0	92849	44232.0	615.0	205.0	-51.0	15212.0	1.0
106	0.0116	202825.0	92800	36708.0	615.0	136.0	-49.0	-7524.0	0.0
107	0.0117	202465.0	92739	36620.0	613.0	-360.0	-61.0	-88.0	-2.0
108	0.0118	202336.0	92690	29009.0	616.0	-129.0	-49.0	-7611.0	3.0
109	0.0119	202518.0	92640	44126.0	617.0	182.0	-50.0	15117.0	1.0
110	0.012	202303.0	92588	36500.0	615.0	-215.0	-52.0	-7626.0	-2.0
111	0.0121	202035.0	92562	28951.0	615.0	-268.0	-26.0	-7549.0	0.0
112	0.0122	202334.0	92541	7596.0	616.0	299.0	-21.0	-21355.0	1.0
113	0.0123	200023.0	92478	36356.0	606.0	-2311.0	-63.0	28760.0	-10.0
114	0.0124	198135.0	90931	35988.0	603.0	-1888.0	-1547.0	-368.0	-3.0
115	0.0125	198334.0	90849	35922.0	606.0	199.0	-82.0	-66.0	3.0
116	0.0126	198993.0	90970	35956.0	606.0	659.0	121.0	34.0	0.0
117	0.0127	200511.0	91084	35988.0	605.0	1518.0	114.0	32.0	-1.0
118	0.0128	199409.0	91204	64628.0	605.0	-1102.0	120.0	28640.0	0.0
119	0.0129	199872.0	91321	7587.0	607.0	463.0	117.0	-57041.0	2.0
120	0.013	201446.0	91435	36113.0	607.0	1574.0	114.0	28526.0	0.0
121	0.0131	201419.0	91550	64789.0	606.0	-27.0	115.0	28676.0	-1.0
122	0.0132	200451.0	91640	36437.0	609.0	-968.0	90.0	-28352.0	3.0
123	0.0133	202150.0	91718	36414.0	610.0	1699.0	78.0	-23.0	1.0
124	0.0134	201999.0	91771	36356.0	609.0	-151.0	53.0	-58.0	-1.0
125	0.0135	201944.0	91830	36374.0	609.0	-55.0	59.0	18.0	0.0
126	0.0136	201012.0	91884	36566.0	611.0	-932.0	54.0	192.0	2.0
127	0.0137	202281.0	91928	36413.0	611.0	1269.0	44.0	-153.0	0.0
128	0.0138	202119.0	91954	36525.0	609.0	-162.0	26.0	112.0	-2.0
129	0.0139	202417.0	91987	36571.0	612.0	298.0	33.0	46.0	3.0
130	0.014	202495.0	92021	36529.0	612.0	78.0	34.0	-42.0	0.0
131	0.0141	202090.0	92042	36458.0	611.0	-405.0	21.0	-71.0	-1.0
132	0.0142	202129.0	92068	36604.0	607.0	39.0	26.0	146.0	-4.0
133	0.0143	203787.0	92070	36724.0	613.0	1658.0	2.0	120.0	6.0
134	0.0144	202452.0	92077	36479.0	613.0	-1335.0	7.0	-245.0	0.0
135	0.0145	202135.0	92101	36523.0	607.0	-317.0	24.0	44.0	-6.0
136	0.0146	203914.0	92149	36697.0	608.0	1779.0	48.0	174.0	1.0
137	0.0147	204018.0	92162	36665.0	608.0	104.0	13.0	-32.0	0.0
138	0.0148	203566.0	92166	36450.0	0.0	-452.0	4.0	-215.0	-608.0
139	0.0149	203414.0	92159	36581.0	1211.0	-152.0	-7.0	131.0	1211.0
140	0.015	203608.0	92169	36931.0	610.0	194.0	10.0	350.0	-601.0
141	0.0151	203308.0	92184	36536.0	0.0	-300.0	15.0	-395.0	-610.0
142	0.0152	202994.0	92193	36504.0	610.0	-314.0	9.0	-32.0	610.0
143	0.0153	203185.0	92201	36676.0	609.0	191.0	8.0	172.0	-1.0
144	0.0154	203235.0	92222	36661.0	609.0	50.0	21.0	-15.0	0.0
145	0.0155	202920.0	92230	36446.0	610.0	-315.0	8.0	-215.0	1.0
146	0.0156	202781.0	92210	36582.0	610.0	-139.0	-20.0	136.0	0.0
147	0.0157	203056.0	92216	36936.0	605.0	275.0	6.0	354.0	-5.0
148	0.0158	202858.0	92217	36557.0	612.0	-198.0	1.0	-379.0	7.0
149	0.0159	202591.0	92225	36699.0	609.0	-267.0	8.0	142.0	-3.0
150	0.016	202878.0	92227	36881.0	607.0	287.0	2.0	182.0	-2.0
151	0.0161	202964.0	92236	36851.0	607.0	86.0	9.0	-30.0	0.0
152	0.0162	202372.0	92244	7482.0	609.0	-592.0	8.0	-29369.0	2.0
153	0.0163	198595.0	92189	36483.0	599.0	-3777.0	-55.0	29001.0	-10.0
154	0.0164	198790.0	90526	36045.0	597.0	195.0	-1663.0	-438.0	-2.0
155	0.0165	198860.0	90526	36075.0	605.0	70.0	0.0	30.0	8.0
156	0.0166	198922.0	90686	35590.0	606.0	62.0	160.0	-485.0	1.0
157	0.0167	197381.0	89950	35918.0	597.0	-1541.0	-736.0	328.0	-9.0
158	0.0168	199748.0	90488	64804.0	602.0	2367.0	538.0	28886.0	5.0
159	0.0169	201953.0	91672	36569.0	612.0	2205.0	1184.0	-28235.0	10.0
160	0.017	204501.0	93414	37147.0	618.0	2548.0	1742.0	578.0	6.0
161	0.0171	206855.0	94411	37738.0	1250.0	2354.0	997.0	591.0	632.0
162	0.0172	208435.0	190203	37845.0	635.0	1580.0	95792.0	107.0	-615.0
163	0.0173	209975.0	96785	37989.0	638.0	1540.0	-93418.0	144.0	3.0
164	0.0174	211826.0	97464	38429.0	640.0	1851.0	679.0	440.0	2.0
165	0.0175	213190.0	97466	38740.0	647.0	1364.0	2.0	311.0	7.0
166	0.0176	214177.0	98511	38802.0	651.0	987.0	1045.0	62.0	4.0
167	0.0177	215314.0	98985	38899.0	652.0	1137.0	474.0	97.0	1.0
168	0.0178	216570.0	99323	39221.0	652.0	1256.0	338.0	322.0	0.0
169	0.0179	217408.0	99660	39425.0	657.0	838.0	337.0	204.0	5.0
170	0.018	217932.0	99939	39474.0	659.0	524.0	279.0	49.0	2.0
171	0.0181	218650.0	100185	39490.0	660.0	718.0	246.0	16.0	1.0
172	0.0182	219588.0	100415	39676.0	660.0	938.0	230.0	186.0	0.0
173	0.0183	220267.0	100626	39905.0	662.0	679.0	211.0	229.0	2.0
174	0.0184	220558.0	100816	39870.0	665.0	291.0	190.0	-35.0	3.0
175	0.0185	220779.0	100934	39904.0	666.0	221.0	118.0	34.0	1.0
176	0.0186	443284.0	101091	39918.0	666.0	222505.0	157.0	14.0	0.0
177	0.0187	222280.0	101228	40113.0	665.0	-221004.0	137.0	195.0	-1.0
178	0.0188	222262.0	101348	40166.0	669.0	-18.0	120.0	53.0	4.0
179	0.0189	222503.0	101441	40181.0	671.0	241.0	93.0	15.0	2.0
180	0.019	223109.0	101528	40177.0	672.0	606.0	87.0	-4.0	1.0
181	0.0191	223375.0	101620	40224.0	671.0	266.0	92.0	47.0	-1.0
182	0.0192	223320.0	101678	40387.0	671.0	-55.0	58.0	163.0	0.0
183	0.0193	223222.0	101748	40322.0	674.0	-98.0	70.0	-65.0	3.0
184	0.0194	223590.0	101794	40363.0	675.0	368.0	46.0	41.0	1.0
185	0.0195	224021.0	101851	40331.0	675.0	431.0	57.0	-32.0	0.0
186	0.0196	224106.0	101895	40405.0	674.0	85.0	44.0	74.0	-1.0
187	0.0197	223947.0	101941	40500.0	674.0	-159.0	46.0	95.0	0.0
188	0.0198	223981.0	101987	40446.0	675.0	34.0	46.0	-54.0	1.0
189	0.0199	224324.0	102025	40489.0	675.0	343.0	38.0	43.0	0.0
190	0.02	224556.0	102045	40431.0	675.0	232.0	20.0	-58.0	0.0
191	0.0201	224477.0	102028	40500.0	674.0	-79.0	-17.0	69.0	-1.0
192	0.0202	0.0	102056	40462.0	674.0	-224477.0	28.0	-38.0	0.0
193	0.0203	223657.0	101802	40255.0	667.0	223657.0	-254.0	-207.0	-7.0
194	0.0204	441283.0	100416	39823.0	668.0	217626.0	-1386.0	-432.0	1.0
195	0.0205	0.0	100468	39714.0	668.0	-441283.0	52.0	-109.0	0.0
196	0.0206	222714.0	100638	39985.0	664.0	222714.0	170.0	271.0	-4.0
197	0.0207	221562.0	101368	39967.0	666.0	-1152.0	730.0	-18.0	2.0
198	0.0208	443744.0	101540	40078.0	673.0	222182.0	172.0	111.0	7.0
199	0.0209	222681.0	101113	40125.0	674.0	-221063.0	-427.0	47.0	1.0
200	0.021	224285.0	101159	40119.0	670.0	1604.0	46.0	-6.0	-4.0
201	0.0211	222967.0	101835	40250.0	669.0	-1318.0	676.0	131.0	-1.0
202	0.0212	222984.0	101951	40274.0	673.0	17.0	116.0	24.0	4.0
203	0.0213	223392.0	101975	40348.0	674.0	408.0	24.0	74.0	1.0
204	0.0214	223636.0	101999	40324.0	674.0	244.0	24.0	-24.0	0.0
205	0.0215	224984.0	102026	40311.0	673.0	1348.0	27.0	-13.0	-1.0
206	0.0216	223677.0	102034	40300.0	673.0	-1307.0	8.0	-11.0	0.0
207	0.0217	223701.0	102052	40430.0	676.0	24.0	18.0	130.0	3.0
208	0.0218	224154.0	102084	32066.0	4830.0	453.0	32.0	-8364.0	4154.0
209	0.0219	0.0	102091	8427.0	5886.0	-224154.0	7.0	-23639.0	1056.0
