	time	ins	cycle	memory	branchm	ins_d	cycle_d	memory_d	branchm_d
0	0.001	112403	88080	23735.0	0.0	0.0	0.0	0.0	0.0
1	0.0011	248264	101668	29037.0	1114.0	135861.0	13588.0	5302.0	1114.0
2	0.0012	119075	59747	39606.0	0.0	-129189.0	-41921.0	10569.0	-1114.0
3	0.0013	276910	135287	44677.0	1051.0	157835.0	75540.0	5071.0	1051.0
4	0.0014	321602	75383	51672.0	1006.0	44692.0	-59904.0	6995.0	-45.0
5	0.0015	177724	162332	38637.0	0.0	-143878.0	86949.0	-13035.0	-1006.0
6	0.0016	185185	86105	33328.0	967.0	7461.0	-76227.0	-5309.0	967.0
7	0.0017	193184	89670	62840.0	931.0	7999.0	3565.0	29512.0	-36.0
8	0.0018	405123	92241	36643.0	901.0	211939.0	2571.0	-26197.0	-30.0
9	0.0019	210172	95123	37570.0	0.0	-194951.0	2882.0	927.0	-901.0
10	0.002	216188	195897	38458.0	875.0	6016.0	100774.0	888.0	875.0
11	0.0021	219637	100918	39258.0	855.0	3449.0	-94979.0	800.0	-20.0
12	0.0022	222218	102246	48114.0	839.0	2581.0	1328.0	8856.0	-16.0
13	0.0023	224619	103270	40709.0	825.0	2401.0	1024.0	-7405.0	-14.0
14	0.0024	228685	104213	41018.0	812.0	4066.0	943.0	309.0	-13.0
15	0.0025	231057	105714	74520.0	801.0	2372.0	1501.0	33502.0	-11.0
16	0.0026	232620	106509	42070.0	792.0	1563.0	795.0	-32450.0	-9.0
17	0.0027	233813	107133	41954.0	0.0	1193.0	624.0	-116.0	-792.0
18	0.0028	235122	107678	7967.0	741.0	1309.0	545.0	-33987.0	741.0
19	0.0029	220381	101633	39722.0	719.0	-14741.0	-6045.0	31755.0	-22.0
20	0.003	214986	99111	70283.0	720.0	-5395.0	-2522.0	30561.0	1.0
21	0.0031	439045	100107	39951.0	719.0	224059.0	996.0	-30332.0	-1.0
22	0.0032	224539	101375	40497.0	721.0	-214506.0	1268.0	546.0	2.0
23	0.0033	0	102557	40610.0	707.0	-224539.0	1182.0	113.0	-14.0
24	0.0034	227354	102234	40093.0	693.0	227354.0	-323.0	-517.0	-14.0
25	0.0035	222446	101211	0.0	685.0	-4908.0	-1023.0	-40093.0	-8.0
26	0.0036	219860	100241	39730.0	684.0	-2586.0	-970.0	39730.0	-1.0
27	0.0037	217731	99355	39278.0	0.0	-2129.0	-886.0	-452.0	-684.0
28	0.0038	216165	98574	39023.0	674.0	-1566.0	-781.0	-255.0	674.0
29	0.0039	214787	97881	38754.0	668.0	-1378.0	-693.0	-269.0	-6.0
30	0.004	213404	97272	38572.0	658.0	-1383.0	-609.0	-182.0	-10.0
31	0.0041	211908	96712	38520.0	653.0	-1496.0	-560.0	-52.0	-5.0
32	0.0042	210914	96224	38323.0	651.0	-994.0	-488.0	-197.0	-2.0
33	0.0043	210183	95789	38073.0	648.0	-731.0	-435.0	-250.0	-3.0
34	0.0044	209270	95419	37961.0	644.0	-913.0	-370.0	-112.0	-4.0
35	0.0045	208130	0	37790.0	639.0	-1140.0	-95419.0	-171.0	-5.0
36	0.0046	207579	95090	37592.0	639.0	-551.0	95090.0	-198.0	0.0
37	0.0047	207254	94798	37464.0	636.0	-325.0	-292.0	-128.0	-3.0
38	0.0048	206503	94512	37429.0	634.0	-751.0	-286.0	-35.0	-2.0
39	0.0049	205836	94279	37254.0	630.0	-667.0	-233.0	-175.0	-4.0
40	0.005	205692	94071	37302.0	631.0	-144.0	-208.0	48.0	1.0
41	0.0051	205379	93877	37175.0	630.0	-313.0	-194.0	-127.0	-1.0
42	0.0052	204704	93712	37141.0	628.0	-675.0	-165.0	-34.0	-2.0
43	0.0053	204307	93569	36961.0	622.0	-397.0	-143.0	-180.0	-6.0
44	0.0054	205672	93400	37056.0	622.0	1365.0	-169.0	95.0	0.0
45	0.0055	205330	93271	36948.0	622.0	-342.0	-129.0	-108.0	0.0
46	0.0056	204772	93151	36916.0	620.0	-558.0	-120.0	-32.0	-2.0
47	0.0057	204648	93065	36733.0	0.0	-124.0	-86.0	-183.0	-620.0
48	0.0058	204555	92993	36931.0	620.0	-93.0	-72.0	198.0	620.0
49	0.0059	203948	92907	36826.0	620.0	-607.0	-86.0	-105.0	0.0
50	0.006	203682	92814	36699.0	619.0	-266.0	-93.0	-127.0	-1.0
51	0.0061	203795	92738	36721.0	616.0	113.0	-76.0	22.0	-3.0
52	0.0062	203514	92676	36889.0	617.0	-281.0	-62.0	168.0	1.0
53	0.0063	203174	92622	36720.0	617.0	-340.0	-54.0	-169.0	0.0
54	0.0064	203083	92586	36770.0	613.0	-91.0	-36.0	50.0	-4.0
55	0.0065	203186	93083	36691.0	610.0	103.0	497.0	-79.0	-3.0
56	0.0066	202791	93072	36770.0	612.0	-395.0	-11.0	79.0	2.0
57	0.0067	202561	92972	29199.0	612.0	-230.0	-100.0	-7571.0	0.0
58	0.0068	0	92904	36651.0	611.0	-202561.0	-68.0	7452.0	-1.0
59	0.0069	203170	92957	43517.0	604.0	203170.0	53.0	6866.0	-7.0
60	0.007	199803	91521	28680.0	605.0	-3367.0	-1436.0	-14837.0	1.0
61	0.0071	398804	91427	36230.0	605.0	199001.0	-94.0	7550.0	0.0
62	0.0072	0	91464	43432.0	604.0	-398804.0	37.0	7202.0	-1.0
63	0.0073	199993	91558	28691.0	606.0	199993.0	94.0	-14741.0	2.0
64	0.0074	400028	91636	36355.0	606.0	200035.0	78.0	7664.0	0.0
65	0.0075	200604	91713	36148.0	605.0	-199424.0	77.0	-207.0	-1.0
66	0.0076	200623	91777	43705.0	606.0	19.0	64.0	7557.0	1.0
67	0.0077	200555	91844	28855.0	607.0	-68.0	67.0	-14850.0	1.0
68	0.0078	201005	91897	36333.0	607.0	450.0	53.0	7478.0	0.0
69	0.0079	202518	91942	36157.0	605.0	1513.0	45.0	-176.0	-2.0
70	0.008	201135	91980	36392.0	608.0	-1383.0	38.0	235.0	3.0
71	0.0081	201208	92019	36550.0	609.0	73.0	39.0	158.0	1.0
72	0.0082	201545	92061	36336.0	607.0	337.0	42.0	-214.0	-2.0
73	0.0083	201407	92070	36347.0	607.0	-138.0	9.0	11.0	0.0
74	0.0084	201312	92113	36531.0	609.0	-95.0	43.0	184.0	2.0
75	0.0085	201690	92140	36414.0	609.0	378.0	27.0	-117.0	0.0
76	0.0086	203165	92161	36283.0	607.0	1475.0	21.0	-131.0	-2.0
77	0.0087	201693	92188	36515.0	610.0	-1472.0	27.0	232.0	3.0
78	0.0088	201747	92221	36654.0	611.0	54.0	33.0	139.0	1.0
79	0.0089	202074	92244	36451.0	611.0	327.0	23.0	-203.0	0.0
80	0.009	203218	92271	36393.0	611.0	1144.0	27.0	-58.0	0.0
81	0.0091	201842	92279	36618.0	613.0	-1376.0	8.0	225.0	2.0
82	0.0092	202045	92268	36516.0	613.0	203.0	-11.0	-102.0	0.0
83	0.0093	203335	92283	36333.0	612.0	1290.0	15.0	-183.0	-1.0
84	0.0094	202928	92842	36532.0	614.0	-407.0	559.0	199.0	2.0
85	0.0095	201747	92351	36688.0	615.0	-1181.0	-491.0	156.0	1.0
86	0.0096	203195	92306	36479.0	613.0	1448.0	-45.0	-209.0	-2.0
87	0.0097	202781	92272	36365.0	613.0	-414.0	-34.0	-114.0	0.0
88	0.0098	202632	92807	36587.0	615.0	-149.0	535.0	222.0	2.0
89	0.0099	202871	92307	36495.0	615.0	239.0	-500.0	-92.0	0.0
90	0.01	202704	92265	36383.0	612.0	-167.0	-42.0	-112.0	-3.0
91	0.0101	202261	92813	36474.0	614.0	-443.0	548.0	91.0	2.0
92	0.0102	202283	92784	36548.0	614.0	22.0	-29.0	74.0	0.0
93	0.0103	202535	92204	36504.0	613.0	252.0	-580.0	-44.0	-1.0
94	0.0104	202292	92173	36404.0	607.0	-243.0	-31.0	-100.0	-6.0
95	0.0105	202225	92737	36774.0	614.0	-67.0	564.0	370.0	7.0
96	0.0106	202465	92752	36584.0	614.0	240.0	15.0	-190.0	0.0
97	0.0107	202338	92205	36474.0	609.0	-127.0	-547.0	-110.0	-5.0
98	0.0108	0	92700	36546.0	600.0	-202338.0	495.0	72.0	-9.0
99	0.0109	201978	92636	36060.0	605.0	201978.0	-64.0	-486.0	5.0
100	0.011	198653	91072	35878.0	603.0	-3325.0	-1564.0	-182.0	-2.0
101	0.0111	198654	91050	36021.0	602.0	1.0	-22.0	143.0	-1.0
102	0.0112	198642	91149	36245.0	609.0	-12.0	99.0	224.0	7.0
103	0.0113	198924	91252	36246.0	609.0	282.0	103.0	1.0	0.0
104	0.0114	200611	91769	36380.0	607.0	1687.0	517.0	134.0	-2.0
105	0.0115	200612	91858	36458.0	607.0	1.0	89.0	78.0	0.0
106	0.0116	200641	91920	36410.0	608.0	29.0	62.0	-48.0	1.0
107	0.0117	201097	91958	36467.0	608.0	456.0	38.0	57.0	0.0
108	0.0118	201135	92000	36413.0	607.0	38.0	42.0	-54.0	-1.0
109	0.0119	402037	92038	36544.0	610.0	200902.0	38.0	131.0	3.0
110	0.012	201436	92069	36461.0	610.0	-200601.0	31.0	-83.0	0.0
111	0.0121	201216	92104	36442.0	608.0	-220.0	35.0	-19.0	-2.0
112	0.0122	201267	92126	36471.0	609.0	51.0	22.0	29.0	1.0
113	0.0123	201561	92151	36413.0	610.0	294.0	25.0	-58.0	1.0
114	0.0124	201553	92144	36488.0	610.0	-8.0	-7.0	75.0	0.0
115	0.0125	201271	92164	36417.0	608.0	-282.0	20.0	-71.0	-2.0
116	0.0126	201479	92181	36471.0	611.0	208.0	17.0	54.0	3.0
117	0.0127	201610	92180	36454.0	612.0	131.0	-1.0	-17.0	1.0
118	0.0128	201303	92197	36443.0	0.0	-307.0	17.0	-11.0	-612.0
119	0.0129	201400	92220	36452.0	610.0	97.0	23.0	9.0	610.0
120	0.013	201740	92221	36405.0	610.0	340.0	1.0	-47.0	0.0
121	0.0131	201623	92233	36492.0	611.0	-117.0	12.0	87.0	1.0
122	0.0132	201447	92256	36445.0	611.0	-176.0	23.0	-47.0	0.0
123	0.0133	203288	92269	36469.0	605.0	1841.0	13.0	24.0	-6.0
124	0.0134	203226	92273	36481.0	607.0	-62.0	4.0	12.0	2.0
125	0.0135	201589	92267	36496.0	611.0	-1637.0	-6.0	15.0	4.0
126	0.0136	202996	92268	36475.0	607.0	1407.0	1.0	-21.0	-4.0
127	0.0137	203381	92283	36425.0	606.0	385.0	15.0	-50.0	-1.0
128	0.0138	202992	92285	36503.0	608.0	-389.0	2.0	78.0	2.0
129	0.0139	202621	92267	36438.0	608.0	-371.0	-18.0	-65.0	0.0
130	0.014	202918	92270	36580.0	606.0	297.0	3.0	142.0	-2.0
131	0.0141	202741	92260	36493.0	608.0	-177.0	-10.0	-87.0	2.0
132	0.0142	202313	92225	28928.0	609.0	-428.0	-35.0	-7565.0	1.0
133	0.0143	202375	92229	44024.0	609.0	62.0	4.0	15096.0	0.0
134	0.0144	202582	92245	36606.0	608.0	207.0	16.0	-7418.0	-1.0
135	0.0145	202249	92230	36512.0	610.0	-333.0	-15.0	-94.0	2.0
136	0.0146	201965	92212	36440.0	610.0	-284.0	-18.0	-72.0	0.0
137	0.0147	202318	92212	28987.0	608.0	353.0	0.0	-7453.0	-2.0
138	0.0148	0	92222	7472.0	610.0	-202318.0	10.0	-21515.0	2.0
139	0.0149	202034	92198	36429.0	600.0	202034.0	-24.0	28957.0	-10.0
140	0.015	197872	90501	35795.0	599.0	-4162.0	-1697.0	-634.0	-1.0
141	0.0151	197981	90504	64183.0	595.0	109.0	3.0	28388.0	-4.0
142	0.0152	198679	91229	7385.0	598.0	698.0	725.0	-56798.0	3.0
143	0.0153	198738	91380	36131.0	593.0	59.0	151.0	28746.0	-5.0
144	0.0154	196550	90609	71767.0	597.0	-2188.0	-771.0	35636.0	4.0
145	0.0155	400771	91627	36444.0	607.0	204221.0	1018.0	-35323.0	10.0
146	0.0156	203733	92730	36927.0	614.0	-197038.0	1103.0	483.0	7.0
147	0.0157	206166	93735	37113.0	618.0	2433.0	1005.0	186.0	4.0
148	0.0158	208039	94641	37490.0	624.0	1873.0	906.0	377.0	6.0
149	0.0159	209439	191641	37917.0	631.0	1400.0	97000.0	427.0	7.0
150	0.016	211067	96851	38217.0	1274.0	1628.0	-94790.0	300.0	643.0
151	0.0161	212689	97439	38225.0	643.0	1622.0	588.0	8.0	-631.0
152	0.0162	213806	97955	38546.0	647.0	1117.0	516.0	321.0	4.0
153	0.0163	214544	98408	38853.0	650.0	738.0	453.0	307.0	3.0
154	0.0164	215618	98821	39034.0	650.0	1074.0	413.0	181.0	0.0
155	0.0165	216817	99184	38957.0	653.0	1199.0	363.0	-77.0	3.0
156	0.0166	217629	99518	39207.0	656.0	812.0	334.0	250.0	3.0
157	0.0167	218138	99794	39489.0	658.0	509.0	276.0	282.0	2.0
158	0.0168	218749	100057	39663.0	658.0	611.0	263.0	174.0	0.0
159	0.0169	219734	100287	39426.0	658.0	985.0	230.0	-237.0	0.0
160	0.017	221731	100476	39679.0	662.0	1997.0	189.0	253.0	4.0
161	0.0171	220598	100635	39888.0	663.0	-1133.0	159.0	209.0	1.0
162	0.0172	220779	100807	40065.0	663.0	181.0	172.0	177.0	0.0
163	0.0173	221345	100958	40014.0	663.0	566.0	151.0	-51.0	0.0
164	0.0174	221850	101091	39839.0	665.0	505.0	133.0	-175.0	2.0
165	0.0175	223388	101220	40055.0	667.0	1538.0	129.0	216.0	2.0
166	0.0176	222063	101324	40239.0	668.0	-1325.0	104.0	184.0	1.0
167	0.0177	222223	101414	40332.0	668.0	160.0	90.0	93.0	0.0
168	0.0178	222753	101493	40043.0	667.0	530.0	79.0	-289.0	-1.0
169	0.0179	224338	101578	40068.0	670.0	1585.0	85.0	25.0	3.0
170	0.018	224153	101647	40261.0	672.0	-185.0	69.0	193.0	2.0
171	0.0181	222677	101705	40429.0	672.0	-1476.0	58.0	168.0	0.0
172	0.0182	222890	101757	40468.0	671.0	213.0	52.0	39.0	-1.0
173	0.0183	223194	101795	40100.0	671.0	304.0	38.0	-368.0	0.0
174	0.0184	224712	102418	40225.0	674.0	1518.0	623.0	125.0	3.0
175	0.0185	224496	101919	40391.0	674.0	-216.0	-499.0	166.0	0.0
176	0.0186	224543	101901	40565.0	674.0	47.0	-18.0	174.0	0.0
177	0.0187	223462	101916	40393.0	672.0	-1081.0	15.0	-172.0	-2.0
178	0.0188	224837	101693	40058.0	663.0	1375.0	-223.0	-335.0	-9.0
179	0.0189	224018	100759	40085.0	665.0	-819.0	-934.0	27.0	2.0
180	0.019	220661	100772	39856.0	667.0	-3357.0	13.0	-229.0	2.0
181	0.0191	220726	100388	40029.0	667.0	65.0	-384.0	173.0	0.0
182	0.0192	220119	100543	39813.0	667.0	-607.0	155.0	-216.0	0.0
183	0.0193	221852	100730	39769.0	669.0	1733.0	187.0	-44.0	2.0
184	0.0194	221931	101487	39947.0	671.0	79.0	757.0	178.0	2.0
185	0.0195	221999	101616	40206.0	672.0	68.0	129.0	259.0	1.0
186	0.0196	222398	101176	40194.0	672.0	399.0	-440.0	-12.0	0.0
187	0.0197	222852	101222	40016.0	671.0	454.0	46.0	-178.0	-1.0
188	0.0198	222932	101901	40034.0	675.0	80.0	679.0	18.0	4.0
189	0.0199	222782	102010	40209.0	676.0	-150.0	109.0	175.0	1.0
190	0.02	222818	102000	40347.0	677.0	36.0	-10.0	138.0	1.0
191	0.0201	223172	102037	40194.0	675.0	354.0	37.0	-153.0	-2.0
192	0.0202	223385	102055	40128.0	675.0	213.0	18.0	-66.0	0.0
193	0.0203	223292	102081	40188.0	678.0	-93.0	26.0	60.0	3.0
194	0.0204	223291	102090	40387.0	678.0	-1.0	9.0	199.0	0.0
195	0.0205	223526	102107	40480.0	678.0	235.0	17.0	93.0	0.0
196	0.0206	223815	102133	40327.0	676.0	289.0	26.0	-153.0	-2.0
197	0.0207	223777	102147	40217.0	675.0	-38.0	14.0	-110.0	-1.0
198	0.0208	223618	102156	40331.0	678.0	-159.0	9.0	114.0	3.0
199	0.0209	223600	102147	40472.0	678.0	-18.0	-9.0	141.0	0.0
200	0.021	223876	102160	40436.0	678.0	276.0	13.0	-36.0	0.0
201	0.0211	224148	102138	40350.0	676.0	272.0	-22.0	-86.0	-2.0
