	time	ins	cycle	memory	branchm	ins_d	cycle_d	memory_d	branchm_d
0	0.001	50170.0	54440	6601.0	1039.0	0.0	0.0	0.0	0.0
1	0.0011	29192.0	70743	19142.0	1199.0	-20978.0	16303.0	12541.0	160.0
2	0.0012	126195.0	38650	19318.0	0.0	97003.0	-32093.0	176.0	-1199.0
3	0.0013	154722.0	87069	28769.0	1145.0	28527.0	48419.0	9451.0	1145.0
4	0.0014	206294.0	106687	39022.0	0.0	51572.0	19618.0	10253.0	-1145.0
5	0.0015	246883.0	57815	40510.0	1064.0	40589.0	-48872.0	1488.0	1064.0
6	0.0016	138327.0	129282	25201.0	0.0	-108556.0	71467.0	-15309.0	-1064.0
7	0.0017	146031.0	69280	26284.0	998.0	7704.0	-60002.0	1083.0	998.0
8	0.0018	309447.0	72307	56076.0	0.0	163416.0	3027.0	29792.0	-998.0
9	0.0019	162214.0	75127	29443.0	944.0	-147233.0	2820.0	-26633.0	944.0
10	0.002	167727.0	156204	30363.0	0.0	5513.0	81077.0	920.0	-944.0
11	0.0021	170996.0	80642	30962.0	894.0	3269.0	-75562.0	599.0	894.0
12	0.0022	175846.0	82455	31666.0	855.0	4850.0	1813.0	704.0	-39.0
13	0.0023	360296.0	83524	32246.0	821.0	184450.0	1069.0	580.0	-34.0
14	0.0024	184200.0	84440	59254.0	0.0	-176096.0	916.0	27008.0	-821.0
15	0.0025	185620.0	85835	33624.0	795.0	1420.0	1395.0	-25630.0	795.0
16	0.0026	188988.0	86569	34163.0	767.0	3368.0	734.0	539.0	-28.0
17	0.0027	190198.0	87168	34371.0	746.0	1210.0	599.0	208.0	-21.0
18	0.0028	191183.0	88265	34767.0	0.0	985.0	1097.0	396.0	-746.0
19	0.0029	192425.0	88732	42089.0	731.0	1242.0	467.0	7322.0	731.0
20	0.003	196095.0	89087	35244.0	712.0	3670.0	355.0	-6845.0	-19.0
21	0.0031	195490.0	89392	28076.0	698.0	-605.0	305.0	-7168.0	-14.0
22	0.0032	196151.0	90240	42741.0	690.0	661.0	848.0	14665.0	-8.0
23	0.0033	197919.0	90480	35518.0	678.0	1768.0	240.0	-7223.0	-12.0
24	0.0034	196881.0	90657	28452.0	663.0	-1038.0	177.0	-7066.0	-15.0
25	0.0035	198794.0	90797	36106.0	0.0	1913.0	140.0	7654.0	-663.0
26	0.0036	200545.0	90924	43254.0	659.0	1751.0	127.0	7148.0	659.0
27	0.0037	200338.0	91032	36093.0	656.0	-207.0	108.0	-7161.0	-3.0
28	0.0038	199190.0	182277	28618.0	651.0	-1148.0	91245.0	-7475.0	-5.0
29	0.0039	200937.0	91829	43381.0	642.0	1747.0	-90448.0	14763.0	-9.0
30	0.004	200834.0	91921	36071.0	638.0	-103.0	92.0	-7310.0	-4.0
31	0.0041	200803.0	91936	28687.0	637.0	-31.0	15.0	-7384.0	-1.0
32	0.0042	199835.0	91948	36212.0	635.0	-968.0	12.0	7525.0	-2.0
33	0.0043	201125.0	91956	43536.0	631.0	1290.0	8.0	7324.0	-4.0
34	0.0044	201046.0	91982	28709.0	624.0	-79.0	26.0	-14827.0	-7.0
35	0.0045	201317.0	92003	36592.0	624.0	271.0	21.0	7883.0	0.0
36	0.0046	201427.0	92000	36392.0	624.0	110.0	-3.0	-200.0	0.0
37	0.0047	201065.0	91986	36334.0	621.0	-362.0	-14.0	-58.0	-3.0
38	0.0048	201065.0	92002	36490.0	616.0	0.0	16.0	156.0	-5.0
39	0.0049	200267.0	0	36001.0	604.0	-798.0	-92002.0	-489.0	-12.0
40	0.005	195971.0	91356	35179.0	0.0	-4296.0	91356.0	-822.0	-604.0
41	0.0051	195840.0	89497	35344.0	604.0	-131.0	-1859.0	165.0	604.0
42	0.0052	196668.0	89549	35528.0	1202.0	828.0	52.0	184.0	598.0
43	0.0053	197000.0	89772	35449.0	0.0	332.0	223.0	-79.0	-1202.0
44	0.0054	197058.0	90010	35544.0	605.0	58.0	238.0	95.0	605.0
45	0.0055	197721.0	90214	35849.0	601.0	663.0	204.0	305.0	-4.0
46	0.0056	198152.0	90413	35780.0	600.0	431.0	199.0	-69.0	-1.0
47	0.0057	198031.0	90575	35661.0	607.0	-121.0	162.0	-119.0	7.0
48	0.0058	198380.0	91264	35932.0	607.0	349.0	689.0	271.0	0.0
49	0.0059	198852.0	181831	35948.0	601.0	472.0	90567.0	16.0	-6.0
50	0.006	198735.0	91625	35840.0	607.0	-117.0	-90206.0	-108.0	6.0
51	0.0061	198873.0	0	35976.0	608.0	138.0	-91625.0	136.0	1.0
52	0.0062	199390.0	91746	36085.0	604.0	517.0	91746.0	109.0	-4.0
53	0.0063	199500.0	182581	36148.0	604.0	110.0	90835.0	63.0	0.0
54	0.0064	199366.0	91926	36057.0	610.0	-134.0	-90655.0	-91.0	6.0
55	0.0065	199863.0	92001	36216.0	610.0	497.0	75.0	159.0	0.0
56	0.0066	200053.0	92021	36275.0	601.0	190.0	20.0	59.0	-9.0
57	0.0067	199923.0	92581	36172.0	607.0	-130.0	560.0	-103.0	6.0
58	0.0068	200088.0	92592	36246.0	608.0	165.0	11.0	74.0	1.0
59	0.0069	200451.0	92537	36195.0	607.0	363.0	-55.0	-51.0	-1.0
60	0.007	200316.0	92488	36311.0	604.0	-135.0	-49.0	116.0	-3.0
61	0.0071	200263.0	92441	36235.0	610.0	-53.0	-47.0	-76.0	6.0
62	0.0072	200577.0	92401	36243.0	610.0	314.0	-40.0	8.0	0.0
63	0.0073	200638.0	92373	36346.0	604.0	61.0	-28.0	103.0	-6.0
64	0.0074	200350.0	92343	36311.0	611.0	-288.0	-30.0	-35.0	7.0
65	0.0075	200645.0	92298	36313.0	611.0	295.0	-45.0	2.0	0.0
66	0.0076	200834.0	92261	36252.0	610.0	189.0	-37.0	-61.0	-1.0
67	0.0077	200510.0	92216	36320.0	610.0	-324.0	-45.0	68.0	0.0
68	0.0078	200492.0	92204	36230.0	611.0	-18.0	-12.0	-90.0	1.0
69	0.0079	200759.0	92190	36404.0	611.0	267.0	-14.0	174.0	0.0
70	0.008	200696.0	92182	36343.0	609.0	-63.0	-8.0	-61.0	-2.0
71	0.0081	200587.0	92173	36367.0	610.0	-109.0	-9.0	24.0	1.0
72	0.0082	200988.0	92136	36288.0	610.0	401.0	-37.0	-79.0	0.0
73	0.0083	200952.0	92106	36476.0	609.0	-36.0	-30.0	188.0	-1.0
74	0.0084	200602.0	92082	36440.0	604.0	-350.0	-24.0	-36.0	-5.0
75	0.0085	200725.0	92086	36301.0	611.0	123.0	4.0	-139.0	7.0
76	0.0086	201048.0	92096	36370.0	611.0	323.0	10.0	69.0	0.0
77	0.0087	200704.0	92064	36495.0	609.0	-344.0	-32.0	125.0	-2.0
78	0.0088	200675.0	92067	28982.0	611.0	-29.0	3.0	-7513.0	2.0
79	0.0089	200838.0	0	43710.0	611.0	163.0	-92067.0	14728.0	0.0
80	0.009	198087.0	92013	35729.0	599.0	-2751.0	92013.0	-7981.0	-12.0
81	0.0091	196548.0	90371	28335.0	591.0	-1539.0	-1642.0	-7394.0	-8.0
82	0.0092	196988.0	90349	36196.0	604.0	440.0	-22.0	7861.0	13.0
83	0.0093	198818.0	90501	43129.0	605.0	1830.0	152.0	6933.0	1.0
84	0.0094	198836.0	90664	35987.0	600.0	18.0	163.0	-7142.0	-5.0
85	0.0095	197958.0	90813	28784.0	602.0	-878.0	149.0	-7203.0	2.0
86	0.0096	199813.0	90958	36152.0	603.0	1855.0	145.0	7368.0	1.0
87	0.0097	199806.0	91080	43586.0	602.0	-7.0	122.0	7434.0	-1.0
88	0.0098	199848.0	91136	28806.0	602.0	42.0	56.0	-14780.0	0.0
89	0.0099	198925.0	91220	36373.0	605.0	-923.0	84.0	7567.0	3.0
90	0.01	200251.0	91300	43573.0	605.0	1326.0	80.0	7200.0	0.0
91	0.0101	200147.0	91377	28751.0	603.0	-104.0	77.0	-14822.0	-2.0
92	0.0102	200544.0	91446	36406.0	606.0	397.0	69.0	7655.0	3.0
93	0.0103	200660.0	91513	36202.0	607.0	116.0	67.0	-204.0	1.0
94	0.0104	200325.0	91560	36155.0	606.0	-335.0	47.0	-47.0	-1.0
95	0.0105	200282.0	91596	36315.0	603.0	-43.0	36.0	160.0	-3.0
96	0.0106	202033.0	91620	36264.0	608.0	1751.0	24.0	-51.0	5.0
97	0.0107	200620.0	91654	36119.0	608.0	-1413.0	34.0	-145.0	0.0
98	0.0108	200331.0	91688	36250.0	603.0	-289.0	34.0	131.0	-5.0
99	0.0109	202038.0	183454	36402.0	610.0	1707.0	91766.0	152.0	7.0
100	0.011	200823.0	0	36196.0	610.0	-1215.0	-183454.0	-206.0	0.0
101	0.0111	200432.0	91766	36161.0	605.0	-391.0	91766.0	-35.0	-5.0
102	0.0112	201864.0	91766	36315.0	606.0	1432.0	0.0	154.0	1.0
103	0.0113	202138.0	91779	36233.0	607.0	274.0	13.0	-82.0	1.0
104	0.0114	201726.0	91808	36123.0	607.0	-412.0	29.0	-110.0	0.0
105	0.0115	201534.0	91809	36285.0	605.0	-192.0	1.0	162.0	-2.0
106	0.0116	201797.0	91842	36364.0	608.0	263.0	33.0	79.0	3.0
107	0.0117	201611.0	183723	36214.0	609.0	-186.0	91881.0	-150.0	1.0
108	0.0118	201268.0	91869	36193.0	608.0	-343.0	-91854.0	-21.0	-1.0
109	0.0119	201503.0	91886	36375.0	608.0	235.0	17.0	182.0	0.0
110	0.012	201632.0	91915	36272.0	608.0	129.0	29.0	-103.0	0.0
111	0.0121	201224.0	92467	36137.0	608.0	-408.0	552.0	-135.0	0.0
112	0.0122	201154.0	0	36357.0	606.0	-70.0	-92467.0	220.0	-2.0
113	0.0123	201451.0	91954	36351.0	609.0	297.0	91954.0	-6.0	3.0
114	0.0124	201235.0	183801	36274.0	609.0	-216.0	91847.0	-77.0	0.0
115	0.0125	200959.0	0	36212.0	608.0	-276.0	-183801.0	-62.0	-1.0
116	0.0126	201207.0	92442	36430.0	608.0	248.0	92442.0	218.0	0.0
117	0.0127	201139.0	183830	36313.0	608.0	-68.0	91388.0	-117.0	0.0
118	0.0128	200804.0	92442	36174.0	0.0	-335.0	-91388.0	-139.0	-608.0
119	0.0129	200690.0	0	36272.0	608.0	-114.0	-92442.0	98.0	608.0
120	0.013	197407.0	92334	35646.0	597.0	-3283.0	92334.0	-626.0	-11.0
121	0.0131	194535.0	90378	35516.0	593.0	-2872.0	-1956.0	-130.0	-4.0
122	0.0132	196787.0	90022	35443.0	1205.0	2252.0	-356.0	-73.0	612.0
123	0.0133	199800.0	183397	35943.0	613.0	3013.0	93375.0	500.0	-592.0
124	0.0134	202138.0	92749	36443.0	620.0	2338.0	-90648.0	500.0	7.0
125	0.0135	204099.0	94309	36734.0	625.0	1961.0	1560.0	291.0	5.0
126	0.0136	206450.0	95218	37274.0	627.0	2351.0	909.0	540.0	2.0
127	0.0137	208412.0	95975	37526.0	635.0	1962.0	757.0	252.0	8.0
128	0.0138	420403.0	96615	37796.0	640.0	211991.0	640.0	270.0	5.0
129	0.0139	212481.0	97209	45972.0	642.0	-207922.0	594.0	8176.0	2.0
130	0.014	213571.0	97728	68845.0	642.0	1090.0	519.0	22873.0	0.0
131	0.0141	214345.0	98161	30657.0	649.0	774.0	433.0	-38188.0	7.0
132	0.0142	215330.0	98579	46896.0	652.0	985.0	418.0	16239.0	3.0
133	0.0143	216530.0	98956	39032.0	653.0	1200.0	377.0	-7864.0	1.0
134	0.0144	217138.0	99276	39204.0	653.0	608.0	320.0	172.0	0.0
135	0.0145	218582.0	100013	39516.0	661.0	1444.0	737.0	312.0	8.0
136	0.0146	219134.0	100257	39554.0	663.0	552.0	244.0	38.0	2.0
137	0.0147	219903.0	100459	39716.0	664.0	769.0	202.0	162.0	1.0
138	0.0148	220368.0	100610	39699.0	660.0	465.0	151.0	-17.0	-4.0
139	0.0149	220427.0	101341	39863.0	666.0	59.0	731.0	164.0	6.0
140	0.015	221644.0	101370	40076.0	672.0	1217.0	29.0	213.0	6.0
141	0.0151	222112.0	101402	40081.0	672.0	468.0	32.0	5.0	0.0
142	0.0152	222483.0	101446	40030.0	668.0	371.0	44.0	-51.0	-4.0
143	0.0153	222544.0	102074	40145.0	666.0	61.0	628.0	115.0	-2.0
144	0.0154	222443.0	102125	40233.0	667.0	-101.0	51.0	88.0	1.0
145	0.0155	222606.0	102113	40233.0	668.0	163.0	-12.0	0.0	1.0
146	0.0156	223021.0	102076	40239.0	668.0	415.0	-37.0	6.0	0.0
147	0.0157	223198.0	102063	40163.0	667.0	177.0	-13.0	-76.0	-1.0
148	0.0158	222998.0	102049	40273.0	666.0	-200.0	-14.0	110.0	-1.0
149	0.0159	222909.0	102044	40351.0	669.0	-89.0	-5.0	78.0	3.0
150	0.016	223121.0	102044	40284.0	670.0	212.0	0.0	-67.0	1.0
151	0.0161	223440.0	102032	40205.0	670.0	319.0	-12.0	-79.0	0.0
152	0.0162	223465.0	102022	40250.0	669.0	25.0	-10.0	45.0	-1.0
153	0.0163	223234.0	102009	40343.0	668.0	-231.0	-13.0	93.0	-1.0
154	0.0164	223131.0	101991	32050.0	670.0	-103.0	-18.0	-8293.0	2.0
155	0.0165	223369.0	101966	48598.0	671.0	238.0	-25.0	16548.0	1.0
156	0.0166	223495.0	101953	40399.0	671.0	126.0	-13.0	-8199.0	0.0
157	0.0167	223305.0	101944	40302.0	669.0	-190.0	-9.0	-97.0	-2.0
158	0.0168	223088.0	101931	31965.0	669.0	-217.0	-13.0	-8337.0	0.0
159	0.0169	222708.0	101774	40337.0	662.0	-380.0	-157.0	8372.0	-7.0
160	0.017	219623.0	100334	39709.0	663.0	-3085.0	-1440.0	-628.0	1.0
161	0.0171	219624.0	100323	39585.0	663.0	1.0	-11.0	-124.0	0.0
162	0.0172	219712.0	100466	48043.0	663.0	88.0	143.0	8458.0	0.0
163	0.0173	219974.0	100631	31539.0	665.0	262.0	165.0	-16504.0	2.0
164	0.0174	220622.0	100770	39964.0	667.0	648.0	139.0	8425.0	2.0
165	0.0175	221127.0	100906	39888.0	667.0	505.0	136.0	-76.0	0.0
166	0.0176	221324.0	101010	48190.0	666.0	197.0	104.0	8302.0	-1.0
167	0.0177	221330.0	101107	40220.0	665.0	6.0	97.0	-7970.0	-1.0
168	0.0178	221603.0	101190	31768.0	668.0	273.0	83.0	-8452.0	3.0
169	0.0179	222191.0	101293	40184.0	669.0	588.0	103.0	8416.0	1.0
170	0.018	223792.0	101364	40020.0	670.0	1601.0	71.0	-164.0	1.0
171	0.0181	222415.0	101417	40210.0	669.0	-1377.0	53.0	190.0	-1.0
172	0.0182	222320.0	101466	40368.0	668.0	-95.0	49.0	158.0	-1.0
173	0.0183	222618.0	101511	40453.0	672.0	298.0	45.0	85.0	4.0
174	0.0184	222819.0	101570	40265.0	672.0	201.0	59.0	-188.0	0.0
175	0.0185	224262.0	101579	40107.0	672.0	1443.0	9.0	-158.0	0.0
176	0.0186	224000.0	101603	40214.0	671.0	-262.0	24.0	107.0	-1.0
177	0.0187	222712.0	101640	40441.0	672.0	-1288.0	37.0	227.0	1.0
178	0.0188	222964.0	101664	40515.0	674.0	252.0	24.0	74.0	2.0
179	0.0189	224479.0	101686	40217.0	674.0	1515.0	22.0	-298.0	0.0
180	0.019	224292.0	101721	40154.0	673.0	-187.0	35.0	-63.0	-1.0
181	0.0191	224025.0	101720	40282.0	668.0	-267.0	-1.0	128.0	-5.0
182	0.0192	222810.0	101752	40721.0	669.0	-1215.0	32.0	439.0	1.0
183	0.0193	223036.0	101764	40729.0	675.0	226.0	12.0	8.0	6.0
184	0.0194	224454.0	101779	40247.0	676.0	1418.0	15.0	-482.0	1.0
185	0.0195	224149.0	101787	40191.0	676.0	-305.0	8.0	-56.0	0.0
186	0.0196	223873.0	101782	40305.0	671.0	-276.0	-5.0	114.0	-5.0
187	0.0197	222650.0	101802	40698.0	677.0	-1223.0	20.0	393.0	6.0
188	0.0198	222832.0	101807	40429.0	679.0	182.0	5.0	-269.0	2.0
189	0.0199	224072.0	101790	40165.0	679.0	1240.0	-17.0	-264.0	0.0
190	0.02	223845.0	101790	40182.0	674.0	-227.0	0.0	17.0	-5.0
191	0.0201	223769.0	101805	40543.0	671.0	-76.0	15.0	361.0	-3.0
192	0.0202	223918.0	101800	40642.0	674.0	149.0	-5.0	99.0	3.0
193	0.0203	224053.0	101813	40454.0	674.0	135.0	13.0	-188.0	0.0
194	0.0204	223795.0	101843	40320.0	674.0	-258.0	30.0	-134.0	0.0
195	0.0205	223617.0	101847	40407.0	0.0	-178.0	4.0	87.0	-674.0
196	0.0206	223717.0	101866	40558.0	672.0	100.0	19.0	151.0	672.0
197	0.0207	225503.0	101857	40619.0	1336.0	1786.0	-9.0	61.0	664.0
198	0.0208	225521.0	101864	40408.0	0.0	18.0	7.0	-211.0	-1336.0
199	0.0209	223626.0	101809	40274.0	674.0	-1895.0	-55.0	-134.0	674.0
200	0.021	220220.0	100490	39798.0	666.0	-3406.0	-1319.0	-476.0	-8.0
201	0.0211	221733.0	100448	39921.0	661.0	1513.0	-42.0	123.0	-5.0
202	0.0212	222182.0	100591	39915.0	661.0	449.0	143.0	-6.0	0.0
203	0.0213	222324.0	100731	39816.0	665.0	142.0	140.0	-99.0	4.0
204	0.0214	220925.0	100831	39816.0	671.0	-1399.0	100.0	0.0	6.0
205	0.0215	222397.0	100949	40016.0	668.0	1472.0	118.0	200.0	-3.0
206	0.0216	222941.0	101050	31876.0	4345.0	544.0	101.0	-8140.0	3677.0
