	time	ins	cycle	memory	branchm	ins_d	cycle_d	memory_d	branchm_d
0	0.001	23486.0	57398	6791.0	1692.0	0.0	0.0	0.0	0.0
1	0.0011	49470.0	68833	12508.0	0.0	25984.0	11435.0	5717.0	-1692.0
2	0.0012	101885.0	41676	21871.0	0.0	52415.0	-27157.0	9363.0	0.0
3	0.0013	140062.0	86475	33580.0	1030.0	38177.0	44799.0	11709.0	1030.0
4	0.0014	205560.0	105402	17862.0	0.0	65498.0	18927.0	-15718.0	-1030.0
5	0.0015	247445.0	59118	41228.0	958.0	41885.0	-46284.0	23366.0	958.0
6	0.0016	135658.0	62525	43244.0	905.0	-111787.0	3407.0	2016.0	-53.0
7	0.0017	142955.0	134499	26018.0	0.0	7297.0	71974.0	-17226.0	-905.0
8	0.0018	306555.0	71439	33511.0	860.0	163600.0	-63060.0	7493.0	860.0
9	0.0019	162057.0	74264	28591.0	826.0	-144498.0	2825.0	-4920.0	-34.0
10	0.002	165708.0	76231	53127.0	0.0	3651.0	1967.0	24536.0	-826.0
11	0.0021	169661.0	158705	30908.0	796.0	3953.0	82474.0	-22219.0	796.0
12	0.0022	174242.0	82055	31619.0	768.0	4581.0	-76650.0	711.0	-28.0
13	0.0023	177207.0	83200	32129.0	749.0	2965.0	1145.0	510.0	-19.0
14	0.0024	363108.0	84183	32672.0	729.0	185901.0	983.0	543.0	-20.0
15	0.0025	185547.0	85054	33166.0	0.0	-177561.0	871.0	494.0	-729.0
16	0.0026	0.0	86413	33058.0	662.0	-185547.0	1359.0	-108.0	662.0
17	0.0027	342193.0	81066	37471.0	637.0	342193.0	-5347.0	4413.0	-25.0
18	0.0028	172640.0	79476	30784.0	628.0	-169553.0	-1590.0	-6687.0	-9.0
19	0.0029	175262.0	80509	56903.0	627.0	2622.0	1033.0	26119.0	-1.0
20	0.003	178058.0	81700	32363.0	624.0	2796.0	1191.0	-24540.0	-3.0
21	0.0031	180567.0	83447	32933.0	620.0	2509.0	1747.0	570.0	-4.0
22	0.0032	182158.0	84463	33187.0	614.0	1591.0	1016.0	254.0	-6.0
23	0.0033	185969.0	85314	33543.0	616.0	3811.0	851.0	356.0	2.0
24	0.0034	187598.0	172781	33812.0	613.0	1629.0	87467.0	269.0	-3.0
25	0.0035	188939.0	87322	34304.0	612.0	1341.0	-85459.0	492.0	-1.0
26	0.0036	190569.0	87859	34587.0	611.0	1630.0	537.0	283.0	-1.0
27	0.0037	191649.0	88323	34750.0	613.0	1080.0	464.0	163.0	2.0
28	0.0038	386345.0	88751	34955.0	613.0	194696.0	428.0	205.0	0.0
29	0.0039	195992.0	89137	35077.0	608.0	-190353.0	386.0	122.0	-5.0
30	0.004	195322.0	90058	35252.0	609.0	-670.0	921.0	175.0	1.0
31	0.0041	196282.0	90363	35471.0	610.0	960.0	305.0	219.0	1.0
32	0.0042	198265.0	90582	35498.0	610.0	1983.0	219.0	27.0	0.0
33	0.0043	197281.0	90763	35667.0	608.0	-984.0	181.0	169.0	-2.0
34	0.0044	197879.0	90921	35797.0	611.0	598.0	158.0	130.0	3.0
35	0.0045	199800.0	91072	35808.0	613.0	1921.0	151.0	11.0	2.0
36	0.0046	199844.0	91201	35939.0	612.0	44.0	129.0	131.0	-1.0
37	0.0047	198862.0	91337	36006.0	613.0	-982.0	136.0	67.0	1.0
38	0.0048	199391.0	91446	36081.0	613.0	529.0	109.0	75.0	0.0
39	0.0049	200781.0	91542	36074.0	0.0	1390.0	96.0	-7.0	-613.0
40	0.005	200896.0	91623	36055.0	1217.0	115.0	81.0	-19.0	1217.0
41	0.0051	201341.0	91688	36308.0	616.0	445.0	65.0	253.0	-601.0
42	0.0052	201375.0	91729	36211.0	0.0	34.0	41.0	-97.0	-616.0
43	0.0053	201191.0	91800	36383.0	617.0	-184.0	71.0	172.0	617.0
44	0.0054	202912.0	91854	36402.0	1216.0	1721.0	54.0	19.0	599.0
45	0.0055	203279.0	91892	36478.0	0.0	367.0	38.0	76.0	-1216.0
46	0.0056	202935.0	91944	36375.0	613.0	-344.0	52.0	-103.0	613.0
47	0.0057	202752.0	91970	36489.0	613.0	-183.0	26.0	114.0	0.0
48	0.0058	202910.0	92005	36702.0	605.0	158.0	35.0	213.0	-8.0
49	0.0059	202814.0	92053	36644.0	616.0	-96.0	48.0	-58.0	11.0
50	0.006	202446.0	92065	36445.0	616.0	-368.0	12.0	-199.0	0.0
51	0.0061	202525.0	92080	36551.0	611.0	79.0	15.0	106.0	-5.0
52	0.0062	202763.0	92107	36918.0	608.0	238.0	27.0	367.0	-3.0
53	0.0063	202485.0	92121	36785.0	617.0	-278.0	14.0	-133.0	9.0
54	0.0064	202475.0	92148	36543.0	617.0	-10.0	27.0	-242.0	0.0
55	0.0065	202732.0	92162	36702.0	608.0	257.0	14.0	159.0	-9.0
56	0.0066	202250.0	92079	36860.0	612.0	-482.0	-83.0	158.0	4.0
57	0.0067	198113.0	90390	36430.0	602.0	-4137.0	-1689.0	-430.0	-10.0
58	0.0068	198277.0	90379	35956.0	602.0	164.0	-11.0	-474.0	0.0
59	0.0069	198886.0	90555	36143.0	597.0	609.0	176.0	187.0	-5.0
60	0.007	198951.0	90734	36094.0	606.0	65.0	179.0	-49.0	9.0
61	0.0071	199325.0	90910	36045.0	607.0	374.0	176.0	-49.0	1.0
62	0.0072	199919.0	91073	36221.0	605.0	594.0	163.0	176.0	-2.0
63	0.0073	199907.0	91209	36297.0	607.0	-12.0	136.0	76.0	2.0
64	0.0074	199987.0	91322	36088.0	608.0	80.0	113.0	-209.0	1.0
65	0.0075	200535.0	91423	36247.0	608.0	548.0	101.0	159.0	0.0
66	0.0076	200739.0	91514	36474.0	604.0	204.0	91.0	227.0	-4.0
67	0.0077	200564.0	91605	36227.0	611.0	-175.0	91.0	-247.0	7.0
68	0.0078	200937.0	92257	36306.0	612.0	373.0	652.0	79.0	1.0
69	0.0079	201280.0	91837	36488.0	610.0	343.0	-420.0	182.0	-2.0
70	0.008	201045.0	91852	36536.0	611.0	-235.0	15.0	48.0	1.0
71	0.0081	201035.0	91845	36250.0	611.0	-10.0	-7.0	-286.0	0.0
72	0.0082	201492.0	92442	36429.0	611.0	457.0	597.0	179.0	0.0
73	0.0083	201473.0	91990	36655.0	606.0	-19.0	-452.0	226.0	-5.0
74	0.0084	201343.0	91994	36348.0	614.0	-130.0	4.0	-307.0	8.0
75	0.0085	201784.0	92592	36382.0	615.0	441.0	598.0	34.0	1.0
76	0.0086	201951.0	92631	36629.0	612.0	167.0	39.0	247.0	-3.0
77	0.0087	201728.0	92096	36709.0	612.0	-223.0	-535.0	80.0	0.0
78	0.0088	201819.0	92073	36383.0	613.0	91.0	-23.0	-326.0	1.0
79	0.0089	202106.0	92643	36506.0	613.0	287.0	570.0	123.0	0.0
80	0.009	202007.0	92680	36664.0	607.0	-99.0	37.0	158.0	-6.0
81	0.0091	201813.0	93190	36463.0	613.0	-194.0	510.0	-201.0	6.0
82	0.0092	202137.0	92643	36429.0	614.0	324.0	-547.0	-34.0	1.0
83	0.0093	202114.0	92555	36601.0	613.0	-23.0	-88.0	172.0	-1.0
84	0.0094	201906.0	92528	36672.0	609.0	-208.0	-27.0	71.0	-4.0
85	0.0095	202109.0	93079	36433.0	614.0	203.0	551.0	-239.0	5.0
86	0.0096	203384.0	92922	36544.0	617.0	1275.0	-157.0	111.0	3.0
87	0.0097	203174.0	92805	36869.0	611.0	-210.0	-117.0	325.0	-6.0
88	0.0098	202968.0	93314	29073.0	612.0	-206.0	509.0	-7796.0	1.0
89	0.0099	203270.0	93281	44218.0	612.0	302.0	-33.0	15145.0	0.0
90	0.01	203193.0	93184	36755.0	612.0	-77.0	-97.0	-7463.0	0.0
91	0.0101	202870.0	93092	29173.0	610.0	-323.0	-92.0	-7582.0	-2.0
92	0.0102	202820.0	93014	36681.0	613.0	-50.0	-78.0	7508.0	3.0
93	0.0103	202924.0	92944	44130.0	613.0	104.0	-70.0	7449.0	0.0
94	0.0104	202572.0	92880	36734.0	612.0	-352.0	-64.0	-7396.0	-1.0
95	0.0105	202437.0	92832	28981.0	612.0	-135.0	-48.0	-7753.0	0.0
96	0.0106	202629.0	92692	36603.0	606.0	192.0	-140.0	7622.0	-6.0
97	0.0107	200906.0	91465	36413.0	605.0	-1723.0	-1227.0	-190.0	-1.0
98	0.0108	199278.0	91390	36153.0	604.0	-1628.0	-75.0	-260.0	-1.0
99	0.0109	199564.0	91458	36114.0	608.0	286.0	68.0	-39.0	4.0
100	0.011	201397.0	91542	36088.0	609.0	1833.0	84.0	-26.0	1.0
101	0.0111	201266.0	91607	36152.0	607.0	-131.0	65.0	64.0	-2.0
102	0.0112	200088.0	91665	36182.0	608.0	-1178.0	58.0	30.0	1.0
103	0.0113	200502.0	91734	36291.0	609.0	414.0	69.0	109.0	1.0
104	0.0114	201998.0	91800	36242.0	609.0	1496.0	66.0	-49.0	0.0
105	0.0115	201995.0	91864	36253.0	607.0	-3.0	64.0	11.0	-2.0
106	0.0116	201105.0	91913	36419.0	610.0	-890.0	49.0	166.0	3.0
107	0.0117	202575.0	91951	36407.0	610.0	1470.0	38.0	-12.0	0.0
108	0.0118	202316.0	91978	36435.0	609.0	-259.0	27.0	28.0	-1.0
109	0.0119	202350.0	91996	36374.0	609.0	34.0	18.0	-61.0	0.0
110	0.012	202591.0	92035	36464.0	611.0	241.0	39.0	90.0	2.0
111	0.0121	202462.0	92066	36391.0	0.0	-129.0	31.0	-73.0	-611.0
112	0.0122	202193.0	92075	36579.0	1217.0	-269.0	9.0	188.0	1217.0
113	0.0123	203850.0	92084	36522.0	608.0	1657.0	9.0	-57.0	-609.0
114	0.0124	203891.0	92108	36524.0	613.0	41.0	24.0	2.0	5.0
115	0.0125	202246.0	92118	36468.0	0.0	-1645.0	10.0	-56.0	-613.0
116	0.0126	203534.0	92138	36648.0	1215.0	1288.0	20.0	180.0	1215.0
117	0.0127	203867.0	92151	36571.0	610.0	333.0	13.0	-77.0	-605.0
118	0.0128	203517.0	92157	36482.0	0.0	-350.0	6.0	-89.0	-610.0
119	0.0129	201891.0	92174	36548.0	614.0	-1626.0	17.0	66.0	614.0
120	0.013	203465.0	92190	36725.0	608.0	1574.0	16.0	177.0	-6.0
121	0.0131	203407.0	92191	36585.0	610.0	-58.0	1.0	-140.0	2.0
122	0.0132	202979.0	92195	36430.0	611.0	-428.0	4.0	-155.0	1.0
123	0.0133	202913.0	92196	36565.0	611.0	-66.0	1.0	135.0	0.0
124	0.0134	203084.0	92201	36670.0	611.0	171.0	5.0	105.0	0.0
125	0.0135	202830.0	92203	36657.0	612.0	-254.0	2.0	-13.0	1.0
126	0.0136	202551.0	92218	36472.0	612.0	-279.0	15.0	-185.0	0.0
127	0.0137	202833.0	92214	36594.0	609.0	282.0	-4.0	122.0	-3.0
128	0.0138	202837.0	92225	36693.0	609.0	4.0	11.0	99.0	0.0
129	0.0139	202492.0	92223	36525.0	610.0	-345.0	-2.0	-168.0	1.0
130	0.014	202499.0	92233	36516.0	610.0	7.0	10.0	-9.0	0.0
131	0.0141	202761.0	92248	36638.0	605.0	262.0	15.0	122.0	-5.0
132	0.0142	202585.0	92269	36859.0	611.0	-176.0	21.0	221.0	6.0
133	0.0143	202346.0	92260	36484.0	611.0	-239.0	-9.0	-375.0	0.0
134	0.0144	202722.0	92271	36588.0	606.0	376.0	11.0	104.0	-5.0
135	0.0145	202597.0	92267	36913.0	606.0	-125.0	-4.0	325.0	0.0
136	0.0146	202206.0	92224	36715.0	608.0	-391.0	-43.0	-198.0	2.0
137	0.0147	198198.0	90495	36474.0	597.0	-4008.0	-1729.0	-241.0	-11.0
138	0.0148	0.0	90467	35995.0	596.0	-198198.0	-28.0	-479.0	-1.0
139	0.0149	395097.0	89624	35969.0	598.0	395097.0	-843.0	-26.0	2.0
140	0.015	198973.0	90750	35547.0	606.0	-196124.0	1126.0	-422.0	8.0
141	0.0151	202020.0	91970	36122.0	608.0	3047.0	1220.0	575.0	2.0
142	0.0152	204316.0	93091	36982.0	615.0	2296.0	1121.0	860.0	7.0
143	0.0153	206194.0	94087	37086.0	622.0	1878.0	996.0	104.0	7.0
144	0.0154	208382.0	95582	67658.0	627.0	2188.0	1495.0	30572.0	5.0
145	0.0155	210323.0	95829	38355.0	1265.0	1941.0	247.0	-29303.0	638.0
146	0.0156	211578.0	96496	38412.0	641.0	1255.0	667.0	57.0	-624.0
147	0.0157	212803.0	97104	38499.0	644.0	1225.0	608.0	87.0	3.0
148	0.0158	214450.0	98255	38931.0	644.0	1647.0	1151.0	432.0	0.0
149	0.0159	215637.0	98246	39267.0	650.0	1187.0	-9.0	336.0	6.0
150	0.016	216298.0	98624	39237.0	653.0	661.0	378.0	-30.0	3.0
151	0.0161	217053.0	99003	39203.0	655.0	755.0	379.0	-34.0	2.0
152	0.0162	218211.0	99933	39487.0	655.0	1158.0	930.0	284.0	0.0
153	0.0163	219148.0	100258	39828.0	658.0	937.0	325.0	341.0	3.0
154	0.0164	219559.0	99973	39792.0	661.0	411.0	-285.0	-36.0	3.0
155	0.0165	219902.0	200534	39818.0	662.0	343.0	100561.0	26.0	1.0
156	0.0166	220619.0	101166	39828.0	663.0	717.0	-99368.0	10.0	1.0
157	0.0167	221283.0	101352	40063.0	662.0	664.0	186.0	235.0	-1.0
158	0.0168	221664.0	100918	40296.0	666.0	381.0	-434.0	233.0	4.0
159	0.0169	221741.0	101013	40172.0	667.0	77.0	95.0	-124.0	1.0
160	0.017	221962.0	101699	40060.0	668.0	221.0	686.0	-112.0	1.0
161	0.0171	222499.0	101829	40161.0	668.0	537.0	130.0	101.0	0.0
162	0.0172	222925.0	101901	40345.0	668.0	426.0	72.0	184.0	0.0
163	0.0173	222986.0	101436	40364.0	671.0	61.0	-465.0	19.0	3.0
164	0.0174	223057.0	101457	40392.0	671.0	71.0	21.0	28.0	0.0
165	0.0175	223458.0	102103	40291.0	671.0	401.0	646.0	-101.0	0.0
166	0.0176	223781.0	102192	40421.0	670.0	323.0	89.0	130.0	-1.0
167	0.0177	223969.0	102213	40565.0	671.0	188.0	21.0	144.0	1.0
168	0.0178	223797.0	102224	40459.0	672.0	-172.0	11.0	-106.0	1.0
169	0.0179	223900.0	102241	40468.0	672.0	103.0	17.0	9.0	0.0
170	0.018	224264.0	102247	40386.0	672.0	364.0	6.0	-82.0	0.0
171	0.0181	224454.0	102252	40532.0	670.0	190.0	5.0	146.0	-2.0
172	0.0182	224307.0	102252	40626.0	671.0	-147.0	0.0	94.0	1.0
173	0.0183	223980.0	102238	40473.0	673.0	-327.0	-14.0	-153.0	2.0
174	0.0184	224034.0	102226	40459.0	673.0	54.0	-12.0	-14.0	0.0
175	0.0185	224441.0	102239	40415.0	672.0	407.0	13.0	-44.0	-1.0
176	0.0186	224621.0	102022	40529.0	662.0	180.0	-217.0	114.0	-10.0
177	0.0187	223936.0	100722	40362.0	664.0	-685.0	-1300.0	-167.0	2.0
178	0.0188	220840.0	100747	39898.0	667.0	-3096.0	25.0	-464.0	3.0
179	0.0189	220981.0	100886	39874.0	669.0	141.0	139.0	-24.0	2.0
180	0.019	221535.0	101037	39917.0	669.0	554.0	151.0	43.0	0.0
181	0.0191	221887.0	101166	40116.0	668.0	352.0	129.0	199.0	-1.0
182	0.0192	221969.0	101276	40087.0	671.0	82.0	110.0	-29.0	3.0
183	0.0193	222213.0	101397	40168.0	673.0	244.0	121.0	81.0	2.0
184	0.0194	222735.0	101494	40134.0	673.0	522.0	97.0	-34.0	0.0
185	0.0195	223124.0	101586	40235.0	672.0	389.0	92.0	101.0	-1.0
186	0.0196	223140.0	101661	40336.0	672.0	16.0	75.0	101.0	0.0
187	0.0197	223079.0	101738	40298.0	673.0	-61.0	77.0	-38.0	1.0
188	0.0198	223289.0	101745	40348.0	673.0	210.0	7.0	50.0	0.0
189	0.0199	223803.0	101789	40265.0	673.0	514.0	44.0	-83.0	0.0
190	0.02	225350.0	101839	40442.0	668.0	1547.0	50.0	177.0	-5.0
191	0.0201	223989.0	102444	40421.0	668.0	-1361.0	605.0	-21.0	0.0
192	0.0202	223817.0	102480	40454.0	670.0	-172.0	36.0	33.0	2.0
193	0.0203	448342.0	102456	40466.0	675.0	224525.0	-24.0	12.0	5.0
194	0.0204	226965.0	102304	40419.0	678.0	-221377.0	-152.0	-47.0	3.0
195	0.0205	0.0	102273	40692.0	674.0	-226965.0	-31.0	273.0	-4.0
196	0.0206	226724.0	102847	40666.0	674.0	226724.0	574.0	-26.0	0.0
197	0.0207	225228.0	102848	40712.0	675.0	-1496.0	1.0	46.0	1.0
198	0.0208	450682.0	102784	40697.0	675.0	225454.0	-64.0	-15.0	0.0
199	0.0209	226777.0	102742	40625.0	675.0	-223905.0	-42.0	-72.0	0.0
200	0.021	0.0	102702	40721.0	674.0	-226777.0	-40.0	96.0	-1.0
201	0.0211	226504.0	102665	40675.0	675.0	226504.0	-37.0	-46.0	1.0
202	0.0212	450225.0	102613	40715.0	677.0	223721.0	-52.0	40.0	2.0
203	0.0213	226637.0	102550	40657.0	677.0	-223588.0	-63.0	-58.0	0.0
204	0.0214	0.0	102534	40616.0	0.0	-226637.0	-16.0	-41.0	-677.0
205	0.0215	226536.0	102508	40687.0	677.0	226536.0	-26.0	71.0	677.0
206	0.0216	226125.0	102486	40656.0	1351.0	-411.0	-22.0	-31.0	674.0
207	0.0217	224729.0	102445	32216.0	2880.0	-1396.0	-41.0	-8440.0	1529.0
