	time	ins	cycle	memory	branchm	ins_d	cycle_d	memory_d	branchm_d
0	0.001	114720.0	42781	26426.0	1208.0	0.0	0.0	0.0	0.0
1	0.0011	149996.0	93805	26160.0	0.0	35276.0	51024.0	-266.0	-1208.0
2	0.0012	181401.0	97442	29013.0	1020.0	31405.0	3637.0	2853.0	1020.0
3	0.0013	223016.0	54726	40575.0	0.0	41615.0	-42716.0	11562.0	-1020.0
4	0.0014	128366.0	123325	23310.0	952.0	-94650.0	68599.0	-17265.0	952.0
5	0.0015	275118.0	66611	50080.0	0.0	146752.0	-56714.0	26770.0	-952.0
6	0.0016	147384.0	69326	26775.0	896.0	-127734.0	2715.0	-23305.0	896.0
7	0.0017	154143.0	73143	27962.0	855.0	6759.0	3817.0	1187.0	-41.0
8	0.0018	158799.0	152555	28825.0	0.0	4656.0	79412.0	863.0	-855.0
9	0.0019	333105.0	78946	53855.0	819.0	174306.0	-73609.0	25030.0	819.0
10	0.002	172036.0	81617	37951.0	792.0	-161069.0	2671.0	-15904.0	-27.0
11	0.0021	175989.0	82897	25134.0	768.0	3953.0	1280.0	-12817.0	-24.0
12	0.0022	179038.0	83357	39415.0	0.0	3049.0	460.0	14281.0	-768.0
13	0.0023	181234.0	85499	33284.0	746.0	2196.0	2142.0	-6131.0	746.0
14	0.0024	184578.0	86356	33730.0	726.0	3344.0	857.0	446.0	-20.0
15	0.0025	186838.0	87022	33806.0	715.0	2260.0	666.0	76.0	-11.0
16	0.0026	189617.0	87586	34317.0	693.0	2779.0	564.0	511.0	-22.0
17	0.0027	190969.0	88094	35125.0	682.0	1352.0	508.0	808.0	-11.0
18	0.0028	192552.0	88550	63008.0	676.0	1583.0	456.0	27883.0	-6.0
19	0.0029	194612.0	88940	35494.0	672.0	2060.0	390.0	-27514.0	-4.0
20	0.003	391728.0	178929	35620.0	0.0	197116.0	89989.0	126.0	-672.0
21	0.0031	196775.0	89887	35492.0	667.0	-194953.0	-89042.0	-128.0	667.0
22	0.0032	197162.0	90694	35953.0	655.0	387.0	807.0	461.0	-12.0
23	0.0033	199390.0	90920	36226.0	642.0	2228.0	226.0	273.0	-13.0
24	0.0034	200785.0	91517	36028.0	648.0	1395.0	597.0	-198.0	6.0
25	0.0035	200742.0	91623	36286.0	643.0	-43.0	106.0	258.0	-5.0
26	0.0036	201095.0	91709	36500.0	640.0	353.0	86.0	214.0	-3.0
27	0.0037	201339.0	92323	36216.0	635.0	244.0	614.0	-284.0	-5.0
28	0.0038	201090.0	91852	36313.0	634.0	-249.0	-471.0	97.0	-1.0
29	0.0039	201173.0	91866	36516.0	633.0	83.0	14.0	203.0	-1.0
30	0.004	201601.0	91927	36550.0	632.0	428.0	61.0	34.0	-1.0
31	0.0041	201543.0	92522	36244.0	628.0	-58.0	595.0	-306.0	-4.0
32	0.0042	201391.0	92055	36461.0	628.0	-152.0	-467.0	217.0	0.0
33	0.0043	201691.0	92021	36632.0	628.0	300.0	-34.0	171.0	0.0
34	0.0044	201818.0	92598	36354.0	626.0	127.0	577.0	-278.0	-2.0
35	0.0045	202563.0	92524	36464.0	625.0	745.0	-74.0	110.0	-1.0
36	0.0046	202729.0	92477	36815.0	626.0	166.0	-47.0	351.0	1.0
37	0.0047	202984.0	92463	36806.0	626.0	255.0	-14.0	-9.0	0.0
38	0.0048	203652.0	92876	36713.0	0.0	668.0	413.0	-93.0	-626.0
39	0.0049	203397.0	92830	37053.0	1236.0	-255.0	-46.0	340.0	1236.0
40	0.005	204947.0	93316	37189.0	624.0	1550.0	486.0	136.0	-612.0
41	0.0051	203623.0	93816	36680.0	0.0	-1324.0	500.0	-509.0	-624.0
42	0.0052	202349.0	92908	36336.0	626.0	-1274.0	-908.0	-344.0	626.0
43	0.0053	198737.0	91203	36239.0	608.0	-3612.0	-1705.0	-97.0	-18.0
44	0.0054	200315.0	91119	36285.0	604.0	1578.0	-84.0	46.0	-4.0
45	0.0055	200341.0	91787	36017.0	606.0	26.0	668.0	-268.0	2.0
46	0.0056	201372.0	91793	36250.0	609.0	1031.0	6.0	233.0	3.0
47	0.0057	201941.0	91813	36636.0	607.0	569.0	20.0	386.0	-2.0
48	0.0058	201948.0	92412	36379.0	609.0	7.0	599.0	-257.0	2.0
49	0.0059	201719.0	92457	36271.0	610.0	-229.0	45.0	-108.0	1.0
50	0.006	201860.0	91927	36649.0	610.0	141.0	-530.0	378.0	0.0
51	0.0061	202113.0	92440	36432.0	610.0	253.0	513.0	-217.0	0.0
52	0.0062	201853.0	92491	36412.0	612.0	-260.0	51.0	-20.0	2.0
53	0.0063	201767.0	91970	36609.0	612.0	-86.0	-521.0	197.0	0.0
54	0.0064	202037.0	91924	36759.0	610.0	270.0	-46.0	150.0	-2.0
55	0.0065	201982.0	92498	36474.0	612.0	-55.0	574.0	-285.0	2.0
56	0.0066	201794.0	92538	36374.0	612.0	-188.0	40.0	-100.0	0.0
57	0.0067	202015.0	92020	36722.0	612.0	221.0	-518.0	348.0	0.0
58	0.0068	203633.0	92547	36367.0	611.0	1618.0	527.0	-355.0	-1.0
59	0.0069	202186.0	92587	36556.0	613.0	-1447.0	40.0	189.0	2.0
60	0.007	202157.0	92080	36770.0	613.0	-29.0	-507.0	214.0	0.0
61	0.0071	202415.0	92074	36908.0	612.0	258.0	-6.0	138.0	-1.0
62	0.0072	203664.0	92652	36478.0	613.0	1249.0	578.0	-430.0	1.0
63	0.0073	202180.0	92674	36566.0	613.0	-1484.0	22.0	88.0	0.0
64	0.0074	202334.0	92127	36885.0	613.0	154.0	-547.0	319.0	0.0
65	0.0075	203882.0	92662	36513.0	610.0	1548.0	535.0	-372.0	-3.0
66	0.0076	203594.0	92698	36521.0	613.0	-288.0	36.0	8.0	3.0
67	0.0077	202232.0	92664	36666.0	613.0	-1362.0	-34.0	145.0	0.0
68	0.0078	202408.0	92123	37021.0	612.0	176.0	-541.0	355.0	-1.0
69	0.0079	203644.0	92654	36595.0	612.0	1236.0	531.0	-426.0	0.0
70	0.008	203318.0	92672	36500.0	613.0	-326.0	18.0	-95.0	1.0
71	0.0081	202229.0	92641	36757.0	613.0	-1089.0	-31.0	257.0	0.0
72	0.0082	203407.0	92579	36508.0	611.0	1178.0	-62.0	-249.0	-2.0
73	0.0083	203070.0	92550	28958.0	613.0	-337.0	-29.0	-7550.0	2.0
74	0.0084	201804.0	92527	44268.0	613.0	-1266.0	-23.0	15310.0	0.0
75	0.0085	201984.0	92493	36844.0	611.0	180.0	-34.0	-7424.0	-2.0
76	0.0086	203303.0	92489	36587.0	610.0	1319.0	-4.0	-257.0	-1.0
77	0.0087	203151.0	92459	28998.0	612.0	-152.0	-30.0	-7589.0	2.0
78	0.0088	203372.0	92459	44118.0	612.0	221.0	0.0	15120.0	0.0
79	0.0089	203354.0	92440	36505.0	610.0	-18.0	-19.0	-7613.0	-2.0
80	0.009	202891.0	92423	28964.0	612.0	-463.0	-17.0	-7541.0	2.0
81	0.0091	201750.0	92423	36857.0	612.0	-1141.0	0.0	7893.0	0.0
82	0.0092	199298.0	92388	7457.0	604.0	-2452.0	-35.0	-29400.0	-8.0
83	0.0093	200380.0	91206	36710.0	603.0	1082.0	-1182.0	29253.0	-1.0
84	0.0094	200431.0	91193	36115.0	606.0	51.0	-13.0	-595.0	3.0
85	0.0095	200910.0	91310	36078.0	607.0	479.0	117.0	-37.0	1.0
86	0.0096	200969.0	91406	36136.0	605.0	59.0	96.0	58.0	-2.0
87	0.0097	200805.0	91478	36117.0	607.0	-164.0	72.0	-19.0	2.0
88	0.0098	201049.0	91555	36225.0	607.0	244.0	77.0	108.0	0.0
89	0.0099	201456.0	91616	36196.0	607.0	407.0	61.0	-29.0	0.0
90	0.01	201296.0	91702	36343.0	605.0	-160.0	86.0	147.0	-2.0
91	0.0101	201258.0	91762	36317.0	609.0	-38.0	60.0	-26.0	4.0
92	0.0102	201661.0	91825	36326.0	610.0	403.0	63.0	9.0	1.0
93	0.0103	201681.0	91862	36365.0	608.0	20.0	37.0	39.0	-2.0
94	0.0104	201383.0	91902	36315.0	609.0	-298.0	40.0	-50.0	1.0
95	0.0105	201684.0	91946	36410.0	611.0	301.0	44.0	95.0	2.0
96	0.0106	203436.0	92552	36317.0	611.0	1752.0	606.0	-93.0	0.0
97	0.0107	201955.0	92087	36508.0	609.0	-1481.0	-465.0	191.0	-2.0
98	0.0108	201828.0	92063	65455.0	612.0	-127.0	-24.0	28947.0	3.0
99	0.0109	200943.0	92091	7602.0	612.0	-885.0	28.0	-57853.0	0.0
100	0.011	202187.0	92647	36709.0	610.0	1244.0	556.0	29107.0	-2.0
101	0.0111	202035.0	92139	36536.0	610.0	-152.0	-508.0	-173.0	0.0
102	0.0112	202203.0	92072	36597.0	612.0	168.0	-67.0	61.0	2.0
103	0.0113	203676.0	92643	36473.0	612.0	1473.0	571.0	-124.0	0.0
104	0.0114	203336.0	92663	36397.0	610.0	-340.0	20.0	-76.0	-2.0
105	0.0115	201959.0	92133	65583.0	613.0	-1377.0	-530.0	29186.0	3.0
106	0.0116	200907.0	92093	7697.0	614.0	-1052.0	-40.0	-57886.0	1.0
107	0.0117	203585.0	92654	36713.0	612.0	2678.0	561.0	29016.0	-2.0
108	0.0118	203489.0	92661	36685.0	612.0	-96.0	7.0	-28.0	0.0
109	0.0119	202445.0	92632	36640.0	613.0	-1044.0	-29.0	-45.0	1.0
110	0.012	203750.0	92606	36569.0	613.0	1305.0	-26.0	-71.0	0.0
111	0.0121	203365.0	92565	36547.0	611.0	-385.0	-41.0	-22.0	-2.0
112	0.0122	203214.0	92527	65803.0	613.0	-151.0	-38.0	29256.0	2.0
113	0.0123	201039.0	92520	7735.0	613.0	-2175.0	-7.0	-58068.0	0.0
114	0.0124	203665.0	92495	36715.0	612.0	2626.0	-25.0	28980.0	-1.0
115	0.0125	203624.0	92468	36631.0	609.0	-41.0	-27.0	-84.0	-3.0
116	0.0126	203805.0	92429	36738.0	612.0	181.0	-39.0	107.0	3.0
117	0.0127	203825.0	92434	36766.0	612.0	20.0	5.0	28.0	0.0
118	0.0128	203323.0	92398	36518.0	610.0	-502.0	-36.0	-248.0	-2.0
119	0.0129	203271.0	92378	65731.0	610.0	-52.0	-20.0	29213.0	0.0
120	0.013	203183.0	92832	7687.0	614.0	-88.0	454.0	-58044.0	4.0
121	0.0131	203983.0	92781	37110.0	0.0	800.0	-51.0	29423.0	-614.0
122	0.0132	0.0	0	36591.0	614.0	-203983.0	-92781.0	-519.0	614.0
123	0.0133	199993.0	183194	36021.0	594.0	199993.0	183194.0	-570.0	-20.0
124	0.0134	397415.0	91429	35839.0	603.0	197422.0	-91765.0	-182.0	9.0
125	0.0135	202000.0	92537	35951.0	1228.0	-195415.0	1108.0	112.0	625.0
126	0.0136	204395.0	93588	65871.0	623.0	2395.0	1051.0	29920.0	-605.0
127	0.0137	206742.0	94521	37460.0	630.0	2347.0	933.0	-28411.0	7.0
128	0.0138	208434.0	95368	37544.0	634.0	1692.0	847.0	84.0	4.0
129	0.0139	209919.0	96119	37870.0	630.0	1485.0	751.0	326.0	-4.0
130	0.014	213296.0	96795	38534.0	646.0	3377.0	676.0	664.0	16.0
131	0.0141	213454.0	97393	38557.0	650.0	158.0	598.0	23.0	4.0
132	0.0142	214215.0	97931	38580.0	652.0	761.0	538.0	23.0	2.0
133	0.0143	215149.0	98367	38819.0	646.0	934.0	436.0	239.0	-6.0
134	0.0144	217944.0	98800	39381.0	650.0	2795.0	433.0	562.0	4.0
135	0.0145	218913.0	99166	39519.0	663.0	969.0	366.0	138.0	13.0
136	0.0146	218061.0	99510	39301.0	667.0	-852.0	344.0	-218.0	4.0
137	0.0147	218345.0	99804	39361.0	660.0	284.0	294.0	60.0	-7.0
138	0.0148	220586.0	100059	39842.0	661.0	2241.0	255.0	481.0	1.0
139	0.0149	221494.0	100309	40054.0	669.0	908.0	250.0	212.0	8.0
140	0.015	221754.0	100534	39777.0	670.0	260.0	225.0	-277.0	1.0
141	0.0151	221809.0	100710	39726.0	667.0	55.0	176.0	-51.0	-3.0
142	0.0152	222068.0	100860	40126.0	667.0	259.0	150.0	400.0	0.0
143	0.0153	222632.0	101021	40323.0	675.0	564.0	161.0	197.0	8.0
144	0.0154	222791.0	101153	40055.0	677.0	159.0	132.0	-268.0	2.0
145	0.0155	222687.0	101278	39999.0	677.0	-104.0	125.0	-56.0	0.0
146	0.0156	222625.0	101343	40004.0	672.0	-62.0	65.0	5.0	-5.0
147	0.0157	222998.0	101434	40418.0	671.0	373.0	91.0	414.0	-1.0
148	0.0158	223361.0	101516	40571.0	675.0	363.0	82.0	153.0	4.0
149	0.0159	223472.0	101592	40418.0	676.0	111.0	76.0	-153.0	1.0
150	0.016	223283.0	101655	40318.0	676.0	-189.0	63.0	-100.0	0.0
151	0.0161	223392.0	101693	40367.0	675.0	109.0	38.0	49.0	-1.0
152	0.0162	223724.0	101735	40503.0	675.0	332.0	42.0	136.0	0.0
153	0.0163	223918.0	101787	40541.0	678.0	194.0	52.0	38.0	3.0
154	0.0164	223644.0	101822	40413.0	678.0	-274.0	35.0	-128.0	0.0
155	0.0165	223544.0	101866	40301.0	678.0	-100.0	44.0	-112.0	0.0
156	0.0166	223579.0	101868	40394.0	677.0	35.0	2.0	93.0	-1.0
157	0.0167	224007.0	101913	40538.0	677.0	428.0	45.0	144.0	0.0
158	0.0168	224126.0	101943	40489.0	679.0	119.0	30.0	-49.0	2.0
159	0.0169	223866.0	101960	40409.0	679.0	-260.0	17.0	-80.0	0.0
160	0.017	223715.0	101973	40318.0	679.0	-151.0	13.0	-91.0	0.0
161	0.0171	223842.0	101984	40447.0	676.0	127.0	11.0	129.0	-3.0
162	0.0172	223687.0	101840	40467.0	667.0	-155.0	-144.0	20.0	-9.0
163	0.0173	220706.0	100593	39816.0	669.0	-2981.0	-1247.0	-651.0	2.0
164	0.0174	220445.0	100573	39774.0	669.0	-261.0	-20.0	-42.0	0.0
165	0.0175	220779.0	100723	39799.0	669.0	334.0	150.0	25.0	0.0
166	0.0176	221405.0	100880	40013.0	669.0	626.0	157.0	214.0	0.0
167	0.0177	221886.0	101044	40157.0	671.0	481.0	164.0	144.0	2.0
168	0.0178	221927.0	101172	40082.0	672.0	41.0	128.0	-75.0	1.0
169	0.0179	222015.0	101279	40031.0	672.0	88.0	107.0	-51.0	0.0
170	0.018	222436.0	101379	40130.0	672.0	421.0	100.0	99.0	0.0
171	0.0181	222932.0	101481	40306.0	671.0	496.0	102.0	176.0	-1.0
172	0.0182	223037.0	101545	40221.0	674.0	105.0	64.0	-85.0	3.0
173	0.0183	222925.0	101626	40250.0	676.0	-112.0	81.0	29.0	2.0
174	0.0184	223013.0	101686	40173.0	677.0	88.0	60.0	-77.0	1.0
175	0.0185	223377.0	101736	40339.0	676.0	364.0	50.0	166.0	-1.0
176	0.0186	223665.0	101796	40480.0	671.0	288.0	60.0	141.0	-5.0
177	0.0187	223716.0	101859	40425.0	677.0	51.0	63.0	-55.0	6.0
178	0.0188	223614.0	101915	40358.0	678.0	-102.0	56.0	-67.0	1.0
179	0.0189	223641.0	101917	40310.0	678.0	27.0	2.0	-48.0	0.0
180	0.019	224107.0	101952	40471.0	0.0	466.0	35.0	161.0	-678.0
181	0.0191	224158.0	101979	40493.0	1349.0	51.0	27.0	22.0	1349.0
182	0.0192	223948.0	101996	40493.0	679.0	-210.0	17.0	0.0	-670.0
183	0.0193	223833.0	102012	40412.0	679.0	-115.0	16.0	-81.0	0.0
184	0.0194	223934.0	102019	40377.0	0.0	101.0	7.0	-35.0	-679.0
185	0.0195	224285.0	102051	40521.0	679.0	351.0	32.0	144.0	679.0
186	0.0196	224321.0	102066	40519.0	1347.0	36.0	15.0	-2.0	668.0
187	0.0197	224107.0	102088	40537.0	680.0	-214.0	22.0	18.0	-667.0
188	0.0198	224046.0	102103	40451.0	680.0	-61.0	15.0	-86.0	0.0
189	0.0199	224261.0	102110	40434.0	0.0	215.0	7.0	-17.0	-680.0
190	0.02	224424.0	102086	40550.0	680.0	163.0	-24.0	116.0	680.0
191	0.0201	224279.0	102088	40513.0	675.0	-145.0	2.0	-37.0	-5.0
192	0.0202	224102.0	102103	40555.0	675.0	-177.0	15.0	42.0	0.0
193	0.0203	224117.0	102106	40465.0	682.0	15.0	3.0	-90.0	7.0
194	0.0204	224404.0	102114	40468.0	682.0	287.0	8.0	3.0	0.0
195	0.0205	224520.0	102121	40569.0	682.0	116.0	7.0	101.0	0.0
196	0.0206	224333.0	102132	40547.0	676.0	-187.0	11.0	-22.0	-6.0
197	0.0207	224202.0	102148	40593.0	675.0	-131.0	16.0	46.0	-1.0
198	0.0208	224323.0	102160	40500.0	682.0	121.0	12.0	-93.0	7.0
199	0.0209	224576.0	102160	40462.0	682.0	253.0	0.0	-38.0	0.0
200	0.021	224650.0	102732	40533.0	682.0	74.0	572.0	71.0	0.0
201	0.0211	224402.0	102220	40572.0	677.0	-248.0	-512.0	39.0	-5.0
202	0.0212	224252.0	102157	40463.0	665.0	-150.0	-63.0	-109.0	-12.0
203	0.0213	220493.0	100446	39797.0	1343.0	-3759.0	-1711.0	-666.0	678.0
204	0.0214	220668.0	100422	31669.0	5722.0	175.0	-24.0	-8128.0	4379.0
