	time	ins	cycle	memory	branchm	ins_d	cycle_d	memory_d	branchm_d
0	0.001	182548.0	83960	24398.0	0.0	0.0	0.0	0.0	0.0
1	0.0011	198178.0	50602	35571.0	1363.0	15630.0	-33358.0	11173.0	1363.0
2	0.0012	261905.0	116153	38970.0	0.0	63727.0	65551.0	3399.0	-1363.0
3	0.0013	146054.0	134812	45794.0	1262.0	-115851.0	18659.0	6824.0	1262.0
4	0.0014	317770.0	73798	34862.0	0.0	171716.0	-61014.0	-10932.0	-1262.0
5	0.0015	170196.0	77574	29890.0	1183.0	-147574.0	3776.0	-4972.0	1183.0
6	0.0016	177807.0	81031	57191.0	0.0	7611.0	3457.0	27301.0	-1183.0
7	0.0017	182356.0	169005	33196.0	1113.0	4549.0	87974.0	-23995.0	1113.0
8	0.0018	188829.0	88798	34418.0	1054.0	6473.0	-80207.0	1222.0	-59.0
9	0.0019	389688.0	89802	42494.0	0.0	200859.0	1004.0	8076.0	-1054.0
10	0.002	200482.0	91710	36025.0	1005.0	-189206.0	1908.0	-6469.0	1005.0
11	0.0021	204444.0	93533	36772.0	961.0	3962.0	1823.0	747.0	-44.0
12	0.0022	206480.0	94011	29210.0	0.0	2036.0	478.0	-7562.0	-961.0
13	0.0023	191397.0	88800	41495.0	843.0	-15083.0	-5211.0	12285.0	843.0
14	0.0024	187496.0	86750	33909.0	800.0	-3901.0	-2050.0	-7586.0	-43.0
15	0.0025	186381.0	87951	61858.0	774.0	-1115.0	1201.0	27949.0	-26.0
16	0.0026	191761.0	88662	35355.0	0.0	5380.0	711.0	-26503.0	-774.0
17	0.0027	199455.0	184256	36789.0	762.0	7694.0	95594.0	1434.0	762.0
18	0.0028	204300.0	96013	37504.0	759.0	4845.0	-88243.0	715.0	-3.0
19	0.0029	422105.0	97871	46230.0	759.0	217805.0	1858.0	8726.0	0.0
20	0.003	218141.0	99480	39291.0	752.0	-203964.0	1609.0	-6939.0	-7.0
21	0.0031	221152.0	100896	39704.0	752.0	3011.0	1416.0	413.0	0.0
22	0.0032	224089.0	102131	72461.0	749.0	2937.0	1235.0	32757.0	-3.0
23	0.0033	226813.0	103250	41285.0	749.0	2724.0	1119.0	-31176.0	0.0
24	0.0034	228904.0	104258	41728.0	745.0	2091.0	1008.0	443.0	-4.0
25	0.0035	230520.0	105737	41921.0	744.0	1616.0	1479.0	193.0	-1.0
26	0.0036	232212.0	213702	42294.0	743.0	1692.0	107965.0	373.0	-1.0
27	0.0037	234003.0	107730	42438.0	749.0	1791.0	-105972.0	144.0	6.0
28	0.0038	235501.0	108209	42646.0	750.0	1498.0	479.0	208.0	1.0
29	0.0039	236754.0	108650	43004.0	746.0	1253.0	441.0	358.0	-4.0
30	0.004	237707.0	109022	43129.0	746.0	953.0	372.0	125.0	0.0
31	0.0041	238507.0	109388	43273.0	742.0	800.0	366.0	144.0	-4.0
32	0.0042	240901.0	109691	43434.0	742.0	2394.0	303.0	161.0	0.0
33	0.0043	484434.0	109954	43515.0	742.0	243533.0	263.0	81.0	0.0
34	0.0044	244534.0	110188	43544.0	743.0	-239900.0	234.0	29.0	1.0
35	0.0045	0.0	110413	43674.0	745.0	-244534.0	225.0	130.0	2.0
36	0.0046	244707.0	110609	43874.0	745.0	244707.0	196.0	200.0	0.0
37	0.0047	243428.0	110760	43845.0	745.0	-1279.0	151.0	-29.0	0.0
38	0.0048	487496.0	110921	43956.0	745.0	244068.0	161.0	111.0	0.0
39	0.0049	244565.0	111064	44056.0	745.0	-242931.0	143.0	100.0	0.0
40	0.005	244915.0	111179	44106.0	744.0	350.0	115.0	50.0	-1.0
41	0.0051	246728.0	111297	44087.0	739.0	1813.0	118.0	-19.0	-5.0
42	0.0052	246743.0	111385	44343.0	740.0	15.0	88.0	256.0	1.0
43	0.0053	245364.0	111428	44464.0	740.0	-1379.0	43.0	121.0	0.0
44	0.0054	245359.0	111516	44414.0	740.0	-5.0	88.0	-50.0	0.0
45	0.0055	245566.0	111578	44483.0	740.0	207.0	62.0	69.0	0.0
46	0.0056	245992.0	111651	44521.0	740.0	426.0	73.0	38.0	0.0
47	0.0057	246266.0	111665	44568.0	740.0	274.0	14.0	47.0	0.0
48	0.0058	247818.0	111707	44505.0	740.0	1552.0	42.0	-63.0	0.0
49	0.0059	247722.0	111764	44430.0	740.0	-96.0	57.0	-75.0	0.0
50	0.006	247274.0	111797	44472.0	742.0	-448.0	33.0	42.0	2.0
51	0.0061	247085.0	111829	44406.0	743.0	-189.0	32.0	-66.0	1.0
52	0.0062	0.0	111830	44413.0	742.0	-247085.0	1.0	7.0	-1.0
53	0.0063	245090.0	111580	44151.0	725.0	245090.0	-250.0	-262.0	-17.0
54	0.0064	239066.0	109110	43278.0	725.0	-6024.0	-2470.0	-873.0	0.0
55	0.0065	239322.0	109142	43304.0	725.0	256.0	32.0	26.0	0.0
56	0.0066	240170.0	109415	43334.0	725.0	848.0	273.0	30.0	0.0
57	0.0067	242191.0	109662	43452.0	726.0	2021.0	247.0	118.0	1.0
58	0.0068	242545.0	109887	43500.0	730.0	354.0	225.0	48.0	4.0
59	0.0069	242691.0	110110	43638.0	732.0	146.0	223.0	138.0	2.0
60	0.007	241807.0	110309	43792.0	734.0	-884.0	199.0	154.0	2.0
61	0.0071	242368.0	110506	43909.0	735.0	561.0	197.0	117.0	1.0
62	0.0072	243092.0	110676	43916.0	735.0	724.0	170.0	7.0	0.0
63	0.0073	245031.0	110834	43924.0	735.0	1939.0	158.0	8.0	0.0
64	0.0074	245245.0	110975	44023.0	735.0	214.0	141.0	99.0	0.0
65	0.0075	245275.0	111097	43967.0	738.0	30.0	122.0	-56.0	3.0
66	0.0076	245276.0	111194	44127.0	739.0	1.0	97.0	160.0	1.0
67	0.0077	244155.0	111273	44228.0	739.0	-1121.0	79.0	101.0	0.0
68	0.0078	489177.0	111329	44280.0	739.0	245022.0	56.0	52.0	0.0
69	0.0079	246567.0	111397	44288.0	739.0	-242610.0	68.0	8.0	0.0
70	0.008	246652.0	111446	44264.0	738.0	85.0	49.0	-24.0	-1.0
71	0.0081	246421.0	111484	44257.0	737.0	-231.0	38.0	-7.0	-1.0
72	0.0082	246173.0	111484	44200.0	738.0	-248.0	0.0	-57.0	1.0
73	0.0083	0.0	111490	44187.0	740.0	-246173.0	6.0	-13.0	2.0
74	0.0084	246090.0	111525	44333.0	740.0	246090.0	35.0	146.0	0.0
75	0.0085	244897.0	111587	44400.0	740.0	-1193.0	62.0	67.0	0.0
76	0.0086	490599.0	111635	44455.0	741.0	245702.0	48.0	55.0	1.0
77	0.0087	246975.0	111669	44397.0	740.0	-243624.0	34.0	-58.0	-1.0
78	0.0088	246969.0	111670	44326.0	735.0	-6.0	1.0	-71.0	-5.0
79	0.0089	246722.0	112273	44321.0	735.0	-247.0	603.0	-5.0	0.0
80	0.009	246556.0	112293	44251.0	737.0	-166.0	20.0	-70.0	2.0
81	0.0091	246661.0	112249	44319.0	738.0	105.0	-44.0	68.0	1.0
82	0.0092	246978.0	112220	44426.0	744.0	317.0	-29.0	107.0	6.0
83	0.0093	247291.0	111703	44487.0	744.0	313.0	-517.0	61.0	0.0
84	0.0094	247490.0	111715	44569.0	745.0	199.0	12.0	82.0	1.0
85	0.0095	248447.0	112222	44573.0	744.0	957.0	507.0	4.0	-1.0
86	0.0096	248242.0	112813	44680.0	742.0	-205.0	591.0	107.0	-2.0
87	0.0097	248062.0	112791	44565.0	741.0	-180.0	-22.0	-115.0	-1.0
88	0.0098	247725.0	112682	44595.0	742.0	-337.0	-109.0	30.0	1.0
89	0.0099	247817.0	112618	44632.0	743.0	92.0	-64.0	37.0	1.0
90	0.01	247953.0	112558	44683.0	743.0	136.0	-60.0	51.0	0.0
91	0.0101	247947.0	112515	44717.0	743.0	-6.0	-43.0	34.0	0.0
92	0.0102	0.0	112438	44709.0	0.0	-247947.0	-77.0	-8.0	-743.0
93	0.0103	247524.0	112227	44462.0	743.0	247524.0	-211.0	-247.0	743.0
94	0.0104	244327.0	110888	43964.0	733.0	-3197.0	-1339.0	-498.0	-10.0
95	0.0105	243992.0	110852	43849.0	733.0	-335.0	-36.0	-115.0	0.0
96	0.0106	244116.0	110955	43967.0	733.0	124.0	103.0	118.0	0.0
97	0.0107	244445.0	111088	44108.0	736.0	329.0	133.0	141.0	3.0
98	0.0108	244898.0	111195	44201.0	738.0	453.0	107.0	93.0	2.0
99	0.0109	245279.0	111299	44290.0	739.0	381.0	104.0	89.0	1.0
100	0.011	245554.0	111377	44297.0	1478.0	275.0	78.0	7.0	739.0
101	0.0111	491065.0	111425	44222.0	0.0	245511.0	48.0	-75.0	-1478.0
102	0.0112	246570.0	111921	44339.0	741.0	-244495.0	496.0	117.0	741.0
103	0.0113	246544.0	111963	44387.0	741.0	-26.0	42.0	48.0	0.0
104	0.0114	246533.0	111959	44441.0	1484.0	-11.0	-4.0	54.0	743.0
105	0.0115	246747.0	111960	44493.0	744.0	214.0	1.0	52.0	-740.0
106	0.0116	246813.0	111959	44522.0	745.0	66.0	-1.0	29.0	1.0
107	0.0117	246763.0	111962	44560.0	746.0	-50.0	3.0	38.0	1.0
108	0.0118	246526.0	111953	44477.0	0.0	-237.0	-9.0	-83.0	-746.0
109	0.0119	0.0	111955	44279.0	746.0	-246526.0	2.0	-198.0	746.0
110	0.012	492594.0	111960	44489.0	745.0	492594.0	5.0	210.0	-1.0
111	0.0121	246309.0	111967	44377.0	745.0	-246285.0	7.0	-112.0	0.0
112	0.0122	246442.0	111961	44431.0	746.0	133.0	-6.0	54.0	1.0
113	0.0123	246687.0	111957	44475.0	747.0	245.0	-4.0	44.0	1.0
114	0.0124	246715.0	111953	44541.0	748.0	28.0	-4.0	66.0	1.0
115	0.0125	0.0	111935	44522.0	748.0	-246715.0	-18.0	-19.0	0.0
116	0.0126	492889.0	111916	44407.0	748.0	492889.0	-19.0	-115.0	0.0
117	0.0127	246342.0	111942	44396.0	748.0	-246547.0	26.0	-11.0	0.0
118	0.0128	246396.0	111955	44538.0	747.0	54.0	13.0	142.0	-1.0
119	0.0129	246548.0	111940	44423.0	745.0	152.0	-15.0	-115.0	-2.0
120	0.013	246797.0	111943	44484.0	744.0	249.0	3.0	61.0	-1.0
121	0.0131	246818.0	111944	44549.0	746.0	21.0	1.0	65.0	2.0
122	0.0132	246822.0	111943	44593.0	747.0	4.0	-1.0	44.0	1.0
123	0.0133	246662.0	111936	44528.0	747.0	-160.0	-7.0	-65.0	0.0
124	0.0134	246518.0	111942	44377.0	747.0	-144.0	6.0	-151.0	0.0
125	0.0135	246502.0	111938	44445.0	746.0	-16.0	-4.0	68.0	-1.0
126	0.0136	248045.0	111953	44536.0	741.0	1543.0	15.0	91.0	-5.0
127	0.0137	248296.0	111969	44665.0	740.0	251.0	16.0	129.0	-1.0
128	0.0138	248418.0	111962	44540.0	738.0	122.0	-7.0	-125.0	-2.0
129	0.0139	248103.0	111941	44556.0	739.0	-315.0	-21.0	16.0	1.0
130	0.014	247823.0	111915	44584.0	741.0	-280.0	-26.0	28.0	2.0
131	0.0141	247474.0	111887	44479.0	742.0	-349.0	-28.0	-105.0	1.0
132	0.0142	0.0	111899	35459.0	742.0	-247474.0	12.0	-9020.0	0.0
133	0.0143	247153.0	111902	53288.0	730.0	247153.0	3.0	17829.0	-12.0
134	0.0144	242672.0	109947	43693.0	730.0	-4481.0	-1955.0	-9595.0	0.0
135	0.0145	242512.0	109966	43836.0	730.0	-160.0	19.0	143.0	0.0
136	0.0146	243230.0	110196	43801.0	730.0	718.0	230.0	-35.0	0.0
137	0.0147	243723.0	110396	43832.0	726.0	493.0	200.0	31.0	-4.0
138	0.0148	486360.0	110349	43669.0	741.0	242637.0	-47.0	-163.0	15.0
139	0.0149	250119.0	112486	44539.0	755.0	-236241.0	2137.0	870.0	14.0
140	0.015	254710.0	114674	45324.0	1549.0	4591.0	2188.0	785.0	794.0
141	0.0151	258913.0	116666	83476.0	790.0	4203.0	1992.0	38152.0	-759.0
142	0.0152	262824.0	118440	47530.0	798.0	3911.0	1774.0	-35946.0	8.0
143	0.0153	266401.0	120010	48052.0	806.0	3577.0	1570.0	522.0	8.0
144	0.0154	269423.0	121422	48616.0	812.0	3022.0	1412.0	564.0	6.0
145	0.0155	271961.0	246278	49102.0	820.0	2538.0	124856.0	486.0	8.0
146	0.0156	274258.0	124641	59919.0	828.0	2297.0	-121637.0	10817.0	8.0
147	0.0157	276202.0	125471	50082.0	833.0	1944.0	830.0	-9837.0	5.0
148	0.0158	277933.0	126225	50388.0	837.0	1731.0	754.0	306.0	4.0
149	0.0159	279540.0	126873	50657.0	840.0	1607.0	648.0	269.0	3.0
150	0.016	280977.0	127455	50888.0	844.0	1437.0	582.0	231.0	4.0
151	0.0161	565680.0	127963	51104.0	846.0	284703.0	508.0	216.0	2.0
152	0.0162	284501.0	128438	51286.0	850.0	-281179.0	475.0	182.0	4.0
153	0.0163	285399.0	128836	51453.0	853.0	898.0	398.0	167.0	3.0
154	0.0164	286113.0	129178	51585.0	855.0	714.0	342.0	132.0	2.0
155	0.0165	286884.0	129507	51700.0	857.0	771.0	329.0	115.0	2.0
156	0.0166	287506.0	129774	51805.0	858.0	622.0	267.0	105.0	1.0
157	0.0167	288050.0	130018	51904.0	860.0	544.0	244.0	99.0	2.0
158	0.0168	288527.0	130241	51976.0	862.0	477.0	223.0	72.0	2.0
159	0.0169	288805.0	130385	52022.0	863.0	278.0	144.0	46.0	1.0
160	0.017	289149.0	130541	52074.0	863.0	344.0	156.0	52.0	0.0
161	0.0171	289505.0	130680	52135.0	864.0	356.0	139.0	61.0	1.0
162	0.0172	289730.0	130805	52166.0	864.0	225.0	125.0	31.0	0.0
163	0.0173	289912.0	130897	52194.0	865.0	182.0	92.0	28.0	1.0
164	0.0174	290220.0	131020	52245.0	866.0	308.0	123.0	51.0	1.0
165	0.0175	290502.0	131139	52292.0	867.0	282.0	119.0	47.0	1.0
166	0.0176	290732.0	131221	52318.0	868.0	230.0	82.0	26.0	1.0
167	0.0177	290841.0	131299	52352.0	869.0	109.0	78.0	34.0	1.0
168	0.0178	290968.0	131373	52370.0	871.0	127.0	74.0	18.0	2.0
169	0.0179	291078.0	131454	52374.0	872.0	110.0	81.0	4.0	1.0
170	0.018	0.0	131484	41664.0	5909.0	-291078.0	30.0	-10710.0	5037.0
