pntrch01_lite	83268	[013]	2604056.638459	1	cpu/event=0xC0,umask=0x00/u	7f1c1d5d0c30	_start	(/lib/x86_64-linux-gnu/ld-2.23.so)
pntrch01_lite	83268	[013]	2604056.638470	1	cpu/event=0xC0,umask=0x00/u	7f1c1d5d0c30	_start	(/lib/x86_64-linux-gnu/ld-2.23.so)
pntrch01_lite	83268	[013]	2604056.638478	2	cpu/event=0xC0,umask=0x00/u	7f1c1d5d0c30	_start	(/lib/x86_64-linux-gnu/ld-2.23.so)
pntrch01_lite	83268	[013]	2604056.638489	5	cpu/event=0xC0,umask=0x00/u	ffffffff8186d5d0	page_fault	([kernel.kallsyms])
pntrch01_lite	83268	[013]	2604056.638503	10	cpu/event=0xC0,umask=0x00/u	7f1c1d5d19b0	_dl_start	(/lib/x86_64-linux-gnu/ld-2.23.so)
pntrch01_lite	83268	[013]	2604056.638509	18	cpu/event=0xC0,umask=0x00/u	ffffffff8186d5d0	page_fault	([kernel.kallsyms])
pntrch01_lite	83268	[013]	2604056.638517	58	cpu/event=0xC0,umask=0x00/u	7f1c1d5d1a4f	_dl_start	(/lib/x86_64-linux-gnu/ld-2.23.so)
pntrch01_lite	83268	[013]	2604056.638534	133	cpu/event=0xC0,umask=0x00/u	7f1c1d5d1a4f	_dl_start	(/lib/x86_64-linux-gnu/ld-2.23.so)
pntrch01_lite	83268	[013]	2604056.638551	215	cpu/event=0xC0,umask=0x00/u	7f1c1d5d1aa2	_dl_start	(/lib/x86_64-linux-gnu/ld-2.23.so)
pntrch01_lite	83268	[013]	2604056.638575	348	cpu/event=0xC0,umask=0x00/u	7f1c1d5d1da2	_dl_start	(/lib/x86_64-linux-gnu/ld-2.23.so)
pntrch01_lite	83268	[013]	2604056.638616	487	cpu/event=0xC0,umask=0x00/u	7f1c1d5e9840	_dl_sysdep_start	(/lib/x86_64-linux-gnu/ld-2.23.so)
pntrch01_lite	83268	[013]	2604056.638645	576	cpu/event=0xC0,umask=0x00/u	7f1c1d5e9cc0	_dl_next_ld_env_entry	(/lib/x86_64-linux-gnu/ld-2.23.so)
pntrch01_lite	83268	[013]	2604056.638671	754	cpu/event=0xC0,umask=0x00/u	7f1c1d5d2faf	dl_main	(/lib/x86_64-linux-gnu/ld-2.23.so)
pntrch01_lite	83268	[013]	2604056.638703	1022	cpu/event=0xC0,umask=0x00/u	7f1c1d5d2ba5	dl_main	(/lib/x86_64-linux-gnu/ld-2.23.so)
pntrch01_lite	83268	[013]	2604056.638739	1289	cpu/event=0xC0,umask=0x00/u	7f1c1d5d8684	_dl_init_paths	(/lib/x86_64-linux-gnu/ld-2.23.so)
pntrch01_lite	83268	[013]	2604056.638789	1578	cpu/event=0xC0,umask=0x00/u	7f1c1d5e1796	_dl_sysdep_read_whole_file	(/lib/x86_64-linux-gnu/ld-2.23.so)
pntrch01_lite	83268	[013]	2604056.638828	1778	cpu/event=0xC0,umask=0x00/u	7f1c1d5d58f6	open_verify.constprop.7	(/lib/x86_64-linux-gnu/ld-2.23.so)
pntrch01_lite	83268	[013]	2604056.638915	2120	cpu/event=0xC0,umask=0x00/u	7f1c1d5ebb04	strcmp	(/lib/x86_64-linux-gnu/ld-2.23.so)
pntrch01_lite	83268	[013]	2604056.638937	2162	cpu/event=0xC0,umask=0x00/u	7f1c1d5ed6e3	memcmp	(/lib/x86_64-linux-gnu/ld-2.23.so)
pntrch01_lite	83268	[013]	2604056.639011	3106	cpu/event=0xC0,umask=0x00/u	7f1c1d5de1b9	_dl_map_object_deps	(/lib/x86_64-linux-gnu/ld-2.23.so)
pntrch01_lite	83268	[013]	2604056.639035	3238	cpu/event=0xC0,umask=0x00/u	7f1c1d5edbb4	memset	(/lib/x86_64-linux-gnu/ld-2.23.so)
pntrch01_lite	83268	[013]	2604056.639066	4524	cpu/event=0xC0,umask=0x00/u	7f1c1d5ec5e8	strcmp	(/lib/x86_64-linux-gnu/ld-2.23.so)
pntrch01_lite	83268	[013]	2604056.639126	5803	cpu/event=0xC0,umask=0x00/u	7f1c1d5dc650	_dl_relocate_object	(/lib/x86_64-linux-gnu/ld-2.23.so)
pntrch01_lite	83268	[013]	2604056.639150	6297	cpu/event=0xC0,umask=0x00/u	7f1c1d5dc633	_dl_relocate_object	(/lib/x86_64-linux-gnu/ld-2.23.so)
pntrch01_lite	83268	[013]	2604056.639168	8695	cpu/event=0xC0,umask=0x00/u	7f1c1d5dc633	_dl_relocate_object	(/lib/x86_64-linux-gnu/ld-2.23.so)
pntrch01_lite	83268	[013]	2604056.639200	13733	cpu/event=0xC0,umask=0x00/u	7f1c1d5d9d0f	check_match	(/lib/x86_64-linux-gnu/ld-2.23.so)
pntrch01_lite	83268	[013]	2604056.639246	17440	cpu/event=0xC0,umask=0x00/u	7f1c1d5d9f8a	do_lookup_x	(/lib/x86_64-linux-gnu/ld-2.23.so)
pntrch01_lite	83268	[013]	2604056.639280	19939	cpu/event=0xC0,umask=0x00/u	7f1c1d5d9db3	check_match	(/lib/x86_64-linux-gnu/ld-2.23.so)
pntrch01_lite	83268	[013]	2604056.639399	24811	cpu/event=0xC0,umask=0x00/u	7f1c1d5dc75e	_dl_relocate_object	(/lib/x86_64-linux-gnu/ld-2.23.so)
pntrch01_lite	83268	[013]	2604056.639519	24330	cpu/event=0xC0,umask=0x00/u	7f1c1d0403b7	_dl_addr	(/lib/x86_64-linux-gnu/libc-2.23.so)
pntrch01_lite	83268	[013]	2604056.639562	23810	cpu/event=0xC0,umask=0x00/u	7f1c1d040360	_dl_addr	(/lib/x86_64-linux-gnu/libc-2.23.so)
pntrch01_lite	83268	[013]	2604056.639646	27739	cpu/event=0xC0,umask=0x00/u	400c57	t_run_test	(/home/koga/autobench_perf/src/autobench/pntrch01_lite)
pntrch01_lite	83268	[013]	2604056.639673	28422	cpu/event=0xC0,umask=0x00/u	401011	t_run_test	(/home/koga/autobench_perf/src/autobench/pntrch01_lite)
pntrch01_lite	83268	[013]	2604056.639690	37926	cpu/event=0xC0,umask=0x00/u	400aff	t_run_test	(/home/koga/autobench_perf/src/autobench/pntrch01_lite)
pntrch01_lite	83268	[013]	2604056.639720	61672	cpu/event=0xC0,umask=0x00/u	400d9f	t_run_test	(/home/koga/autobench_perf/src/autobench/pntrch01_lite)
pntrch01_lite	83268	[013]	2604056.639760	79480	cpu/event=0xC0,umask=0x00/u	40102f	t_run_test	(/home/koga/autobench_perf/src/autobench/pntrch01_lite)
pntrch01_lite	83268	[013]	2604056.639807	94406	cpu/event=0xC0,umask=0x00/u	401022	t_run_test	(/home/koga/autobench_perf/src/autobench/pntrch01_lite)
pntrch01_lite	83268	[013]	2604056.639864	107887	cpu/event=0xC0,umask=0x00/u	400eda	t_run_test	(/home/koga/autobench_perf/src/autobench/pntrch01_lite)
pntrch01_lite	83268	[013]	2604056.639923	117732	cpu/event=0xC0,umask=0x00/u	400c57	t_run_test	(/home/koga/autobench_perf/src/autobench/pntrch01_lite)
pntrch01_lite	83268	[013]	2604056.639985	128256	cpu/event=0xC0,umask=0x00/u	400d9f	t_run_test	(/home/koga/autobench_perf/src/autobench/pntrch01_lite)
pntrch01_lite	83268	[013]	2604056.640050	138087	cpu/event=0xC0,umask=0x00/u	401011	t_run_test	(/home/koga/autobench_perf/src/autobench/pntrch01_lite)
pntrch01_lite	83268	[013]	2604056.640132	147114	cpu/event=0xC0,umask=0x00/u	400aff	t_run_test	(/home/koga/autobench_perf/src/autobench/pntrch01_lite)
pntrch01_lite	83268	[013]	2604056.640205	151238	cpu/event=0xC0,umask=0x00/u	400c39	t_run_test	(/home/koga/autobench_perf/src/autobench/pntrch01_lite)
pntrch01_lite	83268	[013]	2604056.640279	158153	cpu/event=0xC0,umask=0x00/u	400c57	t_run_test	(/home/koga/autobench_perf/src/autobench/pntrch01_lite)
pntrch01_lite	83268	[013]	2604056.640352	165040	cpu/event=0xC0,umask=0x00/u	400ee7	t_run_test	(/home/koga/autobench_perf/src/autobench/pntrch01_lite)
pntrch01_lite	83268	[013]	2604056.640431	172976	cpu/event=0xC0,umask=0x00/u	400d9f	t_run_test	(/home/koga/autobench_perf/src/autobench/pntrch01_lite)
pntrch01_lite	83268	[013]	2604056.640525	178511	cpu/event=0xC0,umask=0x00/u	400ee7	t_run_test	(/home/koga/autobench_perf/src/autobench/pntrch01_lite)
pntrch01_lite	83268	[013]	2604056.640615	180127	cpu/event=0xC0,umask=0x00/u	400b0e	t_run_test	(/home/koga/autobench_perf/src/autobench/pntrch01_lite)
pntrch01_lite	83268	[013]	2604056.640700	182517	cpu/event=0xC0,umask=0x00/u	400c39	t_run_test	(/home/koga/autobench_perf/src/autobench/pntrch01_lite)
pntrch01_lite	83268	[013]	2604056.640787	186392	cpu/event=0xC0,umask=0x00/u	40102f	t_run_test	(/home/koga/autobench_perf/src/autobench/pntrch01_lite)
pntrch01_lite	83268	[013]	2604056.640875	189971	cpu/event=0xC0,umask=0x00/u	400aea	t_run_test	(/home/koga/autobench_perf/src/autobench/pntrch01_lite)
pntrch01_lite	83268	[013]	2604056.640965	193135	cpu/event=0xC0,umask=0x00/u	400ee7	t_run_test	(/home/koga/autobench_perf/src/autobench/pntrch01_lite)
pntrch01_lite	83268	[013]	2604056.641056	195891	cpu/event=0xC0,umask=0x00/u	400b0e	t_run_test	(/home/koga/autobench_perf/src/autobench/pntrch01_lite)
pntrch01_lite	83268	[013]	2604056.641148	198396	cpu/event=0xC0,umask=0x00/u	400c57	t_run_test	(/home/koga/autobench_perf/src/autobench/pntrch01_lite)
pntrch01_lite	83268	[013]	2604056.641245	200645	cpu/event=0xC0,umask=0x00/u	400ec9	t_run_test	(/home/koga/autobench_perf/src/autobench/pntrch01_lite)
pntrch01_lite	83268	[013]	2604056.641345	201167	cpu/event=0xC0,umask=0x00/u	400b0e	t_run_test	(/home/koga/autobench_perf/src/autobench/pntrch01_lite)
pntrch01_lite	83268	[013]	2604056.641444	201315	cpu/event=0xC0,umask=0x00/u	401011	t_run_test	(/home/koga/autobench_perf/src/autobench/pntrch01_lite)
pntrch01_lite	83268	[013]	2604056.641537	201634	cpu/event=0xC0,umask=0x00/u	400aea	t_run_test	(/home/koga/autobench_perf/src/autobench/pntrch01_lite)
pntrch01_lite	83268	[013]	2604056.641631	203336	cpu/event=0xC0,umask=0x00/u	400d9f	t_run_test	(/home/koga/autobench_perf/src/autobench/pntrch01_lite)
pntrch01_lite	83268	[013]	2604056.641721	204958	cpu/event=0xC0,umask=0x00/u	400c57	t_run_test	(/home/koga/autobench_perf/src/autobench/pntrch01_lite)
pntrch01_lite	83268	[013]	2604056.641822	207878	cpu/event=0xC0,umask=0x00/u	400b0e	t_run_test	(/home/koga/autobench_perf/src/autobench/pntrch01_lite)
pntrch01_lite	83268	[013]	2604056.641923	207743	cpu/event=0xC0,umask=0x00/u	400ee7	t_run_test	(/home/koga/autobench_perf/src/autobench/pntrch01_lite)
pntrch01_lite	83268	[013]	2604056.642020	207398	cpu/event=0xC0,umask=0x00/u	400d9f	t_run_test	(/home/koga/autobench_perf/src/autobench/pntrch01_lite)
pntrch01_lite	83268	[013]	2604056.642121	208313	cpu/event=0xC0,umask=0x00/u	400aff	t_run_test	(/home/koga/autobench_perf/src/autobench/pntrch01_lite)
pntrch01_lite	83268	[013]	2604056.642248	198356	cpu/event=0xC0,umask=0x00/u	400c57	t_run_test	(/home/koga/autobench_perf/src/autobench/pntrch01_lite)
pntrch01_lite	83268	[013]	2604056.642341	193103	cpu/event=0xC0,umask=0x00/u	400c57	t_run_test	(/home/koga/autobench_perf/src/autobench/pntrch01_lite)
pntrch01_lite	83268	[013]	2604056.642431	194992	cpu/event=0xC0,umask=0x00/u	400d9f	t_run_test	(/home/koga/autobench_perf/src/autobench/pntrch01_lite)
pntrch01_lite	83268	[013]	2604056.642523	197469	cpu/event=0xC0,umask=0x00/u	400ec3	t_run_test	(/home/koga/autobench_perf/src/autobench/pntrch01_lite)
pntrch01_lite	83268	[013]	2604056.642620	199676	cpu/event=0xC0,umask=0x00/u	400d9f	t_run_test	(/home/koga/autobench_perf/src/autobench/pntrch01_lite)
pntrch01_lite	83268	[013]	2604056.642719	200385	cpu/event=0xC0,umask=0x00/u	400d9f	t_run_test	(/home/koga/autobench_perf/src/autobench/pntrch01_lite)
pntrch01_lite	83268	[013]	2604056.642813	200782	cpu/event=0xC0,umask=0x00/u	400eda	t_run_test	(/home/koga/autobench_perf/src/autobench/pntrch01_lite)
pntrch01_lite	83268	[013]	2604056.642911	202445	cpu/event=0xC0,umask=0x00/u	400b0e	t_run_test	(/home/koga/autobench_perf/src/autobench/pntrch01_lite)
pntrch01_lite	83268	[013]	2604056.643006	202767	cpu/event=0xC0,umask=0x00/u	400d81	t_run_test	(/home/koga/autobench_perf/src/autobench/pntrch01_lite)
pntrch01_lite	83268	[013]	2604056.643100	204243	cpu/event=0xC0,umask=0x00/u	400ec9	t_run_test	(/home/koga/autobench_perf/src/autobench/pntrch01_lite)
pntrch01_lite	83268	[013]	2604056.643200	205819	cpu/event=0xC0,umask=0x00/u	40102f	t_run_test	(/home/koga/autobench_perf/src/autobench/pntrch01_lite)
pntrch01_lite	83268	[013]	2604056.643301	205782	cpu/event=0xC0,umask=0x00/u	400d92	t_run_test	(/home/koga/autobench_perf/src/autobench/pntrch01_lite)
pntrch01_lite	83268	[013]	2604056.643402	205547	cpu/event=0xC0,umask=0x00/u	400aea	t_run_test	(/home/koga/autobench_perf/src/autobench/pntrch01_lite)
pntrch01_lite	83268	[013]	2604056.643502	205332	cpu/event=0xC0,umask=0x00/u	400c4a	t_run_test	(/home/koga/autobench_perf/src/autobench/pntrch01_lite)
pntrch01_lite	83268	[013]	2604056.643593	205258	cpu/event=0xC0,umask=0x00/u	400ee7	t_run_test	(/home/koga/autobench_perf/src/autobench/pntrch01_lite)
pntrch01_lite	83268	[013]	2604056.643699	207968	cpu/event=0xC0,umask=0x00/u	400c57	t_run_test	(/home/koga/autobench_perf/src/autobench/pntrch01_lite)
pntrch01_lite	83268	[013]	2604056.643795	206545	cpu/event=0xC0,umask=0x00/u	40102f	t_run_test	(/home/koga/autobench_perf/src/autobench/pntrch01_lite)
pntrch01_lite	83268	[013]	2604056.643901	207500	cpu/event=0xC0,umask=0x00/u	400c4a	t_run_test	(/home/koga/autobench_perf/src/autobench/pntrch01_lite)
pntrch01_lite	83268	[013]	2604056.644002	206108	cpu/event=0xC0,umask=0x00/u	401022	t_run_test	(/home/koga/autobench_perf/src/autobench/pntrch01_lite)
pntrch01_lite	83268	[013]	2604056.644098	205727	cpu/event=0xC0,umask=0x00/u	400c4a	t_run_test	(/home/koga/autobench_perf/src/autobench/pntrch01_lite)
pntrch01_lite	83268	[013]	2604056.644198	206913	cpu/event=0xC0,umask=0x00/u	400ee7	t_run_test	(/home/koga/autobench_perf/src/autobench/pntrch01_lite)
pntrch01_lite	83268	[013]	2604056.644299	206808	cpu/event=0xC0,umask=0x00/u	400b0e	t_run_test	(/home/koga/autobench_perf/src/autobench/pntrch01_lite)
pntrch01_lite	83268	[013]	2604056.644395	206518	cpu/event=0xC0,umask=0x00/u	400ec9	t_run_test	(/home/koga/autobench_perf/src/autobench/pntrch01_lite)
pntrch01_lite	83268	[013]	2604056.644496	207646	cpu/event=0xC0,umask=0x00/u	400c57	t_run_test	(/home/koga/autobench_perf/src/autobench/pntrch01_lite)
pntrch01_lite	83268	[013]	2604056.644602	207330	cpu/event=0xC0,umask=0x00/u	400ee7	t_run_test	(/home/koga/autobench_perf/src/autobench/pntrch01_lite)
pntrch01_lite	83268	[013]	2604056.644703	205862	cpu/event=0xC0,umask=0x00/u	400b0e	t_run_test	(/home/koga/autobench_perf/src/autobench/pntrch01_lite)
pntrch01_lite	83268	[013]	2604056.644809	205574	cpu/event=0xC0,umask=0x00/u	400ee7	t_run_test	(/home/koga/autobench_perf/src/autobench/pntrch01_lite)
pntrch01_lite	83268	[013]	2604056.644900	204200	cpu/event=0xC0,umask=0x00/u	400d9f	t_run_test	(/home/koga/autobench_perf/src/autobench/pntrch01_lite)
pntrch01_lite	83268	[013]	2604056.645000	206854	cpu/event=0xC0,umask=0x00/u	400d9f	t_run_test	(/home/koga/autobench_perf/src/autobench/pntrch01_lite)
pntrch01_lite	83268	[013]	2604056.645101	206883	cpu/event=0xC0,umask=0x00/u	40102f	t_run_test	(/home/koga/autobench_perf/src/autobench/pntrch01_lite)
pntrch01_lite	83268	[013]	2604056.645207	206642	cpu/event=0xC0,umask=0x00/u	400c39	t_run_test	(/home/koga/autobench_perf/src/autobench/pntrch01_lite)
pntrch01_lite	83268	[013]	2604056.645313	205109	cpu/event=0xC0,umask=0x00/u	400c57	t_run_test	(/home/koga/autobench_perf/src/autobench/pntrch01_lite)
pntrch01_lite	83268	[013]	2604056.645414	203537	cpu/event=0xC0,umask=0x00/u	400c39	t_run_test	(/home/koga/autobench_perf/src/autobench/pntrch01_lite)
pntrch01_lite	83268	[013]	2604056.645509	203439	cpu/event=0xC0,umask=0x00/u	400ee7	t_run_test	(/home/koga/autobench_perf/src/autobench/pntrch01_lite)
pntrch01_lite	83268	[013]	2604056.645603	204846	cpu/event=0xC0,umask=0x00/u	401200	t_run_test	(/home/koga/autobench_perf/src/autobench/pntrch01_lite)
pntrch01_lite	83268	[013]	2604056.645713	206319	cpu/event=0xC0,umask=0x00/u	401011	t_run_test	(/home/koga/autobench_perf/src/autobench/pntrch01_lite)
pntrch01_lite	83268	[013]	2604056.645814	203912	cpu/event=0xC0,umask=0x00/u	401022	t_run_test	(/home/koga/autobench_perf/src/autobench/pntrch01_lite)
pntrch01_lite	83268	[013]	2604056.645914	203813	cpu/event=0xC0,umask=0x00/u	400c39	t_run_test	(/home/koga/autobench_perf/src/autobench/pntrch01_lite)
pntrch01_lite	83268	[013]	2604056.646014	203875	cpu/event=0xC0,umask=0x00/u	400ec9	t_run_test	(/home/koga/autobench_perf/src/autobench/pntrch01_lite)
pntrch01_lite	83268	[013]	2604056.646118	203877	cpu/event=0xC0,umask=0x00/u	400d9f	t_run_test	(/home/koga/autobench_perf/src/autobench/pntrch01_lite)
pntrch01_lite	83268	[013]	2604056.646226	202903	cpu/event=0xC0,umask=0x00/u	400c57	t_run_test	(/home/koga/autobench_perf/src/autobench/pntrch01_lite)
pntrch01_lite	83268	[013]	2604056.646326	201218	cpu/event=0xC0,umask=0x00/u	400ec9	t_run_test	(/home/koga/autobench_perf/src/autobench/pntrch01_lite)
pntrch01_lite	83268	[013]	2604056.646430	201200	cpu/event=0xC0,umask=0x00/u	401011	t_run_test	(/home/koga/autobench_perf/src/autobench/pntrch01_lite)
pntrch01_lite	83268	[013]	2604056.646534	200256	cpu/event=0xC0,umask=0x00/u	400ee7	t_run_test	(/home/koga/autobench_perf/src/autobench/pntrch01_lite)
pntrch01_lite	83268	[013]	2604056.646632	199225	cpu/event=0xC0,umask=0x00/u	400d9f	t_run_test	(/home/koga/autobench_perf/src/autobench/pntrch01_lite)
pntrch01_lite	83268	[013]	2604056.646730	199692	cpu/event=0xC0,umask=0x00/u	400d9f	t_run_test	(/home/koga/autobench_perf/src/autobench/pntrch01_lite)
pntrch01_lite	83268	[013]	2604056.646829	200157	cpu/event=0xC0,umask=0x00/u	400ee7	t_run_test	(/home/koga/autobench_perf/src/autobench/pntrch01_lite)
pntrch01_lite	83268	[013]	2604056.646927	200568	cpu/event=0xC0,umask=0x00/u	400b0e	t_run_test	(/home/koga/autobench_perf/src/autobench/pntrch01_lite)
pntrch01_lite	83268	[013]	2604056.647031	200907	cpu/event=0xC0,umask=0x00/u	400c39	t_run_test	(/home/koga/autobench_perf/src/autobench/pntrch01_lite)
pntrch01_lite	83268	[013]	2604056.647134	200036	cpu/event=0xC0,umask=0x00/u	400c39	t_run_test	(/home/koga/autobench_perf/src/autobench/pntrch01_lite)
pntrch01_lite	83268	[013]	2604056.647233	199182	cpu/event=0xC0,umask=0x00/u	400c57	t_run_test	(/home/koga/autobench_perf/src/autobench/pntrch01_lite)
pntrch01_lite	83268	[013]	2604056.647331	199617	cpu/event=0xC0,umask=0x00/u	401011	t_run_test	(/home/koga/autobench_perf/src/autobench/pntrch01_lite)
pntrch01_lite	83268	[013]	2604056.647429	199987	cpu/event=0xC0,umask=0x00/u	400aea	t_run_test	(/home/koga/autobench_perf/src/autobench/pntrch01_lite)
pntrch01_lite	83268	[013]	2604056.647533	200446	cpu/event=0xC0,umask=0x00/u	400aea	t_run_test	(/home/koga/autobench_perf/src/autobench/pntrch01_lite)
pntrch01_lite	83268	[013]	2604056.647631	199664	cpu/event=0xC0,umask=0x00/u	401022	t_run_test	(/home/koga/autobench_perf/src/autobench/pntrch01_lite)
pntrch01_lite	83268	[013]	2604056.647735	200001	cpu/event=0xC0,umask=0x00/u	40102f	t_run_test	(/home/koga/autobench_perf/src/autobench/pntrch01_lite)
pntrch01_lite	83268	[013]	2604056.647833	199056	cpu/event=0xC0,umask=0x00/u	400b0e	t_run_test	(/home/koga/autobench_perf/src/autobench/pntrch01_lite)
pntrch01_lite	83268	[013]	2604056.647937	199542	cpu/event=0xC0,umask=0x00/u	401011	t_run_test	(/home/koga/autobench_perf/src/autobench/pntrch01_lite)
pntrch01_lite	83268	[013]	2604056.648036	198553	cpu/event=0xC0,umask=0x00/u	400ef5	t_run_test	(/home/koga/autobench_perf/src/autobench/pntrch01_lite)
pntrch01_lite	83268	[013]	2604056.648134	198976	cpu/event=0xC0,umask=0x00/u	400d81	t_run_test	(/home/koga/autobench_perf/src/autobench/pntrch01_lite)
pntrch01_lite	83268	[013]	2604056.648232	199482	cpu/event=0xC0,umask=0x00/u	400ec9	t_run_test	(/home/koga/autobench_perf/src/autobench/pntrch01_lite)
pntrch01_lite	83268	[013]	2604056.648335	200036	cpu/event=0xC0,umask=0x00/u	400ec9	t_run_test	(/home/koga/autobench_perf/src/autobench/pntrch01_lite)
pntrch01_lite	83268	[013]	2604056.648433	199322	cpu/event=0xC0,umask=0x00/u	400b0e	t_run_test	(/home/koga/autobench_perf/src/autobench/pntrch01_lite)
pntrch01_lite	83268	[013]	2604056.648536	199766	cpu/event=0xC0,umask=0x00/u	400aea	t_run_test	(/home/koga/autobench_perf/src/autobench/pntrch01_lite)
pntrch01_lite	83268	[013]	2604056.648640	198926	cpu/event=0xC0,umask=0x00/u	400d81	t_run_test	(/home/koga/autobench_perf/src/autobench/pntrch01_lite)
pntrch01_lite	83268	[013]	2604056.648733	198119	cpu/event=0xC0,umask=0x00/u	400d9f	t_run_test	(/home/koga/autobench_perf/src/autobench/pntrch01_lite)
pntrch01_lite	83268	[013]	2604056.648831	199816	cpu/event=0xC0,umask=0x00/u	400ee7	t_run_test	(/home/koga/autobench_perf/src/autobench/pntrch01_lite)
pntrch01_lite	83268	[013]	2604056.648940	200405	cpu/event=0xC0,umask=0x00/u	400d92	t_run_test	(/home/koga/autobench_perf/src/autobench/pntrch01_lite)
pntrch01_lite	83268	[013]	2604056.649039	198223	cpu/event=0xC0,umask=0x00/u	400c57	t_run_test	(/home/koga/autobench_perf/src/autobench/pntrch01_lite)
pntrch01_lite	83268	[013]	2604056.649131	198617	cpu/event=0xC0,umask=0x00/u	400aea	t_run_test	(/home/koga/autobench_perf/src/autobench/pntrch01_lite)
pntrch01_lite	83268	[013]	2604056.649234	200690	cpu/event=0xC0,umask=0x00/u	400c57	t_run_test	(/home/koga/autobench_perf/src/autobench/pntrch01_lite)
pntrch01_lite	83268	[013]	2604056.649333	199991	cpu/event=0xC0,umask=0x00/u	400b0e	t_run_test	(/home/koga/autobench_perf/src/autobench/pntrch01_lite)
pntrch01_lite	83268	[013]	2604056.649441	200329	cpu/event=0xC0,umask=0x00/u	400b0e	t_run_test	(/home/koga/autobench_perf/src/autobench/pntrch01_lite)
pntrch01_lite	83268	[013]	2604056.649539	198363	cpu/event=0xC0,umask=0x00/u	401022	t_run_test	(/home/koga/autobench_perf/src/autobench/pntrch01_lite)
pntrch01_lite	83268	[013]	2604056.649642	198875	cpu/event=0xC0,umask=0x00/u	400aea	t_run_test	(/home/koga/autobench_perf/src/autobench/pntrch01_lite)
pntrch01_lite	83268	[013]	2604056.649750	198195	cpu/event=0xC0,umask=0x00/u	400ee7	t_run_test	(/home/koga/autobench_perf/src/autobench/pntrch01_lite)
pntrch01_lite	83268	[013]	2604056.649847	196400	cpu/event=0xC0,umask=0x00/u	401011	t_run_test	(/home/koga/autobench_perf/src/autobench/pntrch01_lite)
pntrch01_lite	83268	[013]	2604056.649944	197028	cpu/event=0xC0,umask=0x00/u	400d81	t_run_test	(/home/koga/autobench_perf/src/autobench/pntrch01_lite)
pntrch01_lite	83268	[013]	2604056.650046	197914	cpu/event=0xC0,umask=0x00/u	400d81	t_run_test	(/home/koga/autobench_perf/src/autobench/pntrch01_lite)
pntrch01_lite	83268	[013]	2604056.650149	197364	cpu/event=0xC0,umask=0x00/u	40102f	t_run_test	(/home/koga/autobench_perf/src/autobench/pntrch01_lite)
pntrch01_lite	83268	[013]	2604056.650273	196774	cpu/event=0xC0,umask=0x00/u	400b0e	t_run_test	(/home/koga/autobench_perf/src/autobench/pntrch01_lite)
pntrch01_lite	83268	[013]	2604056.650376	191997	cpu/event=0xC0,umask=0x00/u	40102f	t_run_test	(/home/koga/autobench_perf/src/autobench/pntrch01_lite)
pntrch01_lite	83268	[013]	2604056.650471	191450	cpu/event=0xC0,umask=0x00/u	400ec9	t_run_test	(/home/koga/autobench_perf/src/autobench/pntrch01_lite)
pntrch01_lite	83268	[013]	2604056.650571	192726	cpu/event=0xC0,umask=0x00/u	400c39	t_run_test	(/home/koga/autobench_perf/src/autobench/pntrch01_lite)
pntrch01_lite	83268	[013]	2604056.650671	192729	cpu/event=0xC0,umask=0x00/u	400d92	t_run_test	(/home/koga/autobench_perf/src/autobench/pntrch01_lite)
pntrch01_lite	83268	[013]	2604056.650777	192580	cpu/event=0xC0,umask=0x00/u	400d9f	t_run_test	(/home/koga/autobench_perf/src/autobench/pntrch01_lite)
pntrch01_lite	83268	[013]	2604056.650870	191226	cpu/event=0xC0,umask=0x00/u	400c57	t_run_test	(/home/koga/autobench_perf/src/autobench/pntrch01_lite)
pntrch01_lite	83268	[013]	2604056.650958	193126	cpu/event=0xC0,umask=0x00/u	400d9f	t_run_test	(/home/koga/autobench_perf/src/autobench/pntrch01_lite)
pntrch01_lite	83268	[013]	2604056.651051	196436	cpu/event=0xC0,umask=0x00/u	400aff	t_run_test	(/home/koga/autobench_perf/src/autobench/pntrch01_lite)
pntrch01_lite	83268	[013]	2604056.651145	198200	cpu/event=0xC0,umask=0x00/u	400c39	t_run_test	(/home/koga/autobench_perf/src/autobench/pntrch01_lite)
pntrch01_lite	83268	[013]	2604056.651234	199850	cpu/event=0xC0,umask=0x00/u	400b0e	t_run_test	(/home/koga/autobench_perf/src/autobench/pntrch01_lite)
pntrch01_lite	83268	[013]	2604056.651330	202741	cpu/event=0xC0,umask=0x00/u	400d92	t_run_test	(/home/koga/autobench_perf/src/autobench/pntrch01_lite)
pntrch01_lite	83268	[013]	2604056.651426	203999	cpu/event=0xC0,umask=0x00/u	400ee7	t_run_test	(/home/koga/autobench_perf/src/autobench/pntrch01_lite)
pntrch01_lite	83268	[013]	2604056.651528	204971	cpu/event=0xC0,umask=0x00/u	400dad	t_run_test	(/home/koga/autobench_perf/src/autobench/pntrch01_lite)
pntrch01_lite	83268	[013]	2604056.651625	204570	cpu/event=0xC0,umask=0x00/u	400d9f	t_run_test	(/home/koga/autobench_perf/src/autobench/pntrch01_lite)
pntrch01_lite	83268	[013]	2604056.651717	205328	cpu/event=0xC0,umask=0x00/u	400b0e	t_run_test	(/home/koga/autobench_perf/src/autobench/pntrch01_lite)
pntrch01_lite	83268	[013]	2604056.651815	207360	cpu/event=0xC0,umask=0x00/u	400c39	t_run_test	(/home/koga/autobench_perf/src/autobench/pntrch01_lite)
pntrch01_lite	83268	[013]	2604056.651913	207974	cpu/event=0xC0,umask=0x00/u	400aea	t_run_test	(/home/koga/autobench_perf/src/autobench/pntrch01_lite)
pntrch01_lite	83268	[013]	2604056.652011	208460	cpu/event=0xC0,umask=0x00/u	400c57	t_run_test	(/home/koga/autobench_perf/src/autobench/pntrch01_lite)
pntrch01_lite	83268	[013]	2604056.652110	208956	cpu/event=0xC0,umask=0x00/u	400c57	t_run_test	(/home/koga/autobench_perf/src/autobench/pntrch01_lite)
pntrch01_lite	83268	[013]	2604056.652209	209253	cpu/event=0xC0,umask=0x00/u	400d9f	t_run_test	(/home/koga/autobench_perf/src/autobench/pntrch01_lite)
pntrch01_lite	83268	[013]	2604056.652308	209574	cpu/event=0xC0,umask=0x00/u	400c57	t_run_test	(/home/koga/autobench_perf/src/autobench/pntrch01_lite)
pntrch01_lite	83268	[013]	2604056.652402	209941	cpu/event=0xC0,umask=0x00/u	400ee7	t_run_test	(/home/koga/autobench_perf/src/autobench/pntrch01_lite)
pntrch01_lite	83268	[013]	2604056.652505	211631	cpu/event=0xC0,umask=0x00/u	400ee7	t_run_test	(/home/koga/autobench_perf/src/autobench/pntrch01_lite)
pntrch01_lite	83268	[013]	2604056.652605	210725	cpu/event=0xC0,umask=0x00/u	400c57	t_run_test	(/home/koga/autobench_perf/src/autobench/pntrch01_lite)
pntrch01_lite	83268	[013]	2604056.652699	210744	cpu/event=0xC0,umask=0x00/u	401011	t_run_test	(/home/koga/autobench_perf/src/autobench/pntrch01_lite)
pntrch01_lite	83268	[013]	2604056.652799	212308	cpu/event=0xC0,umask=0x00/u	400c39	t_run_test	(/home/koga/autobench_perf/src/autobench/pntrch01_lite)
pntrch01_lite	83268	[013]	2604056.652899	212555	cpu/event=0xC0,umask=0x00/u	400d81	t_run_test	(/home/koga/autobench_perf/src/autobench/pntrch01_lite)
pntrch01_lite	83268	[013]	2604056.652999	212552	cpu/event=0xC0,umask=0x00/u	40102f	t_run_test	(/home/koga/autobench_perf/src/autobench/pntrch01_lite)
pntrch01_lite	83268	[013]	2604056.653099	212439	cpu/event=0xC0,umask=0x00/u	400d9f	t_run_test	(/home/koga/autobench_perf/src/autobench/pntrch01_lite)
pntrch01_lite	83268	[013]	2604056.653199	212502	cpu/event=0xC0,umask=0x00/u	400aea	t_run_test	(/home/koga/autobench_perf/src/autobench/pntrch01_lite)
pntrch01_lite	83268	[013]	2604056.653299	212520	cpu/event=0xC0,umask=0x00/u	400ec9	t_run_test	(/home/koga/autobench_perf/src/autobench/pntrch01_lite)
pntrch01_lite	83268	[013]	2604056.653404	212525	cpu/event=0xC0,umask=0x00/u	400ee7	t_run_test	(/home/koga/autobench_perf/src/autobench/pntrch01_lite)
pntrch01_lite	83268	[013]	2604056.653503	211307	cpu/event=0xC0,umask=0x00/u	400c57	t_run_test	(/home/koga/autobench_perf/src/autobench/pntrch01_lite)
pntrch01_lite	83268	[013]	2604056.653594	211338	cpu/event=0xC0,umask=0x00/u	401022	t_run_test	(/home/koga/autobench_perf/src/autobench/pntrch01_lite)
pntrch01_lite	83268	[013]	2604056.653693	214158	cpu/event=0xC0,umask=0x00/u	400ee7	t_run_test	(/home/koga/autobench_perf/src/autobench/pntrch01_lite)
pntrch01_lite	83268	[013]	2604056.653794	214269	cpu/event=0xC0,umask=0x00/u	401011	t_run_test	(/home/koga/autobench_perf/src/autobench/pntrch01_lite)
pntrch01_lite	83268	[013]	2604056.653895	214043	cpu/event=0xC0,umask=0x00/u	400c57	t_run_test	(/home/koga/autobench_perf/src/autobench/pntrch01_lite)
pntrch01_lite	83268	[013]	2604056.653995	213904	cpu/event=0xC0,umask=0x00/u	400b0e	t_run_test	(/home/koga/autobench_perf/src/autobench/pntrch01_lite)
pntrch01_lite	83268	[013]	2604056.654096	213743	cpu/event=0xC0,umask=0x00/u	400c4a	t_run_test	(/home/koga/autobench_perf/src/autobench/pntrch01_lite)
pntrch01_lite	83268	[013]	2604056.654215	212937	cpu/event=0xC0,umask=0x00/u	401011	t_run_test	(/home/koga/autobench_perf/src/autobench/pntrch01_lite)
pntrch01_lite	83268	[013]	2604056.654315	208765	cpu/event=0xC0,umask=0x00/u	400c57	t_run_test	(/home/koga/autobench_perf/src/autobench/pntrch01_lite)
pntrch01_lite	83268	[013]	2604056.654409	208757	cpu/event=0xC0,umask=0x00/u	401011	t_run_test	(/home/koga/autobench_perf/src/autobench/pntrch01_lite)
pntrch01_lite	83268	[013]	2604056.654508	210347	cpu/event=0xC0,umask=0x00/u	401011	t_run_test	(/home/koga/autobench_perf/src/autobench/pntrch01_lite)
pntrch01_lite	83268	[013]	2604056.654608	210621	cpu/event=0xC0,umask=0x00/u	400d92	t_run_test	(/home/koga/autobench_perf/src/autobench/pntrch01_lite)
pntrch01_lite	83268	[013]	2604056.654711	210697	cpu/event=0xC0,umask=0x00/u	400ee7	t_run_test	(/home/koga/autobench_perf/src/autobench/pntrch01_lite)
pntrch01_lite	83268	[013]	2604056.654811	209718	cpu/event=0xC0,umask=0x00/u	400d9f	t_run_test	(/home/koga/autobench_perf/src/autobench/pntrch01_lite)
pntrch01_lite	83268	[013]	2604056.654910	209928	cpu/event=0xC0,umask=0x00/u	40102f	t_run_test	(/home/koga/autobench_perf/src/autobench/pntrch01_lite)
pntrch01_lite	83268	[013]	2604056.655004	210156	cpu/event=0xC0,umask=0x00/u	401022	t_run_test	(/home/koga/autobench_perf/src/autobench/pntrch01_lite)
pntrch01_lite	83268	[013]	2604056.655098	211718	cpu/event=0xC0,umask=0x00/u	400b0e	t_run_test	(/home/koga/autobench_perf/src/autobench/pntrch01_lite)
pntrch01_lite	83268	[013]	2604056.655193	213419	cpu/event=0xC0,umask=0x00/u	400aff	t_run_test	(/home/koga/autobench_perf/src/autobench/pntrch01_lite)
pntrch01_lite	83268	[013]	2604056.655298	214811	cpu/event=0xC0,umask=0x00/u	400ec9	t_run_test	(/home/koga/autobench_perf/src/autobench/pntrch01_lite)
pntrch01_lite	83268	[013]	2604056.655403	213556	cpu/event=0xC0,umask=0x00/u	400eda	t_run_test	(/home/koga/autobench_perf/src/autobench/pntrch01_lite)
pntrch01_lite	83268	[013]	2604056.655499	212250	cpu/event=0xC0,umask=0x00/u	400b0e	t_run_test	(/home/koga/autobench_perf/src/autobench/pntrch01_lite)
pntrch01_lite	83268	[013]	2604056.655598	213571	cpu/event=0xC0,umask=0x00/u	400d81	t_run_test	(/home/koga/autobench_perf/src/autobench/pntrch01_lite)
pntrch01_lite	83268	[013]	2604056.655704	213635	cpu/event=0xC0,umask=0x00/u	401011	t_run_test	(/home/koga/autobench_perf/src/autobench/pntrch01_lite)
pntrch01_lite	83268	[013]	2604056.655794	212277	cpu/event=0xC0,umask=0x00/u	400d81	t_run_test	(/home/koga/autobench_perf/src/autobench/pntrch01_lite)
pntrch01_lite	83268	[013]	2604056.655894	214979	cpu/event=0xC0,umask=0x00/u	400b0e	t_run_test	(/home/koga/autobench_perf/src/autobench/pntrch01_lite)
pntrch01_lite	83268	[013]	2604056.656000	215112	cpu/event=0xC0,umask=0x00/u	400ee7	t_run_test	(/home/koga/autobench_perf/src/autobench/pntrch01_lite)
pntrch01_lite	83268	[013]	2604056.656101	213624	cpu/event=0xC0,umask=0x00/u	401011	t_run_test	(/home/koga/autobench_perf/src/autobench/pntrch01_lite)
pntrch01_lite	83268	[013]	2604056.656201	213343	cpu/event=0xC0,umask=0x00/u	400ec9	t_run_test	(/home/koga/autobench_perf/src/autobench/pntrch01_lite)
pntrch01_lite	83268	[013]	2604056.656292	213327	cpu/event=0xC0,umask=0x00/u	400c57	t_run_test	(/home/koga/autobench_perf/src/autobench/pntrch01_lite)
pntrch01_lite	83268	[013]	2604056.656392	216041	cpu/event=0xC0,umask=0x00/u	400b0e	t_run_test	(/home/koga/autobench_perf/src/autobench/pntrch01_lite)
pntrch01_lite	83268	[013]	2604056.656490	216028	cpu/event=0xC0,umask=0x00/u	400d81	t_run_test	(/home/koga/autobench_perf/src/autobench/pntrch01_lite)
pntrch01_lite	83268	[013]	2604056.656595	216634	cpu/event=0xC0,umask=0x00/u	401011	t_run_test	(/home/koga/autobench_perf/src/autobench/pntrch01_lite)
pntrch01_lite	83268	[013]	2604056.656696	215317	cpu/event=0xC0,umask=0x00/u	400ee7	t_run_test	(/home/koga/autobench_perf/src/autobench/pntrch01_lite)
pntrch01_lite	83268	[013]	2604056.656797	214996	cpu/event=0xC0,umask=0x00/u	400aea	t_run_test	(/home/koga/autobench_perf/src/autobench/pntrch01_lite)
pntrch01_lite	83268	[013]	2604056.656898	214691	cpu/event=0xC0,umask=0x00/u	400ee7	t_run_test	(/home/koga/autobench_perf/src/autobench/pntrch01_lite)
pntrch01_lite	83268	[013]	2604056.656994	214484	cpu/event=0xC0,umask=0x00/u	400b0e	t_run_test	(/home/koga/autobench_perf/src/autobench/pntrch01_lite)
pntrch01_lite	83268	[013]	2604056.657094	215646	cpu/event=0xC0,umask=0x00/u	400aff	t_run_test	(/home/koga/autobench_perf/src/autobench/pntrch01_lite)
pntrch01_lite	83268	[013]	2604056.657195	215490	cpu/event=0xC0,umask=0x00/u	400ee7	t_run_test	(/home/koga/autobench_perf/src/autobench/pntrch01_lite)
pntrch01_lite	83268	[013]	2604056.657301	215220	cpu/event=0xC0,umask=0x00/u	401022	t_run_test	(/home/koga/autobench_perf/src/autobench/pntrch01_lite)
pntrch01_lite	83268	[013]	2604056.657401	213819	cpu/event=0xC0,umask=0x00/u	400d9f	t_run_test	(/home/koga/autobench_perf/src/autobench/pntrch01_lite)
pntrch01_lite	83268	[013]	2604056.657502	213721	cpu/event=0xC0,umask=0x00/u	400ee7	t_run_test	(/home/koga/autobench_perf/src/autobench/pntrch01_lite)
pntrch01_lite	83268	[013]	2604056.657602	213573	cpu/event=0xC0,umask=0x00/u	400c57	t_run_test	(/home/koga/autobench_perf/src/autobench/pntrch01_lite)
pntrch01_lite	83268	[013]	2604056.657693	213406	cpu/event=0xC0,umask=0x00/u	401022	t_run_test	(/home/koga/autobench_perf/src/autobench/pntrch01_lite)
pntrch01_lite	83268	[013]	2604056.657793	216142	cpu/event=0xC0,umask=0x00/u	400d9f	t_run_test	(/home/koga/autobench_perf/src/autobench/pntrch01_lite)
pntrch01_lite	83268	[013]	2604056.657899	216134	cpu/event=0xC0,umask=0x00/u	400aea	t_run_test	(/home/koga/autobench_perf/src/autobench/pntrch01_lite)
pntrch01_lite	83268	[013]	2604056.658000	214625	cpu/event=0xC0,umask=0x00/u	400c46	t_run_test	(/home/koga/autobench_perf/src/autobench/pntrch01_lite)
pntrch01_lite	83268	[013]	2604056.658100	214332	cpu/event=0xC0,umask=0x00/u	400aea	t_run_test	(/home/koga/autobench_perf/src/autobench/pntrch01_lite)
pntrch01_lite	83268	[013]	2604056.658215	214167	cpu/event=0xC0,umask=0x00/u	401011	t_run_test	(/home/koga/autobench_perf/src/autobench/pntrch01_lite)
pntrch01_lite	83268	[013]	2604056.658311	210712	cpu/event=0xC0,umask=0x00/u	400ec9	t_run_test	(/home/koga/autobench_perf/src/autobench/pntrch01_lite)
pntrch01_lite	83268	[013]	2604056.658411	211877	cpu/event=0xC0,umask=0x00/u	400ec9	t_run_test	(/home/koga/autobench_perf/src/autobench/pntrch01_lite)
pntrch01_lite	83268	[013]	2604056.658515	211969	cpu/event=0xC0,umask=0x00/u	400b0e	t_run_test	(/home/koga/autobench_perf/src/autobench/pntrch01_lite)
pntrch01_lite	83268	[013]	2604056.658615	210909	cpu/event=0xC0,umask=0x00/u	400ee7	t_run_test	(/home/koga/autobench_perf/src/autobench/pntrch01_lite)
pntrch01_lite	83268	[013]	2604056.658715	210915	cpu/event=0xC0,umask=0x00/u	400ec9	t_run_test	(/home/koga/autobench_perf/src/autobench/pntrch01_lite)
pntrch01_lite	83268	[013]	2604056.658814	210978	cpu/event=0xC0,umask=0x00/u	400d9f	t_run_test	(/home/koga/autobench_perf/src/autobench/pntrch01_lite)
pntrch01_lite	83268	[013]	2604056.658909	211106	cpu/event=0xC0,umask=0x00/u	400ee7	t_run_test	(/home/koga/autobench_perf/src/autobench/pntrch01_lite)
pntrch01_lite	83268	[013]	2604056.659003	212612	cpu/event=0xC0,umask=0x00/u	400d9f	t_run_test	(/home/koga/autobench_perf/src/autobench/pntrch01_lite)
pntrch01_lite	83268	[013]	2604056.659103	214095	cpu/event=0xC0,umask=0x00/u	400d9f	t_run_test	(/home/koga/autobench_perf/src/autobench/pntrch01_lite)
pntrch01_lite	83268	[013]	2604056.659213	214102	cpu/event=0xC0,umask=0x00/u	400c4a	t_run_test	(/home/koga/autobench_perf/src/autobench/pntrch01_lite)
pntrch01_lite	83268	[013]	2604056.659309	211717	cpu/event=0xC0,umask=0x00/u	400ee7	t_run_test	(/home/koga/autobench_perf/src/autobench/pntrch01_lite)
pntrch01_lite	83268	[013]	2604056.659408	212967	cpu/event=0xC0,umask=0x00/u	400d92	t_run_test	(/home/koga/autobench_perf/src/autobench/pntrch01_lite)
pntrch01_lite	83268	[013]	2604056.659508	213102	cpu/event=0xC0,umask=0x00/u	40102f	t_run_test	(/home/koga/autobench_perf/src/autobench/pntrch01_lite)
pntrch01_lite	83268	[013]	2604056.659603	213023	cpu/event=0xC0,umask=0x00/u	400b0e	t_run_test	(/home/koga/autobench_perf/src/autobench/pntrch01_lite)
pntrch01_lite	83268	[013]	2604056.659703	214407	cpu/event=0xC0,umask=0x00/u	400d9f	t_run_test	(/home/koga/autobench_perf/src/autobench/pntrch01_lite)
pntrch01_lite	83268	[013]	2604056.659809	214457	cpu/event=0xC0,umask=0x00/u	400ee7	t_run_test	(/home/koga/autobench_perf/src/autobench/pntrch01_lite)
pntrch01_lite	83268	[013]	2604056.659910	213079	cpu/event=0xC0,umask=0x00/u	400d75	t_run_test	(/home/koga/autobench_perf/src/autobench/pntrch01_lite)
pntrch01_lite	83268	[013]	2604056.660010	212846	cpu/event=0xC0,umask=0x00/u	400b0e	t_run_test	(/home/koga/autobench_perf/src/autobench/pntrch01_lite)
pntrch01_lite	83268	[013]	2604056.660109	212824	cpu/event=0xC0,umask=0x00/u	401260	t_run_test	(/home/koga/autobench_perf/src/autobench/pntrch01_lite)
pntrch01_lite	83268	[013]	2604056.660209	212904	cpu/event=0xC0,umask=0x00/u	401011	t_run_test	(/home/koga/autobench_perf/src/autobench/pntrch01_lite)
pntrch01_lite	83268	[013]	2604056.660305	212953	cpu/event=0xC0,umask=0x00/u	400c4a	t_run_test	(/home/koga/autobench_perf/src/autobench/pntrch01_lite)
pntrch01_lite	83268	[013]	2604056.660405	214140	cpu/event=0xC0,umask=0x00/u	40102f	t_run_test	(/home/koga/autobench_perf/src/autobench/pntrch01_lite)
pntrch01_lite	83268	[013]	2604056.660507	214149	cpu/event=0xC0,umask=0x00/u	401260	t_run_test	(/home/koga/autobench_perf/src/autobench/pntrch01_lite)
pntrch01_lite	83268	[013]	2604056.660607	213673	cpu/event=0xC0,umask=0x00/u	400c57	t_run_test	(/home/koga/autobench_perf/src/autobench/pntrch01_lite)
pntrch01_lite	83268	[013]	2604056.660708	213515	cpu/event=0xC0,umask=0x00/u	400c4a	t_run_test	(/home/koga/autobench_perf/src/autobench/pntrch01_lite)
pntrch01_lite	83268	[013]	2604056.660799	213424	cpu/event=0xC0,umask=0x00/u	400b0e	t_run_test	(/home/koga/autobench_perf/src/autobench/pntrch01_lite)
pntrch01_lite	83268	[013]	2604056.660899	216066	cpu/event=0xC0,umask=0x00/u	400eda	t_run_test	(/home/koga/autobench_perf/src/autobench/pntrch01_lite)
pntrch01_lite	83268	[013]	2604056.661000	216087	cpu/event=0xC0,umask=0x00/u	400ec9	t_run_test	(/home/koga/autobench_perf/src/autobench/pntrch01_lite)
pntrch01_lite	83268	[013]	2604056.661106	215775	cpu/event=0xC0,umask=0x00/u	40102f	t_run_test	(/home/koga/autobench_perf/src/autobench/pntrch01_lite)
pntrch01_lite	83268	[013]	2604056.661206	214240	cpu/event=0xC0,umask=0x00/u	400c57	t_run_test	(/home/koga/autobench_perf/src/autobench/pntrch01_lite)
pntrch01_lite	83268	[013]	2604056.661307	214076	cpu/event=0xC0,umask=0x00/u	400b0e	t_run_test	(/home/koga/autobench_perf/src/autobench/pntrch01_lite)
pntrch01_lite	83268	[013]	2604056.661408	213960	cpu/event=0xC0,umask=0x00/u	400c57	t_run_test	(/home/koga/autobench_perf/src/autobench/pntrch01_lite)
pntrch01_lite	83268	[013]	2604056.661508	213749	cpu/event=0xC0,umask=0x00/u	400aff	t_run_test	(/home/koga/autobench_perf/src/autobench/pntrch01_lite)
pntrch01_lite	83268	[013]	2604056.661604	213631	cpu/event=0xC0,umask=0x00/u	400d81	t_run_test	(/home/koga/autobench_perf/src/autobench/pntrch01_lite)
pntrch01_lite	83268	[013]	2604056.661699	214917	cpu/event=0xC0,umask=0x00/u	400c57	t_run_test	(/home/koga/autobench_perf/src/autobench/pntrch01_lite)
pntrch01_lite	83268	[013]	2604056.661809	216189	cpu/event=0xC0,umask=0x00/u	40102f	t_run_test	(/home/koga/autobench_perf/src/autobench/pntrch01_lite)
pntrch01_lite	83268	[013]	2604056.661910	213747	cpu/event=0xC0,umask=0x00/u	400b0e	t_run_test	(/home/koga/autobench_perf/src/autobench/pntrch01_lite)
pntrch01_lite	83268	[013]	2604056.662001	213545	cpu/event=0xC0,umask=0x00/u	400ec9	t_run_test	(/home/koga/autobench_perf/src/autobench/pntrch01_lite)
pntrch01_lite	83268	[013]	2604056.662101	216253	cpu/event=0xC0,umask=0x00/u	401005	t_run_test	(/home/koga/autobench_perf/src/autobench/pntrch01_lite)
pntrch01_lite	83268	[013]	2604056.662218	215868	cpu/event=0xC0,umask=0x00/u	400d9f	t_run_test	(/home/koga/autobench_perf/src/autobench/pntrch01_lite)
pntrch01_lite	83268	[013]	2604056.662318	211906	cpu/event=0xC0,umask=0x00/u	400c57	t_run_test	(/home/koga/autobench_perf/src/autobench/pntrch01_lite)
pntrch01_lite	83268	[013]	2604056.662409	211769	cpu/event=0xC0,umask=0x00/u	400ec9	t_run_test	(/home/koga/autobench_perf/src/autobench/pntrch01_lite)
pntrch01_lite	83268	[013]	2604056.662509	214586	cpu/event=0xC0,umask=0x00/u	400c57	t_run_test	(/home/koga/autobench_perf/src/autobench/pntrch01_lite)
pntrch01_lite	83268	[013]	2604056.662618	214631	cpu/event=0xC0,umask=0x00/u	400d9f	t_run_test	(/home/koga/autobench_perf/src/autobench/pntrch01_lite)
pntrch01_lite	83268	[013]	2604056.662714	212250	cpu/event=0xC0,umask=0x00/u	400c57	t_run_test	(/home/koga/autobench_perf/src/autobench/pntrch01_lite)
pntrch01_lite	83268	[013]	2604056.662814	213391	cpu/event=0xC0,umask=0x00/u	401011	t_run_test	(/home/koga/autobench_perf/src/autobench/pntrch01_lite)
pntrch01_lite	83268	[013]	2604056.662914	213449	cpu/event=0xC0,umask=0x00/u	400ee7	t_run_test	(/home/koga/autobench_perf/src/autobench/pntrch01_lite)
pntrch01_lite	83268	[013]	2604056.663019	213431	cpu/event=0xC0,umask=0x00/u	401011	t_run_test	(/home/koga/autobench_perf/src/autobench/pntrch01_lite)
pntrch01_lite	83268	[013]	2604056.663114	212175	cpu/event=0xC0,umask=0x00/u	400aea	t_run_test	(/home/koga/autobench_perf/src/autobench/pntrch01_lite)
pntrch01_lite	83268	[013]	2604056.663209	213477	cpu/event=0xC0,umask=0x00/u	40102f	t_run_test	(/home/koga/autobench_perf/src/autobench/pntrch01_lite)
pntrch01_lite	83268	[013]	2604056.663310	214899	cpu/event=0xC0,umask=0x00/u	401011	t_run_test	(/home/koga/autobench_perf/src/autobench/pntrch01_lite)
pntrch01_lite	83268	[013]	2604056.663411	214611	cpu/event=0xC0,umask=0x00/u	40102f	t_run_test	(/home/koga/autobench_perf/src/autobench/pntrch01_lite)
pntrch01_lite	83268	[013]	2604056.663507	214488	cpu/event=0xC0,umask=0x00/u	400c39	t_run_test	(/home/koga/autobench_perf/src/autobench/pntrch01_lite)
pntrch01_lite	83268	[013]	2604056.663607	215687	cpu/event=0xC0,umask=0x00/u	400b0e	t_run_test	(/home/koga/autobench_perf/src/autobench/pntrch01_lite)
pntrch01_lite	83268	[013]	2604056.663708	215563	cpu/event=0xC0,umask=0x00/u	400c4a	t_run_test	(/home/koga/autobench_perf/src/autobench/pntrch01_lite)
pntrch01_lite	83268	[013]	2604056.663805	215234	cpu/event=0xC0,umask=0x00/u	400b0e	t_run_test	(/home/koga/autobench_perf/src/autobench/pntrch01_lite)
pntrch01_lite	83268	[013]	2604056.663906	216043	cpu/event=0xC0,umask=0x00/u	400d9f	t_run_test	(/home/koga/autobench_perf/src/autobench/pntrch01_lite)
pntrch01_lite	83268	[013]	2604056.664002	215976	cpu/event=0xC0,umask=0x00/u	400d92	t_run_test	(/home/koga/autobench_perf/src/autobench/pntrch01_lite)
pntrch01_lite	83268	[013]	2604056.664103	216947	cpu/event=0xC0,umask=0x00/u	400c57	t_run_test	(/home/koga/autobench_perf/src/autobench/pntrch01_lite)
pntrch01_lite	83268	[013]	2604056.664209	216613	cpu/event=0xC0,umask=0x00/u	400c39	t_run_test	(/home/koga/autobench_perf/src/autobench/pntrch01_lite)
pntrch01_lite	83268	[013]	2604056.664311	215118	cpu/event=0xC0,umask=0x00/u	400b0e	t_run_test	(/home/koga/autobench_perf/src/autobench/pntrch01_lite)
pntrch01_lite	83268	[013]	2604056.664412	214706	cpu/event=0xC0,umask=0x00/u	400d9f	t_run_test	(/home/koga/autobench_perf/src/autobench/pntrch01_lite)
pntrch01_lite	83268	[013]	2604056.664513	214439	cpu/event=0xC0,umask=0x00/u	40102f	t_run_test	(/home/koga/autobench_perf/src/autobench/pntrch01_lite)
pntrch01_lite	83268	[013]	2604056.664613	214094	cpu/event=0xC0,umask=0x00/u	400ee7	t_run_test	(/home/koga/autobench_perf/src/autobench/pntrch01_lite)
pntrch01_lite	83268	[013]	2604056.664714	213994	cpu/event=0xC0,umask=0x00/u	400c57	t_run_test	(/home/koga/autobench_perf/src/autobench/pntrch01_lite)
pntrch01_lite	83268	[013]	2604056.664810	213863	cpu/event=0xC0,umask=0x00/u	40102f	t_run_test	(/home/koga/autobench_perf/src/autobench/pntrch01_lite)
pntrch01_lite	83268	[013]	2604056.664915	215011	cpu/event=0xC0,umask=0x00/u	401011	t_run_test	(/home/koga/autobench_perf/src/autobench/pntrch01_lite)
pntrch01_lite	83268	[013]	2604056.665011	213673	cpu/event=0xC0,umask=0x00/u	400ec9	t_run_test	(/home/koga/autobench_perf/src/autobench/pntrch01_lite)
pntrch01_lite	83268	[013]	2604056.665111	214810	cpu/event=0xC0,umask=0x00/u	400d9f	t_run_test	(/home/koga/autobench_perf/src/autobench/pntrch01_lite)
pntrch01_lite	83268	[013]	2604056.665209	214753	cpu/event=0xC0,umask=0x00/u	400d9f	t_run_test	(/home/koga/autobench_perf/src/autobench/pntrch01_lite)
pntrch01_lite	83268	[013]	2604056.665305	215426	cpu/event=0xC0,umask=0x00/u	400d9f	t_run_test	(/home/koga/autobench_perf/src/autobench/pntrch01_lite)
pntrch01_lite	83268	[013]	2604056.665410	216511	cpu/event=0xC0,umask=0x00/u	401011	t_run_test	(/home/koga/autobench_perf/src/autobench/pntrch01_lite)
pntrch01_lite	83268	[013]	2604056.665512	215157	cpu/event=0xC0,umask=0x00/u	401011	t_run_test	(/home/koga/autobench_perf/src/autobench/pntrch01_lite)
pntrch01_lite	83268	[013]	2604056.665613	214787	cpu/event=0xC0,umask=0x00/u	400b0e	t_run_test	(/home/koga/autobench_perf/src/autobench/pntrch01_lite)
pntrch01_lite	83268	[013]	2604056.665713	214512	cpu/event=0xC0,umask=0x00/u	400ec9	t_run_test	(/home/koga/autobench_perf/src/autobench/pntrch01_lite)
pntrch01_lite	83268	[013]	2604056.665814	214300	cpu/event=0xC0,umask=0x00/u	400b0e	t_run_test	(/home/koga/autobench_perf/src/autobench/pntrch01_lite)
pntrch01_lite	83268	[013]	2604056.665914	214216	cpu/event=0xC0,umask=0x00/u	400aea	t_run_test	(/home/koga/autobench_perf/src/autobench/pntrch01_lite)
pntrch01_lite	83268	[013]	2604056.666015	214031	cpu/event=0xC0,umask=0x00/u	400ee7	t_run_test	(/home/koga/autobench_perf/src/autobench/pntrch01_lite)
pntrch01_lite	83268	[013]	2604056.666116	213852	cpu/event=0xC0,umask=0x00/u	401011	t_run_test	(/home/koga/autobench_perf/src/autobench/pntrch01_lite)
pntrch01_lite	83268	[013]	2604056.666217	213757	cpu/event=0xC0,umask=0x00/u	400c39	t_run_test	(/home/koga/autobench_perf/src/autobench/pntrch01_lite)
pntrch01_lite	83268	[013]	2604056.666317	213440	cpu/event=0xC0,umask=0x00/u	400d9f	t_run_test	(/home/koga/autobench_perf/src/autobench/pntrch01_lite)
pntrch01_lite	83268	[013]	2604056.666423	213258	cpu/event=0xC0,umask=0x00/u	400aff	t_run_test	(/home/koga/autobench_perf/src/autobench/pntrch01_lite)
pntrch01_lite	83268	[013]	2604056.666523	211968	cpu/event=0xC0,umask=0x00/u	40102f	t_run_test	(/home/koga/autobench_perf/src/autobench/pntrch01_lite)
pntrch01_lite	83268	[013]	2604056.666623	211877	cpu/event=0xC0,umask=0x00/u	400c57	t_run_test	(/home/koga/autobench_perf/src/autobench/pntrch01_lite)
pntrch01_lite	83268	[013]	2604056.666723	211967	cpu/event=0xC0,umask=0x00/u	400d9f	t_run_test	(/home/koga/autobench_perf/src/autobench/pntrch01_lite)
pntrch01_lite	83268	[013]	2604056.666823	211958	cpu/event=0xC0,umask=0x00/u	40102f	t_run_test	(/home/koga/autobench_perf/src/autobench/pntrch01_lite)
pntrch01_lite	83268	[013]	2604056.666922	211918	cpu/event=0xC0,umask=0x00/u	400d81	t_run_test	(/home/koga/autobench_perf/src/autobench/pntrch01_lite)
pntrch01_lite	83268	[013]	2604056.667017	212029	cpu/event=0xC0,umask=0x00/u	400aea	t_run_test	(/home/koga/autobench_perf/src/autobench/pntrch01_lite)
pntrch01_lite	83268	[013]	2604056.667117	213438	cpu/event=0xC0,umask=0x00/u	400ee7	t_run_test	(/home/koga/autobench_perf/src/autobench/pntrch01_lite)
pntrch01_lite	83268	[013]	2604056.667222	213491	cpu/event=0xC0,umask=0x00/u	400ec9	t_run_test	(/home/koga/autobench_perf/src/autobench/pntrch01_lite)
pntrch01_lite	83268	[013]	2604056.667373	212231	cpu/event=0xC0,umask=0x00/u	40118f	t_run_test	(/home/koga/autobench_perf/src/autobench/pntrch01_lite)
